ts,instrument,strike,expiry,ltp,oi
2026-01-07 09:15:00+05:30,NIFTY2621026400CE,26400.0,2026-02-10,412.9,
2026-01-07 09:15:01+05:30,NIFTY2621026400CE,26400.0,2026-02-10,412.9,
2026-01-07 09:15:02+05:30,NIFTY2621026400CE,26400.0,2026-02-10,412.9,
2026-01-07 09:15:03+05:30,NIFTY2621026400CE,26400.0,2026-02-10,412.9,
2026-01-07 09:15:04+05:30,NIFTY2621026400CE,26400.0,2026-02-10,412.9,
2026-01-07 09:15:05+05:30,NIFTY2621026400CE,26400.0,2026-02-10,412.9,
2026-01-07 09:15:06+05:30,NIFTY2621026400CE,26400.0,2026-02-10,412.9,
2026-01-07 09:15:07+05:30,NIFTY2621026400CE,26400.0,2026-02-10,412.9,
2026-01-07 09:15:08+05:30,NIFTY2621026400CE,26400.0,2026-02-10,412.9,
2026-01-07 09:15:09+05:30,NIFTY2621026400CE,26400.0,2026-02-10,412.9,
2026-01-07 09:15:10+05:30,NIFTY2621026400CE,26400.0,2026-02-10,412.9,
2026-01-07 09:15:11+05:30,NIFTY2621026400CE,26400.0,2026-02-10,412.9,
2026-01-07 09:15:12+05:30,NIFTY2621026400CE,26400.0,2026-02-10,412.9,
2026-01-07 09:15:13+05:30,NIFTY2621026400CE,26400.0,2026-02-10,412.9,
2026-01-07 09:15:14+05:30,NIFTY2621026400CE,26400.0,2026-02-10,412.9,
2026-01-07 09:15:15+05:30,NIFTY2621026400CE,26400.0,2026-02-10,412.9,
2026-01-07 09:15:16+05:30,NIFTY2621026400CE,26400.0,2026-02-10,412.9,
2026-01-07 09:15:17+05:30,NIFTY2621026400CE,26400.0,2026-02-10,412.9,
2026-01-07 09:15:18+05:30,NIFTY2621026400CE,26400.0,2026-02-10,412.9,
2026-01-07 09:15:19+05:30,NIFTY2621026400CE,26400.0,2026-02-10,412.9,
2026-01-07 09:15:20+05:30,NIFTY2621026400CE,26400.0,2026-02-10,412.9,
2026-01-07 09:15:21+05:30,NIFTY2621026400CE,26400.0,2026-02-10,412.9,
2026-01-07 09:15:22+05:30,NIFTY2621026400CE,26400.0,2026-02-10,412.9,
2026-01-07 09:15:23+05:30,NIFTY2621026400CE,26400.0,2026-02-10,412.9,
2026-01-07 09:15:24+05:30,NIFTY2621026400CE,26400.0,2026-02-10,412.9,
2026-01-07 09:15:25+05:30,NIFTY2621026400CE,26400.0,2026-02-10,412.9,
2026-01-07 09:15:26+05:30,NIFTY2621026400CE,26400.0,2026-02-10,412.9,
2026-01-07 09:15:27+05:30,NIFTY2621026400CE,26400.0,2026-02-10,412.9,
2026-01-07 09:15:28+05:30,NIFTY2621026400CE,26400.0,2026-02-10,412.9,
2026-01-07 09:15:29+05:30,NIFTY2621026400CE,26400.0,2026-02-10,412.9,
2026-01-07 09:15:30+05:30,NIFTY2621026400CE,26400.0,2026-02-10,412.9,
2026-01-07 09:15:31+05:30,NIFTY2621026400CE,26400.0,2026-02-10,412.9,
2026-01-07 09:15:32+05:30,NIFTY2621026400CE,26400.0,2026-02-10,412.9,
2026-01-07 09:15:33+05:30,NIFTY2621026400CE,26400.0,2026-02-10,412.9,
2026-01-07 09:15:34+05:30,NIFTY2621026400CE,26400.0,2026-02-10,412.9,
2026-01-07 09:15:35+05:30,NIFTY2621026400CE,26400.0,2026-02-10,412.9,
2026-01-07 09:15:36+05:30,NIFTY2621026400CE,26400.0,2026-02-10,412.9,
2026-01-07 09:15:37+05:30,NIFTY2621026400CE,26400.0,2026-02-10,412.9,
2026-01-07 09:15:38+05:30,NIFTY2621026400CE,26400.0,2026-02-10,412.9,
2026-01-07 09:15:39+05:30,NIFTY2621026400CE,26400.0,2026-02-10,412.9,
2026-01-07 09:15:40+05:30,NIFTY2621026400CE,26400.0,2026-02-10,412.9,
2026-01-07 09:15:41+05:30,NIFTY2621026400CE,26400.0,2026-02-10,412.9,
2026-01-07 09:15:42+05:30,NIFTY2621026400CE,26400.0,2026-02-10,412.9,
2026-01-07 09:15:43+05:30,NIFTY2621026400CE,26400.0,2026-02-10,412.9,
2026-01-07 09:15:44+05:30,NIFTY2621026400CE,26400.0,2026-02-10,412.9,
2026-01-07 09:15:45+05:30,NIFTY2621026400CE,26400.0,2026-02-10,412.9,
2026-01-07 09:15:46+05:30,NIFTY2621026400CE,26400.0,2026-02-10,412.9,
2026-01-07 09:15:47+05:30,NIFTY2621026400CE,26400.0,2026-02-10,412.9,
2026-01-07 09:15:48+05:30,NIFTY2621026400CE,26400.0,2026-02-10,412.9,
2026-01-07 09:15:49+05:30,NIFTY2621026400CE,26400.0,2026-02-10,412.9,
2026-01-07 09:15:50+05:30,NIFTY2621026400CE,26400.0,2026-02-10,412.9,
2026-01-07 09:15:51+05:30,NIFTY2621026400CE,26400.0,2026-02-10,412.9,
2026-01-07 09:15:52+05:30,NIFTY2621026400CE,26400.0,2026-02-10,412.9,
2026-01-07 09:15:53+05:30,NIFTY2621026400CE,26400.0,2026-02-10,412.9,
2026-01-07 09:15:54+05:30,NIFTY2621026400CE,26400.0,2026-02-10,412.9,
2026-01-07 09:15:55+05:30,NIFTY2621026400CE,26400.0,2026-02-10,412.9,
2026-01-07 09:15:56+05:30,NIFTY2621026400CE,26400.0,2026-02-10,412.9,
2026-01-07 09:15:57+05:30,NIFTY2621026400CE,26400.0,2026-02-10,412.9,
2026-01-07 09:15:58+05:30,NIFTY2621026400CE,26400.0,2026-02-10,412.9,
2026-01-07 09:15:59+05:30,NIFTY2621026400CE,26400.0,2026-02-10,412.9,
2026-01-07 09:16:00+05:30,NIFTY2621026400CE,26400.0,2026-02-10,412.9,
2026-01-07 09:16:01+05:30,NIFTY2621026400CE,26400.0,2026-02-10,412.9,
2026-01-07 09:16:02+05:30,NIFTY2621026400CE,26400.0,2026-02-10,412.9,
2026-01-07 09:16:03+05:30,NIFTY2621026400CE,26400.0,2026-02-10,412.9,
2026-01-07 09:16:04+05:30,NIFTY2621026400CE,26400.0,2026-02-10,412.9,
2026-01-07 09:16:05+05:30,NIFTY2621026400CE,26400.0,2026-02-10,412.9,
2026-01-07 09:16:06+05:30,NIFTY2621026400CE,26400.0,2026-02-10,412.9,
2026-01-07 09:16:07+05:30,NIFTY2621026400CE,26400.0,2026-02-10,412.9,
2026-01-07 09:16:08+05:30,NIFTY2621026400CE,26400.0,2026-02-10,412.9,
2026-01-07 09:16:09+05:30,NIFTY2621026400CE,26400.0,2026-02-10,412.9,
2026-01-07 09:16:10+05:30,NIFTY2621026400CE,26400.0,2026-02-10,412.9,
2026-01-07 09:16:11+05:30,NIFTY2621026400CE,26400.0,2026-02-10,412.9,
2026-01-07 09:16:12+05:30,NIFTY2621026400CE,26400.0,2026-02-10,412.9,
2026-01-07 09:16:13+05:30,NIFTY2621026400CE,26400.0,2026-02-10,412.9,
2026-01-07 09:16:14+05:30,NIFTY2621026400CE,26400.0,2026-02-10,412.9,
2026-01-07 09:16:15+05:30,NIFTY2621026400CE,26400.0,2026-02-10,412.9,
2026-01-07 09:16:16+05:30,NIFTY2621026400CE,26400.0,2026-02-10,412.9,
2026-01-07 09:16:17+05:30,NIFTY2621026400CE,26400.0,2026-02-10,412.9,
2026-01-07 09:16:18+05:30,NIFTY2621026400CE,26400.0,2026-02-10,412.9,
2026-01-07 09:16:19+05:30,NIFTY2621026400CE,26400.0,2026-02-10,412.9,
2026-01-07 09:16:20+05:30,NIFTY2621026400CE,26400.0,2026-02-10,412.9,
2026-01-07 09:16:21+05:30,NIFTY2621026400CE,26400.0,2026-02-10,412.9,
2026-01-07 09:16:22+05:30,NIFTY2621026400CE,26400.0,2026-02-10,412.9,
2026-01-07 09:16:23+05:30,NIFTY2621026400CE,26400.0,2026-02-10,412.9,
2026-01-07 09:16:24+05:30,NIFTY2621026400CE,26400.0,2026-02-10,412.9,
2026-01-07 09:16:25+05:30,NIFTY2621026400CE,26400.0,2026-02-10,412.9,
2026-01-07 09:16:26+05:30,NIFTY2621026400CE,26400.0,2026-02-10,412.9,
2026-01-07 09:16:27+05:30,NIFTY2621026400CE,26400.0,2026-02-10,412.9,
2026-01-07 09:16:28+05:30,NIFTY2621026400CE,26400.0,2026-02-10,412.9,
2026-01-07 09:16:29+05:30,NIFTY2621026400CE,26400.0,2026-02-10,412.9,
2026-01-07 09:16:30+05:30,NIFTY2621026400CE,26400.0,2026-02-10,412.9,
2026-01-07 09:16:31+05:30,NIFTY2621026400CE,26400.0,2026-02-10,412.9,
2026-01-07 09:16:32+05:30,NIFTY2621026400CE,26400.0,2026-02-10,412.9,
2026-01-07 09:16:33+05:30,NIFTY2621026400CE,26400.0,2026-02-10,412.9,
2026-01-07 09:16:34+05:30,NIFTY2621026400CE,26400.0,2026-02-10,412.9,
2026-01-07 09:16:35+05:30,NIFTY2621026400CE,26400.0,2026-02-10,412.9,
2026-01-07 09:16:36+05:30,NIFTY2621026400CE,26400.0,2026-02-10,412.9,
2026-01-07 09:16:37+05:30,NIFTY2621026400CE,26400.0,2026-02-10,412.9,
2026-01-07 09:16:38+05:30,NIFTY2621026400CE,26400.0,2026-02-10,412.9,
2026-01-07 09:16:39+05:30,NIFTY2621026400CE,26400.0,2026-02-10,412.9,
2026-01-07 09:16:40+05:30,NIFTY2621026400CE,26400.0,2026-02-10,412.9,
2026-01-07 09:16:41+05:30,NIFTY2621026400CE,26400.0,2026-02-10,412.9,
2026-01-07 09:16:42+05:30,NIFTY2621026400CE,26400.0,2026-02-10,412.9,
2026-01-07 09:16:43+05:30,NIFTY2621026400CE,26400.0,2026-02-10,412.9,
2026-01-07 09:16:44+05:30,NIFTY2621026400CE,26400.0,2026-02-10,412.9,
2026-01-07 09:16:45+05:30,NIFTY2621026400CE,26400.0,2026-02-10,412.9,
2026-01-07 09:16:46+05:30,NIFTY2621026400CE,26400.0,2026-02-10,412.9,
2026-01-07 09:16:47+05:30,NIFTY2621026400CE,26400.0,2026-02-10,412.9,
2026-01-07 09:16:48+05:30,NIFTY2621026400CE,26400.0,2026-02-10,412.9,
2026-01-07 09:16:49+05:30,NIFTY2621026400CE,26400.0,2026-02-10,412.9,
2026-01-07 09:16:50+05:30,NIFTY2621026400CE,26400.0,2026-02-10,412.9,
2026-01-07 09:16:51+05:30,NIFTY2621026400CE,26400.0,2026-02-10,412.9,
2026-01-07 09:16:52+05:30,NIFTY2621026400CE,26400.0,2026-02-10,412.9,
2026-01-07 09:16:53+05:30,NIFTY2621026400CE,26400.0,2026-02-10,412.9,
2026-01-07 09:16:54+05:30,NIFTY2621026400CE,26400.0,2026-02-10,412.9,
2026-01-07 09:16:55+05:30,NIFTY2621026400CE,26400.0,2026-02-10,412.9,
2026-01-07 09:16:56+05:30,NIFTY2621026400CE,26400.0,2026-02-10,412.9,
2026-01-07 09:16:57+05:30,NIFTY2621026400CE,26400.0,2026-02-10,412.9,
2026-01-07 09:16:58+05:30,NIFTY2621026400CE,26400.0,2026-02-10,412.9,
2026-01-07 09:16:59+05:30,NIFTY2621026400CE,26400.0,2026-02-10,412.9,
2026-01-07 09:17:00+05:30,NIFTY2621026400CE,26400.0,2026-02-10,412.9,
2026-01-07 09:17:01+05:30,NIFTY2621026400CE,26400.0,2026-02-10,412.9,
2026-01-07 09:17:02+05:30,NIFTY2621026400CE,26400.0,2026-02-10,412.9,
2026-01-07 09:17:03+05:30,NIFTY2621026400CE,26400.0,2026-02-10,412.9,
2026-01-07 09:17:04+05:30,NIFTY2621026400CE,26400.0,2026-02-10,412.9,
2026-01-07 09:17:05+05:30,NIFTY2621026400CE,26400.0,2026-02-10,412.9,
2026-01-07 09:17:06+05:30,NIFTY2621026400CE,26400.0,2026-02-10,412.9,
2026-01-07 09:17:07+05:30,NIFTY2621026400CE,26400.0,2026-02-10,412.9,
2026-01-07 09:17:08+05:30,NIFTY2621026400CE,26400.0,2026-02-10,412.9,
2026-01-07 09:17:09+05:30,NIFTY2621026400CE,26400.0,2026-02-10,412.9,
2026-01-07 09:17:10+05:30,NIFTY2621026400CE,26400.0,2026-02-10,412.9,
2026-01-07 09:17:11+05:30,NIFTY2621026400CE,26400.0,2026-02-10,412.9,
2026-01-07 09:17:12+05:30,NIFTY2621026400CE,26400.0,2026-02-10,412.9,
2026-01-07 09:17:13+05:30,NIFTY2621026400CE,26400.0,2026-02-10,412.9,
2026-01-07 09:17:14+05:30,NIFTY2621026400CE,26400.0,2026-02-10,412.9,
2026-01-07 09:17:15+05:30,NIFTY2621026400CE,26400.0,2026-02-10,412.9,
2026-01-07 09:17:16+05:30,NIFTY2621026400CE,26400.0,2026-02-10,412.9,
2026-01-07 09:17:17+05:30,NIFTY2621026400CE,26400.0,2026-02-10,412.9,
2026-01-07 09:17:18+05:30,NIFTY2621026400CE,26400.0,2026-02-10,412.9,
2026-01-07 09:17:19+05:30,NIFTY2621026400CE,26400.0,2026-02-10,412.9,
2026-01-07 09:17:20+05:30,NIFTY2621026400CE,26400.0,2026-02-10,412.9,
2026-01-07 09:17:21+05:30,NIFTY2621026400CE,26400.0,2026-02-10,412.9,
2026-01-07 09:17:22+05:30,NIFTY2621026400CE,26400.0,2026-02-10,412.9,
2026-01-07 09:17:23+05:30,NIFTY2621026400CE,26400.0,2026-02-10,412.9,
2026-01-07 09:17:24+05:30,NIFTY2621026400CE,26400.0,2026-02-10,412.9,
2026-01-07 09:17:25+05:30,NIFTY2621026400CE,26400.0,2026-02-10,412.9,
2026-01-07 09:17:26+05:30,NIFTY2621026400CE,26400.0,2026-02-10,412.9,
2026-01-07 09:17:27+05:30,NIFTY2621026400CE,26400.0,2026-02-10,412.9,
2026-01-07 09:17:28+05:30,NIFTY2621026400CE,26400.0,2026-02-10,412.9,
2026-01-07 09:17:29+05:30,NIFTY2621026400CE,26400.0,2026-02-10,412.9,
2026-01-07 09:17:30+05:30,NIFTY2621026400CE,26400.0,2026-02-10,412.9,
2026-01-07 09:17:31+05:30,NIFTY2621026400CE,26400.0,2026-02-10,412.9,
2026-01-07 09:17:32+05:30,NIFTY2621026400CE,26400.0,2026-02-10,412.9,
2026-01-07 09:17:33+05:30,NIFTY2621026400CE,26400.0,2026-02-10,412.9,
2026-01-07 09:17:34+05:30,NIFTY2621026400CE,26400.0,2026-02-10,412.9,
2026-01-07 09:17:35+05:30,NIFTY2621026400CE,26400.0,2026-02-10,412.9,
2026-01-07 09:17:36+05:30,NIFTY2621026400CE,26400.0,2026-02-10,412.9,
2026-01-07 09:17:37+05:30,NIFTY2621026400CE,26400.0,2026-02-10,412.9,
2026-01-07 09:17:38+05:30,NIFTY2621026400CE,26400.0,2026-02-10,412.9,
2026-01-07 09:17:39+05:30,NIFTY2621026400CE,26400.0,2026-02-10,412.9,
2026-01-07 09:17:40+05:30,NIFTY2621026400CE,26400.0,2026-02-10,412.9,
2026-01-07 09:17:41+05:30,NIFTY2621026400CE,26400.0,2026-02-10,412.9,
2026-01-07 09:17:42+05:30,NIFTY2621026400CE,26400.0,2026-02-10,412.9,
2026-01-07 09:17:43+05:30,NIFTY2621026400CE,26400.0,2026-02-10,412.9,
2026-01-07 09:17:44+05:30,NIFTY2621026400CE,26400.0,2026-02-10,412.9,
2026-01-07 09:17:45+05:30,NIFTY2621026400CE,26400.0,2026-02-10,412.9,
2026-01-07 09:17:46+05:30,NIFTY2621026400CE,26400.0,2026-02-10,412.9,
2026-01-07 09:17:47+05:30,NIFTY2621026400CE,26400.0,2026-02-10,412.9,
2026-01-07 09:17:48+05:30,NIFTY2621026400CE,26400.0,2026-02-10,412.9,
2026-01-07 09:17:49+05:30,NIFTY2621026400CE,26400.0,2026-02-10,412.9,
2026-01-07 09:17:50+05:30,NIFTY2621026400CE,26400.0,2026-02-10,412.9,
2026-01-07 09:17:51+05:30,NIFTY2621026400CE,26400.0,2026-02-10,412.9,
2026-01-07 09:17:52+05:30,NIFTY2621026400CE,26400.0,2026-02-10,412.9,
2026-01-07 09:17:53+05:30,NIFTY2621026400CE,26400.0,2026-02-10,412.9,
2026-01-07 09:17:54+05:30,NIFTY2621026400CE,26400.0,2026-02-10,412.9,
2026-01-07 09:17:55+05:30,NIFTY2621026400CE,26400.0,2026-02-10,412.9,
2026-01-07 09:17:56+05:30,NIFTY2621026400CE,26400.0,2026-02-10,412.9,
2026-01-07 09:17:57+05:30,NIFTY2621026400CE,26400.0,2026-02-10,412.9,
2026-01-07 09:17:58+05:30,NIFTY2621026400CE,26400.0,2026-02-10,412.9,
2026-01-07 09:17:59+05:30,NIFTY2621026400CE,26400.0,2026-02-10,412.9,
2026-01-07 09:18:00+05:30,NIFTY2621026400CE,26400.0,2026-02-10,412.9,
2026-01-07 09:18:01+05:30,NIFTY2621026400CE,26400.0,2026-02-10,412.9,
2026-01-07 09:18:02+05:30,NIFTY2621026400CE,26400.0,2026-02-10,412.9,
2026-01-07 09:18:03+05:30,NIFTY2621026400CE,26400.0,2026-02-10,412.9,
2026-01-07 09:18:04+05:30,NIFTY2621026400CE,26400.0,2026-02-10,412.9,
2026-01-07 09:18:05+05:30,NIFTY2621026400CE,26400.0,2026-02-10,412.9,
2026-01-07 09:18:06+05:30,NIFTY2621026400CE,26400.0,2026-02-10,412.9,
2026-01-07 09:18:07+05:30,NIFTY2621026400CE,26400.0,2026-02-10,412.9,
2026-01-07 09:18:08+05:30,NIFTY2621026400CE,26400.0,2026-02-10,412.9,
2026-01-07 09:18:09+05:30,NIFTY2621026400CE,26400.0,2026-02-10,412.9,
2026-01-07 09:18:10+05:30,NIFTY2621026400CE,26400.0,2026-02-10,412.9,
2026-01-07 09:18:11+05:30,NIFTY2621026400CE,26400.0,2026-02-10,412.9,
2026-01-07 09:18:12+05:30,NIFTY2621026400CE,26400.0,2026-02-10,412.9,
2026-01-07 09:18:13+05:30,NIFTY2621026400CE,26400.0,2026-02-10,412.9,
2026-01-07 09:18:14+05:30,NIFTY2621026400CE,26400.0,2026-02-10,412.9,
2026-01-07 09:18:15+05:30,NIFTY2621026400CE,26400.0,2026-02-10,412.9,
2026-01-07 09:18:16+05:30,NIFTY2621026400CE,26400.0,2026-02-10,412.9,
2026-01-07 09:18:17+05:30,NIFTY2621026400CE,26400.0,2026-02-10,412.9,
2026-01-07 09:18:18+05:30,NIFTY2621026400CE,26400.0,2026-02-10,412.9,
2026-01-07 09:18:19+05:30,NIFTY2621026400CE,26400.0,2026-02-10,412.9,
2026-01-07 09:18:20+05:30,NIFTY2621026400CE,26400.0,2026-02-10,412.9,
2026-01-07 09:18:21+05:30,NIFTY2621026400CE,26400.0,2026-02-10,412.9,
2026-01-07 09:18:22+05:30,NIFTY2621026400CE,26400.0,2026-02-10,412.9,
2026-01-07 09:18:23+05:30,NIFTY2621026400CE,26400.0,2026-02-10,412.9,
2026-01-07 09:18:24+05:30,NIFTY2621026400CE,26400.0,2026-02-10,412.9,
2026-01-07 09:18:25+05:30,NIFTY2621026400CE,26400.0,2026-02-10,412.9,
2026-01-07 09:18:26+05:30,NIFTY2621026400CE,26400.0,2026-02-10,412.9,
2026-01-07 09:18:27+05:30,NIFTY2621026400CE,26400.0,2026-02-10,412.9,
2026-01-07 09:18:28+05:30,NIFTY2621026400CE,26400.0,2026-02-10,412.9,
2026-01-07 09:18:29+05:30,NIFTY2621026400CE,26400.0,2026-02-10,412.9,
2026-01-07 09:18:30+05:30,NIFTY2621026400CE,26400.0,2026-02-10,412.9,
2026-01-07 09:18:31+05:30,NIFTY2621026400CE,26400.0,2026-02-10,412.9,
2026-01-07 09:18:32+05:30,NIFTY2621026400CE,26400.0,2026-02-10,412.9,
2026-01-07 09:18:33+05:30,NIFTY2621026400CE,26400.0,2026-02-10,412.9,
2026-01-07 09:18:34+05:30,NIFTY2621026400CE,26400.0,2026-02-10,412.9,
2026-01-07 09:18:35+05:30,NIFTY2621026400CE,26400.0,2026-02-10,412.9,
2026-01-07 09:18:36+05:30,NIFTY2621026400CE,26400.0,2026-02-10,412.9,
2026-01-07 09:18:37+05:30,NIFTY2621026400CE,26400.0,2026-02-10,412.9,
2026-01-07 09:18:38+05:30,NIFTY2621026400CE,26400.0,2026-02-10,412.9,
2026-01-07 09:18:39+05:30,NIFTY2621026400CE,26400.0,2026-02-10,412.9,
2026-01-07 09:18:40+05:30,NIFTY2621026400CE,26400.0,2026-02-10,412.9,
2026-01-07 09:18:41+05:30,NIFTY2621026400CE,26400.0,2026-02-10,412.9,
2026-01-07 09:18:42+05:30,NIFTY2621026400CE,26400.0,2026-02-10,412.9,
2026-01-07 09:18:43+05:30,NIFTY2621026400CE,26400.0,2026-02-10,412.9,
2026-01-07 09:18:44+05:30,NIFTY2621026400CE,26400.0,2026-02-10,412.9,
2026-01-07 09:18:45+05:30,NIFTY2621026400CE,26400.0,2026-02-10,412.9,
2026-01-07 09:18:46+05:30,NIFTY2621026400CE,26400.0,2026-02-10,412.9,
2026-01-07 09:18:47+05:30,NIFTY2621026400CE,26400.0,2026-02-10,412.9,
2026-01-07 09:18:48+05:30,NIFTY2621026400CE,26400.0,2026-02-10,412.9,
2026-01-07 09:18:49+05:30,NIFTY2621026400CE,26400.0,2026-02-10,412.9,
2026-01-07 09:18:50+05:30,NIFTY2621026400CE,26400.0,2026-02-10,412.9,
2026-01-07 09:18:51+05:30,NIFTY2621026400CE,26400.0,2026-02-10,412.9,
2026-01-07 09:18:52+05:30,NIFTY2621026400CE,26400.0,2026-02-10,412.9,
2026-01-07 09:18:53+05:30,NIFTY2621026400CE,26400.0,2026-02-10,412.9,
2026-01-07 09:18:54+05:30,NIFTY2621026400CE,26400.0,2026-02-10,412.9,
2026-01-07 09:18:55+05:30,NIFTY2621026400CE,26400.0,2026-02-10,412.9,
2026-01-07 09:18:56+05:30,NIFTY2621026400CE,26400.0,2026-02-10,412.9,
2026-01-07 09:18:57+05:30,NIFTY2621026400CE,26400.0,2026-02-10,412.9,
2026-01-07 09:18:58+05:30,NIFTY2621026400CE,26400.0,2026-02-10,412.9,
2026-01-07 09:18:59+05:30,NIFTY2621026400CE,26400.0,2026-02-10,412.9,
2026-01-07 09:19:00+05:30,NIFTY2621026400CE,26400.0,2026-02-10,412.9,
2026-01-07 09:19:01+05:30,NIFTY2621026400CE,26400.0,2026-02-10,412.9,
2026-01-07 09:19:02+05:30,NIFTY2621026400CE,26400.0,2026-02-10,412.9,
2026-01-07 09:19:03+05:30,NIFTY2621026400CE,26400.0,2026-02-10,412.9,
2026-01-07 09:19:04+05:30,NIFTY2621026400CE,26400.0,2026-02-10,412.9,
2026-01-07 09:19:05+05:30,NIFTY2621026400CE,26400.0,2026-02-10,412.9,
2026-01-07 09:19:06+05:30,NIFTY2621026400CE,26400.0,2026-02-10,412.9,
2026-01-07 09:19:07+05:30,NIFTY2621026400CE,26400.0,2026-02-10,412.9,
2026-01-07 09:19:08+05:30,NIFTY2621026400CE,26400.0,2026-02-10,412.9,
2026-01-07 09:19:09+05:30,NIFTY2621026400CE,26400.0,2026-02-10,412.9,
2026-01-07 09:19:10+05:30,NIFTY2621026400CE,26400.0,2026-02-10,412.9,
2026-01-07 09:19:11+05:30,NIFTY2621026400CE,26400.0,2026-02-10,412.9,
2026-01-07 09:19:12+05:30,NIFTY2621026400CE,26400.0,2026-02-10,412.9,
2026-01-07 09:19:13+05:30,NIFTY2621026400CE,26400.0,2026-02-10,412.9,
2026-01-07 09:19:14+05:30,NIFTY2621026400CE,26400.0,2026-02-10,412.9,
2026-01-07 09:19:15+05:30,NIFTY2621026400CE,26400.0,2026-02-10,412.9,
2026-01-07 09:19:16+05:30,NIFTY2621026400CE,26400.0,2026-02-10,412.9,
2026-01-07 09:19:17+05:30,NIFTY2621026400CE,26400.0,2026-02-10,412.9,
2026-01-07 09:19:18+05:30,NIFTY2621026400CE,26400.0,2026-02-10,412.9,
2026-01-07 09:19:19+05:30,NIFTY2621026400CE,26400.0,2026-02-10,412.9,
2026-01-07 09:19:20+05:30,NIFTY2621026400CE,26400.0,2026-02-10,412.9,
2026-01-07 09:19:21+05:30,NIFTY2621026400CE,26400.0,2026-02-10,412.9,
2026-01-07 09:19:22+05:30,NIFTY2621026400CE,26400.0,2026-02-10,412.9,
2026-01-07 09:19:23+05:30,NIFTY2621026400CE,26400.0,2026-02-10,412.9,
2026-01-07 09:19:24+05:30,NIFTY2621026400CE,26400.0,2026-02-10,412.9,
2026-01-07 09:19:25+05:30,NIFTY2621026400CE,26400.0,2026-02-10,412.9,
2026-01-07 09:19:26+05:30,NIFTY2621026400CE,26400.0,2026-02-10,412.9,
2026-01-07 09:19:27+05:30,NIFTY2621026400CE,26400.0,2026-02-10,412.9,
2026-01-07 09:19:28+05:30,NIFTY2621026400CE,26400.0,2026-02-10,412.9,
2026-01-07 09:19:29+05:30,NIFTY2621026400CE,26400.0,2026-02-10,412.9,
2026-01-07 09:19:30+05:30,NIFTY2621026400CE,26400.0,2026-02-10,412.9,
2026-01-07 09:19:31+05:30,NIFTY2621026400CE,26400.0,2026-02-10,412.9,
2026-01-07 09:19:32+05:30,NIFTY2621026400CE,26400.0,2026-02-10,412.9,
2026-01-07 09:19:33+05:30,NIFTY2621026400CE,26400.0,2026-02-10,412.9,
2026-01-07 09:19:34+05:30,NIFTY2621026400CE,26400.0,2026-02-10,412.9,
2026-01-07 09:19:35+05:30,NIFTY2621026400CE,26400.0,2026-02-10,412.9,
2026-01-07 09:19:36+05:30,NIFTY2621026400CE,26400.0,2026-02-10,412.9,
2026-01-07 09:19:37+05:30,NIFTY2621026400CE,26400.0,2026-02-10,412.9,
2026-01-07 09:19:38+05:30,NIFTY2621026400CE,26400.0,2026-02-10,412.9,
2026-01-07 09:19:39+05:30,NIFTY2621026400CE,26400.0,2026-02-10,412.9,
2026-01-07 09:19:40+05:30,NIFTY2621026400CE,26400.0,2026-02-10,412.9,
2026-01-07 09:19:41+05:30,NIFTY2621026400CE,26400.0,2026-02-10,412.9,
2026-01-07 09:19:42+05:30,NIFTY2621026400CE,26400.0,2026-02-10,412.9,
2026-01-07 09:19:43+05:30,NIFTY2621026400CE,26400.0,2026-02-10,412.9,
2026-01-07 09:19:44+05:30,NIFTY2621026400CE,26400.0,2026-02-10,412.9,
2026-01-07 09:19:45+05:30,NIFTY2621026400CE,26400.0,2026-02-10,412.9,
2026-01-07 09:19:46+05:30,NIFTY2621026400CE,26400.0,2026-02-10,412.9,
2026-01-07 09:19:47+05:30,NIFTY2621026400CE,26400.0,2026-02-10,412.9,
2026-01-07 09:19:48+05:30,NIFTY2621026400CE,26400.0,2026-02-10,412.9,
2026-01-07 09:19:49+05:30,NIFTY2621026400CE,26400.0,2026-02-10,412.9,
2026-01-07 09:19:50+05:30,NIFTY2621026400CE,26400.0,2026-02-10,412.9,
2026-01-07 09:19:51+05:30,NIFTY2621026400CE,26400.0,2026-02-10,412.9,
2026-01-07 09:19:52+05:30,NIFTY2621026400CE,26400.0,2026-02-10,412.9,
2026-01-07 09:19:53+05:30,NIFTY2621026400CE,26400.0,2026-02-10,412.9,
2026-01-07 09:19:54+05:30,NIFTY2621026400CE,26400.0,2026-02-10,412.9,
2026-01-07 09:19:55+05:30,NIFTY2621026400CE,26400.0,2026-02-10,412.9,
2026-01-07 09:19:56+05:30,NIFTY2621026400CE,26400.0,2026-02-10,412.9,
2026-01-07 09:19:57+05:30,NIFTY2621026400CE,26400.0,2026-02-10,412.9,
2026-01-07 09:19:58+05:30,NIFTY2621026400CE,26400.0,2026-02-10,412.9,
2026-01-07 09:19:59+05:30,NIFTY2621026400CE,26400.0,2026-02-10,412.9,
2026-01-07 09:20:00+05:30,NIFTY2621026400CE,26400.0,2026-02-10,412.9,
2026-01-07 09:20:01+05:30,NIFTY2621026400CE,26400.0,2026-02-10,412.9,
2026-01-07 09:20:02+05:30,NIFTY2621026400CE,26400.0,2026-02-10,412.9,
2026-01-07 09:20:03+05:30,NIFTY2621026400CE,26400.0,2026-02-10,412.9,
2026-01-07 09:20:04+05:30,NIFTY2621026400CE,26400.0,2026-02-10,412.9,
2026-01-07 09:20:05+05:30,NIFTY2621026400CE,26400.0,2026-02-10,412.9,
2026-01-07 09:20:06+05:30,NIFTY2621026400CE,26400.0,2026-02-10,412.9,
2026-01-07 09:20:07+05:30,NIFTY2621026400CE,26400.0,2026-02-10,412.9,
2026-01-07 09:20:08+05:30,NIFTY2621026400CE,26400.0,2026-02-10,412.9,
2026-01-07 09:20:09+05:30,NIFTY2621026400CE,26400.0,2026-02-10,412.9,
2026-01-07 09:20:10+05:30,NIFTY2621026400CE,26400.0,2026-02-10,412.9,
2026-01-07 09:20:11+05:30,NIFTY2621026400CE,26400.0,2026-02-10,412.9,
2026-01-07 09:20:12+05:30,NIFTY2621026400CE,26400.0,2026-02-10,412.9,
2026-01-07 09:20:13+05:30,NIFTY2621026400CE,26400.0,2026-02-10,412.9,
2026-01-07 09:20:14+05:30,NIFTY2621026400CE,26400.0,2026-02-10,412.9,
2026-01-07 09:20:15+05:30,NIFTY2621026400CE,26400.0,2026-02-10,412.9,
2026-01-07 09:20:16+05:30,NIFTY2621026400CE,26400.0,2026-02-10,412.9,
2026-01-07 09:20:17+05:30,NIFTY2621026400CE,26400.0,2026-02-10,412.9,
2026-01-07 09:20:18+05:30,NIFTY2621026400CE,26400.0,2026-02-10,412.9,
2026-01-07 09:20:19+05:30,NIFTY2621026400CE,26400.0,2026-02-10,412.9,
2026-01-07 09:20:20+05:30,NIFTY2621026400CE,26400.0,2026-02-10,412.9,
2026-01-07 09:20:21+05:30,NIFTY2621026400CE,26400.0,2026-02-10,412.9,
2026-01-07 09:20:22+05:30,NIFTY2621026400CE,26400.0,2026-02-10,412.9,
2026-01-07 09:20:23+05:30,NIFTY2621026400CE,26400.0,2026-02-10,412.9,
2026-01-07 09:20:24+05:30,NIFTY2621026400CE,26400.0,2026-02-10,412.9,
2026-01-07 09:20:25+05:30,NIFTY2621026400CE,26400.0,2026-02-10,412.9,
2026-01-07 09:20:26+05:30,NIFTY2621026400CE,26400.0,2026-02-10,412.9,
2026-01-07 09:20:27+05:30,NIFTY2621026400CE,26400.0,2026-02-10,412.9,
2026-01-07 09:20:28+05:30,NIFTY2621026400CE,26400.0,2026-02-10,412.9,
2026-01-07 09:20:29+05:30,NIFTY2621026400CE,26400.0,2026-02-10,412.9,
2026-01-07 09:20:30+05:30,NIFTY2621026400CE,26400.0,2026-02-10,412.9,
2026-01-07 09:20:31+05:30,NIFTY2621026400CE,26400.0,2026-02-10,412.9,
2026-01-07 09:20:32+05:30,NIFTY2621026400CE,26400.0,2026-02-10,412.9,
2026-01-07 09:20:33+05:30,NIFTY2621026400CE,26400.0,2026-02-10,412.9,
2026-01-07 09:20:34+05:30,NIFTY2621026400CE,26400.0,2026-02-10,412.9,
2026-01-07 09:20:35+05:30,NIFTY2621026400CE,26400.0,2026-02-10,412.9,
2026-01-07 09:20:36+05:30,NIFTY2621026400CE,26400.0,2026-02-10,412.9,
2026-01-07 09:20:37+05:30,NIFTY2621026400CE,26400.0,2026-02-10,412.9,
2026-01-07 09:20:38+05:30,NIFTY2621026400CE,26400.0,2026-02-10,412.9,
2026-01-07 09:20:39+05:30,NIFTY2621026400CE,26400.0,2026-02-10,412.9,
2026-01-07 09:20:40+05:30,NIFTY2621026400CE,26400.0,2026-02-10,412.9,
2026-01-07 09:20:41+05:30,NIFTY2621026400CE,26400.0,2026-02-10,412.9,
2026-01-07 09:20:42+05:30,NIFTY2621026400CE,26400.0,2026-02-10,412.9,
2026-01-07 09:20:43+05:30,NIFTY2621026400CE,26400.0,2026-02-10,412.9,
2026-01-07 09:20:44+05:30,NIFTY2621026400CE,26400.0,2026-02-10,412.9,
2026-01-07 09:20:45+05:30,NIFTY2621026400CE,26400.0,2026-02-10,412.9,
2026-01-07 09:20:46+05:30,NIFTY2621026400CE,26400.0,2026-02-10,412.9,
2026-01-07 09:20:47+05:30,NIFTY2621026400CE,26400.0,2026-02-10,412.9,
2026-01-07 09:20:48+05:30,NIFTY2621026400CE,26400.0,2026-02-10,412.9,
2026-01-07 09:20:49+05:30,NIFTY2621026400CE,26400.0,2026-02-10,412.9,
2026-01-07 09:20:50+05:30,NIFTY2621026400CE,26400.0,2026-02-10,412.9,
2026-01-07 09:20:51+05:30,NIFTY2621026400CE,26400.0,2026-02-10,412.9,
2026-01-07 09:20:52+05:30,NIFTY2621026400CE,26400.0,2026-02-10,412.9,
2026-01-07 09:20:53+05:30,NIFTY2621026400CE,26400.0,2026-02-10,412.9,
2026-01-07 09:20:54+05:30,NIFTY2621026400CE,26400.0,2026-02-10,412.9,
2026-01-07 09:20:55+05:30,NIFTY2621026400CE,26400.0,2026-02-10,412.9,
2026-01-07 09:20:56+05:30,NIFTY2621026400CE,26400.0,2026-02-10,412.9,
2026-01-07 09:20:57+05:30,NIFTY2621026400CE,26400.0,2026-02-10,412.9,
2026-01-07 09:20:58+05:30,NIFTY2621026400CE,26400.0,2026-02-10,412.9,
2026-01-07 09:20:59+05:30,NIFTY2621026400CE,26400.0,2026-02-10,412.9,
2026-01-07 09:21:00+05:30,NIFTY2621026400CE,26400.0,2026-02-10,412.9,
2026-01-07 09:21:01+05:30,NIFTY2621026400CE,26400.0,2026-02-10,412.9,
2026-01-07 09:21:02+05:30,NIFTY2621026400CE,26400.0,2026-02-10,412.9,
2026-01-07 09:21:03+05:30,NIFTY2621026400CE,26400.0,2026-02-10,412.9,
2026-01-07 09:21:04+05:30,NIFTY2621026400CE,26400.0,2026-02-10,412.9,
2026-01-07 09:21:05+05:30,NIFTY2621026400CE,26400.0,2026-02-10,412.9,
2026-01-07 09:21:06+05:30,NIFTY2621026400CE,26400.0,2026-02-10,412.9,
2026-01-07 09:21:07+05:30,NIFTY2621026400CE,26400.0,2026-02-10,412.9,
2026-01-07 09:21:08+05:30,NIFTY2621026400CE,26400.0,2026-02-10,412.9,
2026-01-07 09:21:09+05:30,NIFTY2621026400CE,26400.0,2026-02-10,412.9,
2026-01-07 09:21:10+05:30,NIFTY2621026400CE,26400.0,2026-02-10,412.9,
2026-01-07 09:21:11+05:30,NIFTY2621026400CE,26400.0,2026-02-10,412.9,
2026-01-07 09:21:12+05:30,NIFTY2621026400CE,26400.0,2026-02-10,412.9,
2026-01-07 09:21:13+05:30,NIFTY2621026400CE,26400.0,2026-02-10,412.9,
2026-01-07 09:21:14+05:30,NIFTY2621026400CE,26400.0,2026-02-10,412.9,
2026-01-07 09:21:15+05:30,NIFTY2621026400CE,26400.0,2026-02-10,412.9,
2026-01-07 09:21:16+05:30,NIFTY2621026400CE,26400.0,2026-02-10,412.9,
2026-01-07 09:21:17+05:30,NIFTY2621026400CE,26400.0,2026-02-10,412.9,
2026-01-07 09:21:18+05:30,NIFTY2621026400CE,26400.0,2026-02-10,412.9,
2026-01-07 09:21:19+05:30,NIFTY2621026400CE,26400.0,2026-02-10,412.9,
2026-01-07 09:21:20+05:30,NIFTY2621026400CE,26400.0,2026-02-10,412.9,
2026-01-07 09:21:21+05:30,NIFTY2621026400CE,26400.0,2026-02-10,412.9,
2026-01-07 09:21:22+05:30,NIFTY2621026400CE,26400.0,2026-02-10,412.9,
2026-01-07 09:21:23+05:30,NIFTY2621026400CE,26400.0,2026-02-10,412.9,
2026-01-07 09:21:24+05:30,NIFTY2621026400CE,26400.0,2026-02-10,412.9,
2026-01-07 09:21:25+05:30,NIFTY2621026400CE,26400.0,2026-02-10,412.9,
2026-01-07 09:21:26+05:30,NIFTY2621026400CE,26400.0,2026-02-10,412.9,
2026-01-07 09:21:27+05:30,NIFTY2621026400CE,26400.0,2026-02-10,412.9,
2026-01-07 09:21:28+05:30,NIFTY2621026400CE,26400.0,2026-02-10,412.9,
2026-01-07 09:21:29+05:30,NIFTY2621026400CE,26400.0,2026-02-10,412.9,
2026-01-07 09:21:30+05:30,NIFTY2621026400CE,26400.0,2026-02-10,412.9,
2026-01-07 09:21:31+05:30,NIFTY2621026400CE,26400.0,2026-02-10,412.9,
2026-01-07 09:21:32+05:30,NIFTY2621026400CE,26400.0,2026-02-10,412.9,
2026-01-07 09:21:33+05:30,NIFTY2621026400CE,26400.0,2026-02-10,412.9,
2026-01-07 09:21:34+05:30,NIFTY2621026400CE,26400.0,2026-02-10,412.9,
2026-01-07 09:21:35+05:30,NIFTY2621026400CE,26400.0,2026-02-10,412.9,
2026-01-07 09:21:36+05:30,NIFTY2621026400CE,26400.0,2026-02-10,412.9,
2026-01-07 09:21:37+05:30,NIFTY2621026400CE,26400.0,2026-02-10,412.9,
2026-01-07 09:21:38+05:30,NIFTY2621026400CE,26400.0,2026-02-10,412.9,
2026-01-07 09:21:39+05:30,NIFTY2621026400CE,26400.0,2026-02-10,412.9,
2026-01-07 09:21:40+05:30,NIFTY2621026400CE,26400.0,2026-02-10,412.9,
2026-01-07 09:21:41+05:30,NIFTY2621026400CE,26400.0,2026-02-10,412.9,
2026-01-07 09:21:42+05:30,NIFTY2621026400CE,26400.0,2026-02-10,412.9,
2026-01-07 09:21:43+05:30,NIFTY2621026400CE,26400.0,2026-02-10,412.9,
2026-01-07 09:21:44+05:30,NIFTY2621026400CE,26400.0,2026-02-10,412.9,
2026-01-07 09:21:45+05:30,NIFTY2621026400CE,26400.0,2026-02-10,412.9,
2026-01-07 09:21:46+05:30,NIFTY2621026400CE,26400.0,2026-02-10,412.9,
2026-01-07 09:21:47+05:30,NIFTY2621026400CE,26400.0,2026-02-10,412.9,
2026-01-07 09:21:48+05:30,NIFTY2621026400CE,26400.0,2026-02-10,412.9,
2026-01-07 09:21:49+05:30,NIFTY2621026400CE,26400.0,2026-02-10,412.9,
2026-01-07 09:21:50+05:30,NIFTY2621026400CE,26400.0,2026-02-10,412.9,
2026-01-07 09:21:51+05:30,NIFTY2621026400CE,26400.0,2026-02-10,412.9,
2026-01-07 09:21:52+05:30,NIFTY2621026400CE,26400.0,2026-02-10,412.9,
2026-01-07 09:21:53+05:30,NIFTY2621026400CE,26400.0,2026-02-10,412.9,
2026-01-07 09:21:54+05:30,NIFTY2621026400CE,26400.0,2026-02-10,412.9,
2026-01-07 09:21:55+05:30,NIFTY2621026400CE,26400.0,2026-02-10,412.9,
2026-01-07 09:21:56+05:30,NIFTY2621026400CE,26400.0,2026-02-10,412.9,
2026-01-07 09:21:57+05:30,NIFTY2621026400CE,26400.0,2026-02-10,412.9,
2026-01-07 09:21:58+05:30,NIFTY2621026400CE,26400.0,2026-02-10,412.9,
2026-01-07 09:21:59+05:30,NIFTY2621026400CE,26400.0,2026-02-10,412.9,
2026-01-07 09:22:00+05:30,NIFTY2621026400CE,26400.0,2026-02-10,412.9,
2026-01-07 09:22:01+05:30,NIFTY2621026400CE,26400.0,2026-02-10,412.9,
2026-01-07 09:22:02+05:30,NIFTY2621026400CE,26400.0,2026-02-10,412.9,
2026-01-07 09:22:03+05:30,NIFTY2621026400CE,26400.0,2026-02-10,412.9,
2026-01-07 09:22:04+05:30,NIFTY2621026400CE,26400.0,2026-02-10,412.9,
2026-01-07 09:22:05+05:30,NIFTY2621026400CE,26400.0,2026-02-10,412.9,
2026-01-07 09:22:06+05:30,NIFTY2621026400CE,26400.0,2026-02-10,412.9,
2026-01-07 09:22:07+05:30,NIFTY2621026400CE,26400.0,2026-02-10,412.9,
2026-01-07 09:22:08+05:30,NIFTY2621026400CE,26400.0,2026-02-10,412.9,
2026-01-07 09:22:09+05:30,NIFTY2621026400CE,26400.0,2026-02-10,412.9,
2026-01-07 09:22:10+05:30,NIFTY2621026400CE,26400.0,2026-02-10,412.9,
2026-01-07 09:22:11+05:30,NIFTY2621026400CE,26400.0,2026-02-10,412.9,
2026-01-07 09:22:12+05:30,NIFTY2621026400CE,26400.0,2026-02-10,412.9,
2026-01-07 09:22:13+05:30,NIFTY2621026400CE,26400.0,2026-02-10,412.9,
2026-01-07 09:22:14+05:30,NIFTY2621026400CE,26400.0,2026-02-10,412.9,
2026-01-07 09:22:15+05:30,NIFTY2621026400CE,26400.0,2026-02-10,412.9,
2026-01-07 09:22:16+05:30,NIFTY2621026400CE,26400.0,2026-02-10,412.9,
2026-01-07 09:22:17+05:30,NIFTY2621026400CE,26400.0,2026-02-10,412.9,
2026-01-07 09:22:18+05:30,NIFTY2621026400CE,26400.0,2026-02-10,412.9,
2026-01-07 09:22:19+05:30,NIFTY2621026400CE,26400.0,2026-02-10,412.9,
2026-01-07 09:22:20+05:30,NIFTY2621026400CE,26400.0,2026-02-10,412.9,
2026-01-07 09:22:21+05:30,NIFTY2621026400CE,26400.0,2026-02-10,412.9,
2026-01-07 09:22:22+05:30,NIFTY2621026400CE,26400.0,2026-02-10,412.9,
2026-01-07 09:22:23+05:30,NIFTY2621026400CE,26400.0,2026-02-10,412.9,
2026-01-07 09:22:24+05:30,NIFTY2621026400CE,26400.0,2026-02-10,412.9,
2026-01-07 09:22:25+05:30,NIFTY2621026400CE,26400.0,2026-02-10,412.9,
2026-01-07 09:22:26+05:30,NIFTY2621026400CE,26400.0,2026-02-10,412.9,
2026-01-07 09:22:27+05:30,NIFTY2621026400CE,26400.0,2026-02-10,412.9,
2026-01-07 09:22:28+05:30,NIFTY2621026400CE,26400.0,2026-02-10,412.9,
2026-01-07 09:22:29+05:30,NIFTY2621026400CE,26400.0,2026-02-10,412.9,
2026-01-07 09:22:30+05:30,NIFTY2621026400CE,26400.0,2026-02-10,412.9,
2026-01-07 09:22:31+05:30,NIFTY2621026400CE,26400.0,2026-02-10,412.9,
2026-01-07 09:22:32+05:30,NIFTY2621026400CE,26400.0,2026-02-10,412.9,
2026-01-07 09:22:33+05:30,NIFTY2621026400CE,26400.0,2026-02-10,412.9,
2026-01-07 09:22:34+05:30,NIFTY2621026400CE,26400.0,2026-02-10,412.9,
2026-01-07 09:22:35+05:30,NIFTY2621026400CE,26400.0,2026-02-10,412.9,
2026-01-07 09:22:36+05:30,NIFTY2621026400CE,26400.0,2026-02-10,412.9,
2026-01-07 09:22:37+05:30,NIFTY2621026400CE,26400.0,2026-02-10,412.9,
2026-01-07 09:22:38+05:30,NIFTY2621026400CE,26400.0,2026-02-10,412.9,
2026-01-07 09:22:39+05:30,NIFTY2621026400CE,26400.0,2026-02-10,412.9,
2026-01-07 09:22:40+05:30,NIFTY2621026400CE,26400.0,2026-02-10,412.9,
2026-01-07 09:22:41+05:30,NIFTY2621026400CE,26400.0,2026-02-10,412.9,
2026-01-07 09:22:42+05:30,NIFTY2621026400CE,26400.0,2026-02-10,412.9,
2026-01-07 09:22:43+05:30,NIFTY2621026400CE,26400.0,2026-02-10,412.9,
2026-01-07 09:22:44+05:30,NIFTY2621026400CE,26400.0,2026-02-10,412.9,
2026-01-07 09:22:45+05:30,NIFTY2621026400CE,26400.0,2026-02-10,412.9,
2026-01-07 09:22:46+05:30,NIFTY2621026400CE,26400.0,2026-02-10,412.9,
2026-01-07 09:22:47+05:30,NIFTY2621026400CE,26400.0,2026-02-10,412.9,
2026-01-07 09:22:48+05:30,NIFTY2621026400CE,26400.0,2026-02-10,412.9,
2026-01-07 09:22:49+05:30,NIFTY2621026400CE,26400.0,2026-02-10,412.9,
2026-01-07 09:22:50+05:30,NIFTY2621026400CE,26400.0,2026-02-10,412.9,
2026-01-07 09:22:51+05:30,NIFTY2621026400CE,26400.0,2026-02-10,412.9,
2026-01-07 09:22:52+05:30,NIFTY2621026400CE,26400.0,2026-02-10,412.9,
2026-01-07 09:22:53+05:30,NIFTY2621026400CE,26400.0,2026-02-10,412.9,
2026-01-07 09:22:54+05:30,NIFTY2621026400CE,26400.0,2026-02-10,412.9,
2026-01-07 09:22:55+05:30,NIFTY2621026400CE,26400.0,2026-02-10,412.9,
2026-01-07 09:22:56+05:30,NIFTY2621026400CE,26400.0,2026-02-10,412.9,
2026-01-07 09:22:57+05:30,NIFTY2621026400CE,26400.0,2026-02-10,412.9,
2026-01-07 09:22:58+05:30,NIFTY2621026400CE,26400.0,2026-02-10,412.9,
2026-01-07 09:22:59+05:30,NIFTY2621026400CE,26400.0,2026-02-10,412.9,
2026-01-07 09:23:00+05:30,NIFTY2621026400CE,26400.0,2026-02-10,412.9,
2026-01-07 09:23:01+05:30,NIFTY2621026400CE,26400.0,2026-02-10,412.9,
2026-01-07 09:23:02+05:30,NIFTY2621026400CE,26400.0,2026-02-10,412.9,
2026-01-07 09:23:03+05:30,NIFTY2621026400CE,26400.0,2026-02-10,412.9,
2026-01-07 09:23:04+05:30,NIFTY2621026400CE,26400.0,2026-02-10,412.9,
2026-01-07 09:23:05+05:30,NIFTY2621026400CE,26400.0,2026-02-10,412.9,
2026-01-07 09:23:06+05:30,NIFTY2621026400CE,26400.0,2026-02-10,412.9,
2026-01-07 09:23:07+05:30,NIFTY2621026400CE,26400.0,2026-02-10,412.9,
2026-01-07 09:23:08+05:30,NIFTY2621026400CE,26400.0,2026-02-10,412.9,
2026-01-07 09:23:09+05:30,NIFTY2621026400CE,26400.0,2026-02-10,412.9,
2026-01-07 09:23:10+05:30,NIFTY2621026400CE,26400.0,2026-02-10,412.9,
2026-01-07 09:23:11+05:30,NIFTY2621026400CE,26400.0,2026-02-10,412.9,
2026-01-07 09:23:12+05:30,NIFTY2621026400CE,26400.0,2026-02-10,412.9,
2026-01-07 09:23:13+05:30,NIFTY2621026400CE,26400.0,2026-02-10,412.9,
2026-01-07 09:23:14+05:30,NIFTY2621026400CE,26400.0,2026-02-10,412.9,
2026-01-07 09:23:15+05:30,NIFTY2621026400CE,26400.0,2026-02-10,412.9,
2026-01-07 09:23:16+05:30,NIFTY2621026400CE,26400.0,2026-02-10,412.9,
2026-01-07 09:23:17+05:30,NIFTY2621026400CE,26400.0,2026-02-10,412.9,
2026-01-07 09:23:18+05:30,NIFTY2621026400CE,26400.0,2026-02-10,412.9,
2026-01-07 09:23:19+05:30,NIFTY2621026400CE,26400.0,2026-02-10,412.9,
2026-01-07 09:23:20+05:30,NIFTY2621026400CE,26400.0,2026-02-10,412.9,
2026-01-07 09:23:21+05:30,NIFTY2621026400CE,26400.0,2026-02-10,412.9,
2026-01-07 09:23:22+05:30,NIFTY2621026400CE,26400.0,2026-02-10,412.9,
2026-01-07 09:23:23+05:30,NIFTY2621026400CE,26400.0,2026-02-10,412.9,
2026-01-07 09:23:24+05:30,NIFTY2621026400CE,26400.0,2026-02-10,412.9,
2026-01-07 09:23:25+05:30,NIFTY2621026400CE,26400.0,2026-02-10,412.9,
2026-01-07 09:23:26+05:30,NIFTY2621026400CE,26400.0,2026-02-10,412.9,
2026-01-07 09:23:27+05:30,NIFTY2621026400CE,26400.0,2026-02-10,412.9,
2026-01-07 09:23:28+05:30,NIFTY2621026400CE,26400.0,2026-02-10,412.9,
2026-01-07 09:23:29+05:30,NIFTY2621026400CE,26400.0,2026-02-10,412.9,
2026-01-07 09:23:30+05:30,NIFTY2621026400CE,26400.0,2026-02-10,412.9,
2026-01-07 09:23:31+05:30,NIFTY2621026400CE,26400.0,2026-02-10,412.9,
2026-01-07 09:23:32+05:30,NIFTY2621026400CE,26400.0,2026-02-10,412.9,
2026-01-07 09:23:33+05:30,NIFTY2621026400CE,26400.0,2026-02-10,412.9,
2026-01-07 09:23:34+05:30,NIFTY2621026400CE,26400.0,2026-02-10,412.9,
2026-01-07 09:23:35+05:30,NIFTY2621026400CE,26400.0,2026-02-10,412.9,
2026-01-07 09:23:36+05:30,NIFTY2621026400CE,26400.0,2026-02-10,412.9,
2026-01-07 09:23:37+05:30,NIFTY2621026400CE,26400.0,2026-02-10,412.9,
2026-01-07 09:23:38+05:30,NIFTY2621026400CE,26400.0,2026-02-10,412.9,
2026-01-07 09:23:39+05:30,NIFTY2621026400CE,26400.0,2026-02-10,412.9,
2026-01-07 09:23:40+05:30,NIFTY2621026400CE,26400.0,2026-02-10,412.9,
2026-01-07 09:23:41+05:30,NIFTY2621026400CE,26400.0,2026-02-10,412.9,
2026-01-07 09:23:42+05:30,NIFTY2621026400CE,26400.0,2026-02-10,412.9,
2026-01-07 09:23:43+05:30,NIFTY2621026400CE,26400.0,2026-02-10,412.9,
2026-01-07 09:23:44+05:30,NIFTY2621026400CE,26400.0,2026-02-10,412.9,
2026-01-07 09:23:45+05:30,NIFTY2621026400CE,26400.0,2026-02-10,412.9,
2026-01-07 09:23:46+05:30,NIFTY2621026400CE,26400.0,2026-02-10,412.9,
2026-01-07 09:23:47+05:30,NIFTY2621026400CE,26400.0,2026-02-10,412.9,
2026-01-07 09:23:48+05:30,NIFTY2621026400CE,26400.0,2026-02-10,412.9,
2026-01-07 09:23:49+05:30,NIFTY2621026400CE,26400.0,2026-02-10,412.9,
2026-01-07 09:23:50+05:30,NIFTY2621026400CE,26400.0,2026-02-10,412.9,
2026-01-07 09:23:51+05:30,NIFTY2621026400CE,26400.0,2026-02-10,412.9,
2026-01-07 09:23:52+05:30,NIFTY2621026400CE,26400.0,2026-02-10,412.9,
2026-01-07 09:23:53+05:30,NIFTY2621026400CE,26400.0,2026-02-10,412.9,
2026-01-07 09:23:54+05:30,NIFTY2621026400CE,26400.0,2026-02-10,412.9,
2026-01-07 09:23:55+05:30,NIFTY2621026400CE,26400.0,2026-02-10,412.9,
2026-01-07 09:23:56+05:30,NIFTY2621026400CE,26400.0,2026-02-10,412.9,
2026-01-07 09:23:57+05:30,NIFTY2621026400CE,26400.0,2026-02-10,412.9,
2026-01-07 09:23:58+05:30,NIFTY2621026400CE,26400.0,2026-02-10,412.9,
2026-01-07 09:23:59+05:30,NIFTY2621026400CE,26400.0,2026-02-10,412.9,
2026-01-07 09:24:00+05:30,NIFTY2621026400CE,26400.0,2026-02-10,412.9,
2026-01-07 09:24:01+05:30,NIFTY2621026400CE,26400.0,2026-02-10,412.9,
2026-01-07 09:24:02+05:30,NIFTY2621026400CE,26400.0,2026-02-10,412.9,
2026-01-07 09:24:03+05:30,NIFTY2621026400CE,26400.0,2026-02-10,412.9,
2026-01-07 09:24:04+05:30,NIFTY2621026400CE,26400.0,2026-02-10,412.9,
2026-01-07 09:24:05+05:30,NIFTY2621026400CE,26400.0,2026-02-10,412.9,
2026-01-07 09:24:06+05:30,NIFTY2621026400CE,26400.0,2026-02-10,412.9,
2026-01-07 09:24:07+05:30,NIFTY2621026400CE,26400.0,2026-02-10,412.9,
2026-01-07 09:24:08+05:30,NIFTY2621026400CE,26400.0,2026-02-10,412.9,
2026-01-07 09:24:09+05:30,NIFTY2621026400CE,26400.0,2026-02-10,412.9,
2026-01-07 09:24:10+05:30,NIFTY2621026400CE,26400.0,2026-02-10,412.9,
2026-01-07 09:24:11+05:30,NIFTY2621026400CE,26400.0,2026-02-10,412.9,
2026-01-07 09:24:12+05:30,NIFTY2621026400CE,26400.0,2026-02-10,412.9,
2026-01-07 09:24:13+05:30,NIFTY2621026400CE,26400.0,2026-02-10,412.9,
2026-01-07 09:24:14+05:30,NIFTY2621026400CE,26400.0,2026-02-10,412.9,
2026-01-07 09:24:15+05:30,NIFTY2621026400CE,26400.0,2026-02-10,412.9,
2026-01-07 09:24:16+05:30,NIFTY2621026400CE,26400.0,2026-02-10,412.9,
2026-01-07 09:24:17+05:30,NIFTY2621026400CE,26400.0,2026-02-10,412.9,
2026-01-07 09:24:18+05:30,NIFTY2621026400CE,26400.0,2026-02-10,412.9,
2026-01-07 09:24:19+05:30,NIFTY2621026400CE,26400.0,2026-02-10,412.9,
2026-01-07 09:24:20+05:30,NIFTY2621026400CE,26400.0,2026-02-10,412.9,
2026-01-07 09:24:21+05:30,NIFTY2621026400CE,26400.0,2026-02-10,412.9,
2026-01-07 09:24:22+05:30,NIFTY2621026400CE,26400.0,2026-02-10,412.9,
2026-01-07 09:24:23+05:30,NIFTY2621026400CE,26400.0,2026-02-10,412.9,
2026-01-07 09:24:24+05:30,NIFTY2621026400CE,26400.0,2026-02-10,412.9,
2026-01-07 09:24:25+05:30,NIFTY2621026400CE,26400.0,2026-02-10,412.9,
2026-01-07 09:24:26+05:30,NIFTY2621026400CE,26400.0,2026-02-10,412.9,
2026-01-07 09:24:27+05:30,NIFTY2621026400CE,26400.0,2026-02-10,412.9,
2026-01-07 09:24:28+05:30,NIFTY2621026400CE,26400.0,2026-02-10,412.9,
2026-01-07 09:24:29+05:30,NIFTY2621026400CE,26400.0,2026-02-10,412.9,
2026-01-07 09:24:30+05:30,NIFTY2621026400CE,26400.0,2026-02-10,412.9,
2026-01-07 09:24:31+05:30,NIFTY2621026400CE,26400.0,2026-02-10,412.9,
2026-01-07 09:24:32+05:30,NIFTY2621026400CE,26400.0,2026-02-10,412.9,
2026-01-07 09:24:33+05:30,NIFTY2621026400CE,26400.0,2026-02-10,412.9,
2026-01-07 09:24:34+05:30,NIFTY2621026400CE,26400.0,2026-02-10,412.9,
2026-01-07 09:24:35+05:30,NIFTY2621026400CE,26400.0,2026-02-10,412.9,
2026-01-07 09:24:36+05:30,NIFTY2621026400CE,26400.0,2026-02-10,412.9,
2026-01-07 09:24:37+05:30,NIFTY2621026400CE,26400.0,2026-02-10,412.9,
2026-01-07 09:24:38+05:30,NIFTY2621026400CE,26400.0,2026-02-10,412.9,
2026-01-07 09:24:39+05:30,NIFTY2621026400CE,26400.0,2026-02-10,412.9,
2026-01-07 09:24:40+05:30,NIFTY2621026400CE,26400.0,2026-02-10,412.9,
2026-01-07 09:24:41+05:30,NIFTY2621026400CE,26400.0,2026-02-10,412.9,
2026-01-07 09:24:42+05:30,NIFTY2621026400CE,26400.0,2026-02-10,412.9,
2026-01-07 09:24:43+05:30,NIFTY2621026400CE,26400.0,2026-02-10,412.9,
2026-01-07 09:24:44+05:30,NIFTY2621026400CE,26400.0,2026-02-10,412.9,
2026-01-07 09:24:45+05:30,NIFTY2621026400CE,26400.0,2026-02-10,412.9,
2026-01-07 09:24:46+05:30,NIFTY2621026400CE,26400.0,2026-02-10,412.9,
2026-01-07 09:24:47+05:30,NIFTY2621026400CE,26400.0,2026-02-10,412.9,
2026-01-07 09:24:48+05:30,NIFTY2621026400CE,26400.0,2026-02-10,412.9,
2026-01-07 09:24:49+05:30,NIFTY2621026400CE,26400.0,2026-02-10,412.9,
2026-01-07 09:24:50+05:30,NIFTY2621026400CE,26400.0,2026-02-10,412.9,
2026-01-07 09:24:51+05:30,NIFTY2621026400CE,26400.0,2026-02-10,412.9,
2026-01-07 09:24:52+05:30,NIFTY2621026400CE,26400.0,2026-02-10,412.9,
2026-01-07 09:24:53+05:30,NIFTY2621026400CE,26400.0,2026-02-10,412.9,
2026-01-07 09:24:54+05:30,NIFTY2621026400CE,26400.0,2026-02-10,412.9,
2026-01-07 09:24:55+05:30,NIFTY2621026400CE,26400.0,2026-02-10,412.9,
2026-01-07 09:24:56+05:30,NIFTY2621026400CE,26400.0,2026-02-10,412.9,
2026-01-07 09:24:57+05:30,NIFTY2621026400CE,26400.0,2026-02-10,412.9,
2026-01-07 09:24:58+05:30,NIFTY2621026400CE,26400.0,2026-02-10,412.9,
2026-01-07 09:24:59+05:30,NIFTY2621026400CE,26400.0,2026-02-10,412.9,
2026-01-07 09:25:00+05:30,NIFTY2621026400CE,26400.0,2026-02-10,412.9,
2026-01-07 09:25:01+05:30,NIFTY2621026400CE,26400.0,2026-02-10,412.9,
2026-01-07 09:25:02+05:30,NIFTY2621026400CE,26400.0,2026-02-10,412.9,
2026-01-07 09:25:03+05:30,NIFTY2621026400CE,26400.0,2026-02-10,412.9,
2026-01-07 09:25:04+05:30,NIFTY2621026400CE,26400.0,2026-02-10,412.9,
2026-01-07 09:25:05+05:30,NIFTY2621026400CE,26400.0,2026-02-10,412.9,
2026-01-07 09:25:06+05:30,NIFTY2621026400CE,26400.0,2026-02-10,412.9,
2026-01-07 09:25:07+05:30,NIFTY2621026400CE,26400.0,2026-02-10,412.9,
2026-01-07 09:25:08+05:30,NIFTY2621026400CE,26400.0,2026-02-10,412.9,
2026-01-07 09:25:09+05:30,NIFTY2621026400CE,26400.0,2026-02-10,412.9,
2026-01-07 09:25:10+05:30,NIFTY2621026400CE,26400.0,2026-02-10,412.9,
2026-01-07 09:25:11+05:30,NIFTY2621026400CE,26400.0,2026-02-10,412.9,
2026-01-07 09:25:12+05:30,NIFTY2621026400CE,26400.0,2026-02-10,412.9,
2026-01-07 09:25:13+05:30,NIFTY2621026400CE,26400.0,2026-02-10,412.9,
2026-01-07 09:25:14+05:30,NIFTY2621026400CE,26400.0,2026-02-10,412.9,
2026-01-07 09:25:15+05:30,NIFTY2621026400CE,26400.0,2026-02-10,412.9,
2026-01-07 09:25:16+05:30,NIFTY2621026400CE,26400.0,2026-02-10,412.9,
2026-01-07 09:25:17+05:30,NIFTY2621026400CE,26400.0,2026-02-10,412.9,
2026-01-07 09:25:18+05:30,NIFTY2621026400CE,26400.0,2026-02-10,412.9,
2026-01-07 09:25:19+05:30,NIFTY2621026400CE,26400.0,2026-02-10,412.9,
2026-01-07 09:25:20+05:30,NIFTY2621026400CE,26400.0,2026-02-10,412.9,
2026-01-07 09:25:21+05:30,NIFTY2621026400CE,26400.0,2026-02-10,412.9,
2026-01-07 09:25:22+05:30,NIFTY2621026400CE,26400.0,2026-02-10,412.9,
2026-01-07 09:25:23+05:30,NIFTY2621026400CE,26400.0,2026-02-10,412.9,
2026-01-07 09:25:24+05:30,NIFTY2621026400CE,26400.0,2026-02-10,412.9,
2026-01-07 09:25:25+05:30,NIFTY2621026400CE,26400.0,2026-02-10,412.9,
2026-01-07 09:25:26+05:30,NIFTY2621026400CE,26400.0,2026-02-10,412.9,
2026-01-07 09:25:27+05:30,NIFTY2621026400CE,26400.0,2026-02-10,412.9,
2026-01-07 09:25:28+05:30,NIFTY2621026400CE,26400.0,2026-02-10,412.9,
2026-01-07 09:25:29+05:30,NIFTY2621026400CE,26400.0,2026-02-10,412.9,
2026-01-07 09:25:30+05:30,NIFTY2621026400CE,26400.0,2026-02-10,412.9,
2026-01-07 09:25:31+05:30,NIFTY2621026400CE,26400.0,2026-02-10,412.9,
2026-01-07 09:25:32+05:30,NIFTY2621026400CE,26400.0,2026-02-10,412.9,
2026-01-07 09:25:33+05:30,NIFTY2621026400CE,26400.0,2026-02-10,412.9,
2026-01-07 09:25:34+05:30,NIFTY2621026400CE,26400.0,2026-02-10,412.9,
2026-01-07 09:25:35+05:30,NIFTY2621026400CE,26400.0,2026-02-10,412.9,
2026-01-07 09:25:36+05:30,NIFTY2621026400CE,26400.0,2026-02-10,412.9,
2026-01-07 09:25:37+05:30,NIFTY2621026400CE,26400.0,2026-02-10,412.9,
2026-01-07 09:25:38+05:30,NIFTY2621026400CE,26400.0,2026-02-10,412.9,
2026-01-07 09:25:39+05:30,NIFTY2621026400CE,26400.0,2026-02-10,412.9,
2026-01-07 09:25:40+05:30,NIFTY2621026400CE,26400.0,2026-02-10,412.9,
2026-01-07 09:25:41+05:30,NIFTY2621026400CE,26400.0,2026-02-10,412.9,
2026-01-07 09:25:42+05:30,NIFTY2621026400CE,26400.0,2026-02-10,412.9,
2026-01-07 09:25:43+05:30,NIFTY2621026400CE,26400.0,2026-02-10,412.9,
2026-01-07 09:25:44+05:30,NIFTY2621026400CE,26400.0,2026-02-10,412.9,
2026-01-07 09:25:45+05:30,NIFTY2621026400CE,26400.0,2026-02-10,412.9,
2026-01-07 09:25:46+05:30,NIFTY2621026400CE,26400.0,2026-02-10,412.9,
2026-01-07 09:25:47+05:30,NIFTY2621026400CE,26400.0,2026-02-10,412.9,
2026-01-07 09:25:48+05:30,NIFTY2621026400CE,26400.0,2026-02-10,412.9,
2026-01-07 09:25:49+05:30,NIFTY2621026400CE,26400.0,2026-02-10,412.9,
2026-01-07 09:25:50+05:30,NIFTY2621026400CE,26400.0,2026-02-10,412.9,
2026-01-07 09:25:51+05:30,NIFTY2621026400CE,26400.0,2026-02-10,412.9,
2026-01-07 09:25:52+05:30,NIFTY2621026400CE,26400.0,2026-02-10,412.9,
2026-01-07 09:25:53+05:30,NIFTY2621026400CE,26400.0,2026-02-10,412.9,
2026-01-07 09:25:54+05:30,NIFTY2621026400CE,26400.0,2026-02-10,412.9,
2026-01-07 09:25:55+05:30,NIFTY2621026400CE,26400.0,2026-02-10,412.9,
2026-01-07 09:25:56+05:30,NIFTY2621026400CE,26400.0,2026-02-10,412.9,
2026-01-07 09:25:57+05:30,NIFTY2621026400CE,26400.0,2026-02-10,412.9,
2026-01-07 09:25:58+05:30,NIFTY2621026400CE,26400.0,2026-02-10,412.9,
2026-01-07 09:25:59+05:30,NIFTY2621026400CE,26400.0,2026-02-10,412.9,
2026-01-07 09:26:00+05:30,NIFTY2621026400CE,26400.0,2026-02-10,412.9,
2026-01-07 09:26:01+05:30,NIFTY2621026400CE,26400.0,2026-02-10,412.9,
2026-01-07 09:26:02+05:30,NIFTY2621026400CE,26400.0,2026-02-10,412.9,
2026-01-07 09:26:03+05:30,NIFTY2621026400CE,26400.0,2026-02-10,412.9,
2026-01-07 09:26:04+05:30,NIFTY2621026400CE,26400.0,2026-02-10,412.9,
2026-01-07 09:26:05+05:30,NIFTY2621026400CE,26400.0,2026-02-10,412.9,
2026-01-07 09:26:06+05:30,NIFTY2621026400CE,26400.0,2026-02-10,412.9,
2026-01-07 09:26:07+05:30,NIFTY2621026400CE,26400.0,2026-02-10,412.9,
2026-01-07 09:26:08+05:30,NIFTY2621026400CE,26400.0,2026-02-10,412.9,
2026-01-07 09:26:09+05:30,NIFTY2621026400CE,26400.0,2026-02-10,412.9,
2026-01-07 09:26:10+05:30,NIFTY2621026400CE,26400.0,2026-02-10,412.9,
2026-01-07 09:26:11+05:30,NIFTY2621026400CE,26400.0,2026-02-10,412.9,
2026-01-07 09:26:12+05:30,NIFTY2621026400CE,26400.0,2026-02-10,412.9,
2026-01-07 09:26:13+05:30,NIFTY2621026400CE,26400.0,2026-02-10,412.9,
2026-01-07 09:26:14+05:30,NIFTY2621026400CE,26400.0,2026-02-10,412.9,
2026-01-07 09:26:15+05:30,NIFTY2621026400CE,26400.0,2026-02-10,412.9,
2026-01-07 09:26:16+05:30,NIFTY2621026400CE,26400.0,2026-02-10,412.9,
2026-01-07 09:26:17+05:30,NIFTY2621026400CE,26400.0,2026-02-10,412.9,
2026-01-07 09:26:18+05:30,NIFTY2621026400CE,26400.0,2026-02-10,412.9,
2026-01-07 09:26:19+05:30,NIFTY2621026400CE,26400.0,2026-02-10,412.9,
2026-01-07 09:26:20+05:30,NIFTY2621026400CE,26400.0,2026-02-10,412.9,
2026-01-07 09:26:21+05:30,NIFTY2621026400CE,26400.0,2026-02-10,412.9,
2026-01-07 09:26:22+05:30,NIFTY2621026400CE,26400.0,2026-02-10,412.9,
2026-01-07 09:26:23+05:30,NIFTY2621026400CE,26400.0,2026-02-10,412.9,
2026-01-07 09:26:24+05:30,NIFTY2621026400CE,26400.0,2026-02-10,412.9,
2026-01-07 09:26:25+05:30,NIFTY2621026400CE,26400.0,2026-02-10,412.9,
2026-01-07 09:26:26+05:30,NIFTY2621026400CE,26400.0,2026-02-10,412.9,
2026-01-07 09:26:27+05:30,NIFTY2621026400CE,26400.0,2026-02-10,412.9,
2026-01-07 09:26:28+05:30,NIFTY2621026400CE,26400.0,2026-02-10,412.9,
2026-01-07 09:26:29+05:30,NIFTY2621026400CE,26400.0,2026-02-10,412.9,
2026-01-07 09:26:30+05:30,NIFTY2621026400CE,26400.0,2026-02-10,412.9,
2026-01-07 09:26:31+05:30,NIFTY2621026400CE,26400.0,2026-02-10,412.9,
2026-01-07 09:26:32+05:30,NIFTY2621026400CE,26400.0,2026-02-10,412.9,
2026-01-07 09:26:33+05:30,NIFTY2621026400CE,26400.0,2026-02-10,412.9,
2026-01-07 09:26:34+05:30,NIFTY2621026400CE,26400.0,2026-02-10,412.9,
2026-01-07 09:26:35+05:30,NIFTY2621026400CE,26400.0,2026-02-10,412.9,
2026-01-07 09:26:36+05:30,NIFTY2621026400CE,26400.0,2026-02-10,412.9,
2026-01-07 09:26:37+05:30,NIFTY2621026400CE,26400.0,2026-02-10,412.9,
2026-01-07 09:26:38+05:30,NIFTY2621026400CE,26400.0,2026-02-10,412.9,
2026-01-07 09:26:39+05:30,NIFTY2621026400CE,26400.0,2026-02-10,412.9,
2026-01-07 09:26:40+05:30,NIFTY2621026400CE,26400.0,2026-02-10,412.9,
2026-01-07 09:26:41+05:30,NIFTY2621026400CE,26400.0,2026-02-10,412.9,
2026-01-07 09:26:42+05:30,NIFTY2621026400CE,26400.0,2026-02-10,412.9,
2026-01-07 09:26:43+05:30,NIFTY2621026400CE,26400.0,2026-02-10,412.9,
2026-01-07 09:26:44+05:30,NIFTY2621026400CE,26400.0,2026-02-10,412.9,
2026-01-07 09:26:45+05:30,NIFTY2621026400CE,26400.0,2026-02-10,412.9,
2026-01-07 09:26:46+05:30,NIFTY2621026400CE,26400.0,2026-02-10,412.9,
2026-01-07 09:26:47+05:30,NIFTY2621026400CE,26400.0,2026-02-10,412.9,
2026-01-07 09:26:48+05:30,NIFTY2621026400CE,26400.0,2026-02-10,412.9,
2026-01-07 09:26:49+05:30,NIFTY2621026400CE,26400.0,2026-02-10,412.9,
2026-01-07 09:26:50+05:30,NIFTY2621026400CE,26400.0,2026-02-10,412.9,
2026-01-07 09:26:51+05:30,NIFTY2621026400CE,26400.0,2026-02-10,412.9,
2026-01-07 09:26:52+05:30,NIFTY2621026400CE,26400.0,2026-02-10,412.9,
2026-01-07 09:26:53+05:30,NIFTY2621026400CE,26400.0,2026-02-10,412.9,
2026-01-07 09:26:54+05:30,NIFTY2621026400CE,26400.0,2026-02-10,412.9,
2026-01-07 09:26:55+05:30,NIFTY2621026400CE,26400.0,2026-02-10,412.9,
2026-01-07 09:26:56+05:30,NIFTY2621026400CE,26400.0,2026-02-10,412.9,
2026-01-07 09:26:57+05:30,NIFTY2621026400CE,26400.0,2026-02-10,412.9,
2026-01-07 09:26:58+05:30,NIFTY2621026400CE,26400.0,2026-02-10,412.9,
2026-01-07 09:26:59+05:30,NIFTY2621026400CE,26400.0,2026-02-10,412.9,
2026-01-07 09:27:00+05:30,NIFTY2621026400CE,26400.0,2026-02-10,412.9,
2026-01-07 09:27:01+05:30,NIFTY2621026400CE,26400.0,2026-02-10,412.9,
2026-01-07 09:27:02+05:30,NIFTY2621026400CE,26400.0,2026-02-10,412.9,
2026-01-07 09:27:03+05:30,NIFTY2621026400CE,26400.0,2026-02-10,412.9,
2026-01-07 09:27:04+05:30,NIFTY2621026400CE,26400.0,2026-02-10,412.9,
2026-01-07 09:27:05+05:30,NIFTY2621026400CE,26400.0,2026-02-10,412.9,
2026-01-07 09:27:06+05:30,NIFTY2621026400CE,26400.0,2026-02-10,412.9,
2026-01-07 09:27:07+05:30,NIFTY2621026400CE,26400.0,2026-02-10,412.9,
2026-01-07 09:27:08+05:30,NIFTY2621026400CE,26400.0,2026-02-10,412.9,
2026-01-07 09:27:09+05:30,NIFTY2621026400CE,26400.0,2026-02-10,412.9,
2026-01-07 09:27:10+05:30,NIFTY2621026400CE,26400.0,2026-02-10,412.9,
2026-01-07 09:27:11+05:30,NIFTY2621026400CE,26400.0,2026-02-10,412.9,
2026-01-07 09:27:12+05:30,NIFTY2621026400CE,26400.0,2026-02-10,412.9,
2026-01-07 09:27:13+05:30,NIFTY2621026400CE,26400.0,2026-02-10,412.9,
2026-01-07 09:27:14+05:30,NIFTY2621026400CE,26400.0,2026-02-10,412.9,
2026-01-07 09:27:15+05:30,NIFTY2621026400CE,26400.0,2026-02-10,412.9,
2026-01-07 09:27:16+05:30,NIFTY2621026400CE,26400.0,2026-02-10,412.9,
2026-01-07 09:27:17+05:30,NIFTY2621026400CE,26400.0,2026-02-10,412.9,
2026-01-07 09:27:18+05:30,NIFTY2621026400CE,26400.0,2026-02-10,412.9,
2026-01-07 09:27:19+05:30,NIFTY2621026400CE,26400.0,2026-02-10,412.9,
2026-01-07 09:27:20+05:30,NIFTY2621026400CE,26400.0,2026-02-10,412.9,
2026-01-07 09:27:21+05:30,NIFTY2621026400CE,26400.0,2026-02-10,412.9,
2026-01-07 09:27:22+05:30,NIFTY2621026400CE,26400.0,2026-02-10,412.9,
2026-01-07 09:27:23+05:30,NIFTY2621026400CE,26400.0,2026-02-10,412.9,
2026-01-07 09:27:24+05:30,NIFTY2621026400CE,26400.0,2026-02-10,412.9,
2026-01-07 09:27:25+05:30,NIFTY2621026400CE,26400.0,2026-02-10,412.9,
2026-01-07 09:27:26+05:30,NIFTY2621026400CE,26400.0,2026-02-10,412.9,
2026-01-07 09:27:27+05:30,NIFTY2621026400CE,26400.0,2026-02-10,412.9,
2026-01-07 09:27:28+05:30,NIFTY2621026400CE,26400.0,2026-02-10,412.9,
2026-01-07 09:27:29+05:30,NIFTY2621026400CE,26400.0,2026-02-10,412.9,
2026-01-07 09:27:30+05:30,NIFTY2621026400CE,26400.0,2026-02-10,412.9,
2026-01-07 09:27:31+05:30,NIFTY2621026400CE,26400.0,2026-02-10,412.9,
2026-01-07 09:27:32+05:30,NIFTY2621026400CE,26400.0,2026-02-10,412.9,
2026-01-07 09:27:33+05:30,NIFTY2621026400CE,26400.0,2026-02-10,412.9,
2026-01-07 09:27:34+05:30,NIFTY2621026400CE,26400.0,2026-02-10,412.9,
2026-01-07 09:27:35+05:30,NIFTY2621026400CE,26400.0,2026-02-10,412.9,
2026-01-07 09:27:36+05:30,NIFTY2621026400CE,26400.0,2026-02-10,412.9,
2026-01-07 09:27:37+05:30,NIFTY2621026400CE,26400.0,2026-02-10,412.9,
2026-01-07 09:27:38+05:30,NIFTY2621026400CE,26400.0,2026-02-10,412.9,
2026-01-07 09:27:39+05:30,NIFTY2621026400CE,26400.0,2026-02-10,412.9,
2026-01-07 09:27:40+05:30,NIFTY2621026400CE,26400.0,2026-02-10,412.9,
2026-01-07 09:27:41+05:30,NIFTY2621026400CE,26400.0,2026-02-10,412.9,
2026-01-07 09:27:42+05:30,NIFTY2621026400CE,26400.0,2026-02-10,412.9,
2026-01-07 09:27:43+05:30,NIFTY2621026400CE,26400.0,2026-02-10,412.9,
2026-01-07 09:27:44+05:30,NIFTY2621026400CE,26400.0,2026-02-10,412.9,
2026-01-07 09:27:45+05:30,NIFTY2621026400CE,26400.0,2026-02-10,412.9,
2026-01-07 09:27:46+05:30,NIFTY2621026400CE,26400.0,2026-02-10,412.9,
2026-01-07 09:27:47+05:30,NIFTY2621026400CE,26400.0,2026-02-10,412.9,
2026-01-07 09:27:48+05:30,NIFTY2621026400CE,26400.0,2026-02-10,412.9,
2026-01-07 09:27:49+05:30,NIFTY2621026400CE,26400.0,2026-02-10,412.9,
2026-01-07 09:27:50+05:30,NIFTY2621026400CE,26400.0,2026-02-10,412.9,
2026-01-07 09:27:51+05:30,NIFTY2621026400CE,26400.0,2026-02-10,412.9,
2026-01-07 09:27:52+05:30,NIFTY2621026400CE,26400.0,2026-02-10,412.9,
2026-01-07 09:27:53+05:30,NIFTY2621026400CE,26400.0,2026-02-10,412.9,
2026-01-07 09:27:54+05:30,NIFTY2621026400CE,26400.0,2026-02-10,412.9,
2026-01-07 09:27:55+05:30,NIFTY2621026400CE,26400.0,2026-02-10,412.9,
2026-01-07 09:27:56+05:30,NIFTY2621026400CE,26400.0,2026-02-10,412.9,
2026-01-07 09:27:57+05:30,NIFTY2621026400CE,26400.0,2026-02-10,412.9,
2026-01-07 09:27:58+05:30,NIFTY2621026400CE,26400.0,2026-02-10,412.9,
2026-01-07 09:27:59+05:30,NIFTY2621026400CE,26400.0,2026-02-10,412.9,
2026-01-07 09:28:00+05:30,NIFTY2621026400CE,26400.0,2026-02-10,412.9,
2026-01-07 09:28:01+05:30,NIFTY2621026400CE,26400.0,2026-02-10,412.9,
2026-01-07 09:28:02+05:30,NIFTY2621026400CE,26400.0,2026-02-10,412.9,
2026-01-07 09:28:03+05:30,NIFTY2621026400CE,26400.0,2026-02-10,412.9,
2026-01-07 09:28:04+05:30,NIFTY2621026400CE,26400.0,2026-02-10,412.9,
2026-01-07 09:28:05+05:30,NIFTY2621026400CE,26400.0,2026-02-10,412.9,
2026-01-07 09:28:06+05:30,NIFTY2621026400CE,26400.0,2026-02-10,412.9,
2026-01-07 09:28:07+05:30,NIFTY2621026400CE,26400.0,2026-02-10,412.9,
2026-01-07 09:28:08+05:30,NIFTY2621026400CE,26400.0,2026-02-10,412.9,
2026-01-07 09:28:09+05:30,NIFTY2621026400CE,26400.0,2026-02-10,412.9,
2026-01-07 09:28:10+05:30,NIFTY2621026400CE,26400.0,2026-02-10,412.9,
2026-01-07 09:28:11+05:30,NIFTY2621026400CE,26400.0,2026-02-10,412.9,
2026-01-07 09:28:12+05:30,NIFTY2621026400CE,26400.0,2026-02-10,412.9,
2026-01-07 09:28:13+05:30,NIFTY2621026400CE,26400.0,2026-02-10,412.9,
2026-01-07 09:28:14+05:30,NIFTY2621026400CE,26400.0,2026-02-10,412.9,
2026-01-07 09:28:15+05:30,NIFTY2621026400CE,26400.0,2026-02-10,412.9,
2026-01-07 09:28:16+05:30,NIFTY2621026400CE,26400.0,2026-02-10,412.9,
2026-01-07 09:28:17+05:30,NIFTY2621026400CE,26400.0,2026-02-10,412.9,
2026-01-07 09:28:18+05:30,NIFTY2621026400CE,26400.0,2026-02-10,412.9,
2026-01-07 09:28:19+05:30,NIFTY2621026400CE,26400.0,2026-02-10,412.9,
2026-01-07 09:28:20+05:30,NIFTY2621026400CE,26400.0,2026-02-10,412.9,
2026-01-07 09:28:21+05:30,NIFTY2621026400CE,26400.0,2026-02-10,412.9,
2026-01-07 09:28:22+05:30,NIFTY2621026400CE,26400.0,2026-02-10,412.9,
2026-01-07 09:28:23+05:30,NIFTY2621026400CE,26400.0,2026-02-10,412.9,
2026-01-07 09:28:24+05:30,NIFTY2621026400CE,26400.0,2026-02-10,412.9,
2026-01-07 09:28:25+05:30,NIFTY2621026400CE,26400.0,2026-02-10,412.9,
2026-01-07 09:28:26+05:30,NIFTY2621026400CE,26400.0,2026-02-10,412.9,
2026-01-07 09:28:27+05:30,NIFTY2621026400CE,26400.0,2026-02-10,412.9,
2026-01-07 09:28:28+05:30,NIFTY2621026400CE,26400.0,2026-02-10,412.9,
2026-01-07 09:28:29+05:30,NIFTY2621026400CE,26400.0,2026-02-10,412.9,
2026-01-07 09:28:30+05:30,NIFTY2621026400CE,26400.0,2026-02-10,412.9,
2026-01-07 09:28:31+05:30,NIFTY2621026400CE,26400.0,2026-02-10,412.9,
2026-01-07 09:28:32+05:30,NIFTY2621026400CE,26400.0,2026-02-10,412.9,
2026-01-07 09:28:33+05:30,NIFTY2621026400CE,26400.0,2026-02-10,412.9,
2026-01-07 09:28:34+05:30,NIFTY2621026400CE,26400.0,2026-02-10,412.9,
2026-01-07 09:28:35+05:30,NIFTY2621026400CE,26400.0,2026-02-10,412.9,
2026-01-07 09:28:36+05:30,NIFTY2621026400CE,26400.0,2026-02-10,412.9,
2026-01-07 09:28:37+05:30,NIFTY2621026400CE,26400.0,2026-02-10,412.9,
2026-01-07 09:28:38+05:30,NIFTY2621026400CE,26400.0,2026-02-10,412.9,
2026-01-07 09:28:39+05:30,NIFTY2621026400CE,26400.0,2026-02-10,412.9,
2026-01-07 09:28:40+05:30,NIFTY2621026400CE,26400.0,2026-02-10,412.9,
2026-01-07 09:28:41+05:30,NIFTY2621026400CE,26400.0,2026-02-10,412.9,
2026-01-07 09:28:42+05:30,NIFTY2621026400CE,26400.0,2026-02-10,412.9,
2026-01-07 09:28:43+05:30,NIFTY2621026400CE,26400.0,2026-02-10,412.9,
2026-01-07 09:28:44+05:30,NIFTY2621026400CE,26400.0,2026-02-10,412.9,
2026-01-07 09:28:45+05:30,NIFTY2621026400CE,26400.0,2026-02-10,412.9,
2026-01-07 09:28:46+05:30,NIFTY2621026400CE,26400.0,2026-02-10,412.9,
2026-01-07 09:28:47+05:30,NIFTY2621026400CE,26400.0,2026-02-10,412.9,
2026-01-07 09:28:48+05:30,NIFTY2621026400CE,26400.0,2026-02-10,412.9,
2026-01-07 09:28:49+05:30,NIFTY2621026400CE,26400.0,2026-02-10,412.9,
2026-01-07 09:28:50+05:30,NIFTY2621026400CE,26400.0,2026-02-10,412.9,
2026-01-07 09:28:51+05:30,NIFTY2621026400CE,26400.0,2026-02-10,412.9,
2026-01-07 09:28:52+05:30,NIFTY2621026400CE,26400.0,2026-02-10,412.9,
2026-01-07 09:28:53+05:30,NIFTY2621026400CE,26400.0,2026-02-10,412.9,
2026-01-07 09:28:54+05:30,NIFTY2621026400CE,26400.0,2026-02-10,412.9,
2026-01-07 09:28:55+05:30,NIFTY2621026400CE,26400.0,2026-02-10,412.9,
2026-01-07 09:28:56+05:30,NIFTY2621026400CE,26400.0,2026-02-10,412.9,
2026-01-07 09:28:57+05:30,NIFTY2621026400CE,26400.0,2026-02-10,412.9,
2026-01-07 09:28:58+05:30,NIFTY2621026400CE,26400.0,2026-02-10,412.9,
2026-01-07 09:28:59+05:30,NIFTY2621026400CE,26400.0,2026-02-10,412.9,
2026-01-07 09:29:00+05:30,NIFTY2621026400CE,26400.0,2026-02-10,412.9,
2026-01-07 09:29:01+05:30,NIFTY2621026400CE,26400.0,2026-02-10,412.9,
2026-01-07 09:29:02+05:30,NIFTY2621026400CE,26400.0,2026-02-10,412.9,
2026-01-07 09:29:03+05:30,NIFTY2621026400CE,26400.0,2026-02-10,412.9,
2026-01-07 09:29:04+05:30,NIFTY2621026400CE,26400.0,2026-02-10,412.9,
2026-01-07 09:29:05+05:30,NIFTY2621026400CE,26400.0,2026-02-10,412.9,
2026-01-07 09:29:06+05:30,NIFTY2621026400CE,26400.0,2026-02-10,412.9,
2026-01-07 09:29:07+05:30,NIFTY2621026400CE,26400.0,2026-02-10,412.9,
2026-01-07 09:29:08+05:30,NIFTY2621026400CE,26400.0,2026-02-10,412.9,
2026-01-07 09:29:09+05:30,NIFTY2621026400CE,26400.0,2026-02-10,412.9,
2026-01-07 09:29:10+05:30,NIFTY2621026400CE,26400.0,2026-02-10,412.9,
2026-01-07 09:29:11+05:30,NIFTY2621026400CE,26400.0,2026-02-10,412.9,
2026-01-07 09:29:12+05:30,NIFTY2621026400CE,26400.0,2026-02-10,412.9,
2026-01-07 09:29:13+05:30,NIFTY2621026400CE,26400.0,2026-02-10,412.9,
2026-01-07 09:29:14+05:30,NIFTY2621026400CE,26400.0,2026-02-10,412.9,
2026-01-07 09:29:15+05:30,NIFTY2621026400CE,26400.0,2026-02-10,412.9,
2026-01-07 09:29:16+05:30,NIFTY2621026400CE,26400.0,2026-02-10,412.9,
2026-01-07 09:29:17+05:30,NIFTY2621026400CE,26400.0,2026-02-10,412.9,
2026-01-07 09:29:18+05:30,NIFTY2621026400CE,26400.0,2026-02-10,412.9,
2026-01-07 09:29:19+05:30,NIFTY2621026400CE,26400.0,2026-02-10,412.9,
2026-01-07 09:29:20+05:30,NIFTY2621026400CE,26400.0,2026-02-10,412.9,
2026-01-07 09:29:21+05:30,NIFTY2621026400CE,26400.0,2026-02-10,412.9,
2026-01-07 09:29:22+05:30,NIFTY2621026400CE,26400.0,2026-02-10,412.9,
2026-01-07 09:29:23+05:30,NIFTY2621026400CE,26400.0,2026-02-10,412.9,
2026-01-07 09:29:24+05:30,NIFTY2621026400CE,26400.0,2026-02-10,412.9,
2026-01-07 09:29:25+05:30,NIFTY2621026400CE,26400.0,2026-02-10,412.9,
2026-01-07 09:29:26+05:30,NIFTY2621026400CE,26400.0,2026-02-10,412.9,
2026-01-07 09:29:27+05:30,NIFTY2621026400CE,26400.0,2026-02-10,412.9,
2026-01-07 09:29:28+05:30,NIFTY2621026400CE,26400.0,2026-02-10,412.9,
2026-01-07 09:29:29+05:30,NIFTY2621026400CE,26400.0,2026-02-10,412.9,
2026-01-07 09:29:30+05:30,NIFTY2621026400CE,26400.0,2026-02-10,412.9,
2026-01-07 09:29:31+05:30,NIFTY2621026400CE,26400.0,2026-02-10,412.9,
2026-01-07 09:29:32+05:30,NIFTY2621026400CE,26400.0,2026-02-10,412.9,
2026-01-07 09:29:33+05:30,NIFTY2621026400CE,26400.0,2026-02-10,412.9,
2026-01-07 09:29:34+05:30,NIFTY2621026400CE,26400.0,2026-02-10,412.9,
2026-01-07 09:29:35+05:30,NIFTY2621026400CE,26400.0,2026-02-10,412.9,
2026-01-07 09:29:36+05:30,NIFTY2621026400CE,26400.0,2026-02-10,412.9,
2026-01-07 09:29:37+05:30,NIFTY2621026400CE,26400.0,2026-02-10,412.9,
2026-01-07 09:29:38+05:30,NIFTY2621026400CE,26400.0,2026-02-10,412.9,
2026-01-07 09:29:39+05:30,NIFTY2621026400CE,26400.0,2026-02-10,412.9,
2026-01-07 09:29:40+05:30,NIFTY2621026400CE,26400.0,2026-02-10,412.9,
2026-01-07 09:29:41+05:30,NIFTY2621026400CE,26400.0,2026-02-10,412.9,
2026-01-07 09:29:42+05:30,NIFTY2621026400CE,26400.0,2026-02-10,412.9,
2026-01-07 09:29:43+05:30,NIFTY2621026400CE,26400.0,2026-02-10,412.9,
2026-01-07 09:29:44+05:30,NIFTY2621026400CE,26400.0,2026-02-10,412.9,
2026-01-07 09:29:45+05:30,NIFTY2621026400CE,26400.0,2026-02-10,412.9,
2026-01-07 09:29:46+05:30,NIFTY2621026400CE,26400.0,2026-02-10,412.9,
2026-01-07 09:29:47+05:30,NIFTY2621026400CE,26400.0,2026-02-10,412.9,
2026-01-07 09:29:48+05:30,NIFTY2621026400CE,26400.0,2026-02-10,412.9,
2026-01-07 09:29:49+05:30,NIFTY2621026400CE,26400.0,2026-02-10,412.9,
2026-01-07 09:29:50+05:30,NIFTY2621026400CE,26400.0,2026-02-10,412.9,
2026-01-07 09:29:51+05:30,NIFTY2621026400CE,26400.0,2026-02-10,412.9,
2026-01-07 09:29:52+05:30,NIFTY2621026400CE,26400.0,2026-02-10,412.9,
2026-01-07 09:29:53+05:30,NIFTY2621026400CE,26400.0,2026-02-10,412.9,
2026-01-07 09:29:54+05:30,NIFTY2621026400CE,26400.0,2026-02-10,412.9,
2026-01-07 09:29:55+05:30,NIFTY2621026400CE,26400.0,2026-02-10,412.9,
2026-01-07 09:29:56+05:30,NIFTY2621026400CE,26400.0,2026-02-10,412.9,
2026-01-07 09:29:57+05:30,NIFTY2621026400CE,26400.0,2026-02-10,412.9,
2026-01-07 09:29:58+05:30,NIFTY2621026400CE,26400.0,2026-02-10,412.9,
2026-01-07 09:29:59+05:30,NIFTY2621026400CE,26400.0,2026-02-10,412.9,
2026-01-07 09:30:00+05:30,NIFTY2621026400CE,26400.0,2026-02-10,412.9,
2026-01-07 09:30:01+05:30,NIFTY2621026400CE,26400.0,2026-02-10,412.9,
2026-01-07 09:30:02+05:30,NIFTY2621026400CE,26400.0,2026-02-10,412.9,
2026-01-07 09:30:03+05:30,NIFTY2621026400CE,26400.0,2026-02-10,412.9,
2026-01-07 09:30:04+05:30,NIFTY2621026400CE,26400.0,2026-02-10,412.9,
2026-01-07 09:30:05+05:30,NIFTY2621026400CE,26400.0,2026-02-10,412.9,
2026-01-07 09:30:06+05:30,NIFTY2621026400CE,26400.0,2026-02-10,412.9,
2026-01-07 09:30:07+05:30,NIFTY2621026400CE,26400.0,2026-02-10,412.9,
2026-01-07 09:30:08+05:30,NIFTY2621026400CE,26400.0,2026-02-10,412.9,
2026-01-07 09:30:09+05:30,NIFTY2621026400CE,26400.0,2026-02-10,412.9,
2026-01-07 09:30:10+05:30,NIFTY2621026400CE,26400.0,2026-02-10,412.9,
2026-01-07 09:30:11+05:30,NIFTY2621026400CE,26400.0,2026-02-10,412.9,
2026-01-07 09:30:12+05:30,NIFTY2621026400CE,26400.0,2026-02-10,412.9,
2026-01-07 09:30:13+05:30,NIFTY2621026400CE,26400.0,2026-02-10,412.9,
2026-01-07 09:30:14+05:30,NIFTY2621026400CE,26400.0,2026-02-10,412.9,
2026-01-07 09:30:15+05:30,NIFTY2621026400CE,26400.0,2026-02-10,412.9,
2026-01-07 09:30:16+05:30,NIFTY2621026400CE,26400.0,2026-02-10,412.9,
2026-01-07 09:30:17+05:30,NIFTY2621026400CE,26400.0,2026-02-10,412.9,
2026-01-07 09:30:18+05:30,NIFTY2621026400CE,26400.0,2026-02-10,412.9,
2026-01-07 09:30:19+05:30,NIFTY2621026400CE,26400.0,2026-02-10,412.9,
2026-01-07 09:30:20+05:30,NIFTY2621026400CE,26400.0,2026-02-10,412.9,
2026-01-07 09:30:21+05:30,NIFTY2621026400CE,26400.0,2026-02-10,412.9,
2026-01-07 09:30:22+05:30,NIFTY2621026400CE,26400.0,2026-02-10,412.9,
2026-01-07 09:30:23+05:30,NIFTY2621026400CE,26400.0,2026-02-10,412.9,
2026-01-07 09:30:24+05:30,NIFTY2621026400CE,26400.0,2026-02-10,412.9,
2026-01-07 09:30:25+05:30,NIFTY2621026400CE,26400.0,2026-02-10,412.9,
2026-01-07 09:30:26+05:30,NIFTY2621026400CE,26400.0,2026-02-10,412.9,
2026-01-07 09:30:27+05:30,NIFTY2621026400CE,26400.0,2026-02-10,412.9,
2026-01-07 09:30:28+05:30,NIFTY2621026400CE,26400.0,2026-02-10,412.9,
2026-01-07 09:30:29+05:30,NIFTY2621026400CE,26400.0,2026-02-10,412.9,
2026-01-07 09:30:30+05:30,NIFTY2621026400CE,26400.0,2026-02-10,412.9,
2026-01-07 09:30:31+05:30,NIFTY2621026400CE,26400.0,2026-02-10,412.9,
2026-01-07 09:30:32+05:30,NIFTY2621026400CE,26400.0,2026-02-10,412.9,
2026-01-07 09:30:33+05:30,NIFTY2621026400CE,26400.0,2026-02-10,412.9,
2026-01-07 09:30:34+05:30,NIFTY2621026400CE,26400.0,2026-02-10,412.9,
2026-01-07 09:30:35+05:30,NIFTY2621026400CE,26400.0,2026-02-10,412.9,
2026-01-07 09:30:36+05:30,NIFTY2621026400CE,26400.0,2026-02-10,412.9,
2026-01-07 09:30:37+05:30,NIFTY2621026400CE,26400.0,2026-02-10,412.9,
2026-01-07 09:30:38+05:30,NIFTY2621026400CE,26400.0,2026-02-10,412.9,
2026-01-07 09:30:39+05:30,NIFTY2621026400CE,26400.0,2026-02-10,412.9,
2026-01-07 09:30:40+05:30,NIFTY2621026400CE,26400.0,2026-02-10,412.9,
2026-01-07 09:30:41+05:30,NIFTY2621026400CE,26400.0,2026-02-10,412.9,
2026-01-07 09:30:42+05:30,NIFTY2621026400CE,26400.0,2026-02-10,412.9,
2026-01-07 09:30:43+05:30,NIFTY2621026400CE,26400.0,2026-02-10,412.9,
2026-01-07 09:30:44+05:30,NIFTY2621026400CE,26400.0,2026-02-10,412.9,
2026-01-07 09:30:45+05:30,NIFTY2621026400CE,26400.0,2026-02-10,412.9,
2026-01-07 09:30:46+05:30,NIFTY2621026400CE,26400.0,2026-02-10,412.9,
2026-01-07 09:30:47+05:30,NIFTY2621026400CE,26400.0,2026-02-10,412.9,
2026-01-07 09:30:48+05:30,NIFTY2621026400CE,26400.0,2026-02-10,412.9,
2026-01-07 09:30:49+05:30,NIFTY2621026400CE,26400.0,2026-02-10,412.9,
2026-01-07 09:30:50+05:30,NIFTY2621026400CE,26400.0,2026-02-10,412.9,
2026-01-07 09:30:51+05:30,NIFTY2621026400CE,26400.0,2026-02-10,412.9,
2026-01-07 09:30:52+05:30,NIFTY2621026400CE,26400.0,2026-02-10,412.9,
2026-01-07 09:30:53+05:30,NIFTY2621026400CE,26400.0,2026-02-10,412.9,
2026-01-07 09:30:54+05:30,NIFTY2621026400CE,26400.0,2026-02-10,412.9,
2026-01-07 09:30:55+05:30,NIFTY2621026400CE,26400.0,2026-02-10,412.9,
2026-01-07 09:30:56+05:30,NIFTY2621026400CE,26400.0,2026-02-10,412.9,
2026-01-07 09:30:57+05:30,NIFTY2621026400CE,26400.0,2026-02-10,412.9,
2026-01-07 09:30:58+05:30,NIFTY2621026400CE,26400.0,2026-02-10,412.9,
2026-01-07 09:30:59+05:30,NIFTY2621026400CE,26400.0,2026-02-10,412.9,
2026-01-07 09:31:00+05:30,NIFTY2621026400CE,26400.0,2026-02-10,412.9,
2026-01-07 09:31:01+05:30,NIFTY2621026400CE,26400.0,2026-02-10,412.9,
2026-01-07 09:31:02+05:30,NIFTY2621026400CE,26400.0,2026-02-10,412.9,
2026-01-07 09:31:03+05:30,NIFTY2621026400CE,26400.0,2026-02-10,412.9,
2026-01-07 09:31:04+05:30,NIFTY2621026400CE,26400.0,2026-02-10,412.9,
2026-01-07 09:31:05+05:30,NIFTY2621026400CE,26400.0,2026-02-10,412.9,
2026-01-07 09:31:06+05:30,NIFTY2621026400CE,26400.0,2026-02-10,412.9,
2026-01-07 09:31:07+05:30,NIFTY2621026400CE,26400.0,2026-02-10,412.9,
2026-01-07 09:31:08+05:30,NIFTY2621026400CE,26400.0,2026-02-10,412.9,
2026-01-07 09:31:09+05:30,NIFTY2621026400CE,26400.0,2026-02-10,412.9,
2026-01-07 09:31:10+05:30,NIFTY2621026400CE,26400.0,2026-02-10,412.9,
2026-01-07 09:31:11+05:30,NIFTY2621026400CE,26400.0,2026-02-10,412.9,
2026-01-07 09:31:12+05:30,NIFTY2621026400CE,26400.0,2026-02-10,412.9,
2026-01-07 09:31:13+05:30,NIFTY2621026400CE,26400.0,2026-02-10,412.9,
2026-01-07 09:31:14+05:30,NIFTY2621026400CE,26400.0,2026-02-10,412.9,
2026-01-07 09:31:15+05:30,NIFTY2621026400CE,26400.0,2026-02-10,412.9,
2026-01-07 09:31:16+05:30,NIFTY2621026400CE,26400.0,2026-02-10,412.9,
2026-01-07 09:31:17+05:30,NIFTY2621026400CE,26400.0,2026-02-10,412.9,
2026-01-07 09:31:18+05:30,NIFTY2621026400CE,26400.0,2026-02-10,412.9,
2026-01-07 09:31:19+05:30,NIFTY2621026400CE,26400.0,2026-02-10,412.9,
2026-01-07 09:31:20+05:30,NIFTY2621026400CE,26400.0,2026-02-10,412.9,
2026-01-07 09:31:21+05:30,NIFTY2621026400CE,26400.0,2026-02-10,412.9,
2026-01-07 09:31:22+05:30,NIFTY2621026400CE,26400.0,2026-02-10,412.9,
2026-01-07 09:31:23+05:30,NIFTY2621026400CE,26400.0,2026-02-10,412.9,
2026-01-07 09:31:24+05:30,NIFTY2621026400CE,26400.0,2026-02-10,412.9,
2026-01-07 09:31:25+05:30,NIFTY2621026400CE,26400.0,2026-02-10,412.9,
2026-01-07 09:31:26+05:30,NIFTY2621026400CE,26400.0,2026-02-10,412.9,
2026-01-07 09:31:27+05:30,NIFTY2621026400CE,26400.0,2026-02-10,412.9,
2026-01-07 09:31:28+05:30,NIFTY2621026400CE,26400.0,2026-02-10,412.9,
2026-01-07 09:31:29+05:30,NIFTY2621026400CE,26400.0,2026-02-10,412.9,
2026-01-07 09:31:30+05:30,NIFTY2621026400CE,26400.0,2026-02-10,412.9,
2026-01-07 09:31:31+05:30,NIFTY2621026400CE,26400.0,2026-02-10,412.9,
2026-01-07 09:31:32+05:30,NIFTY2621026400CE,26400.0,2026-02-10,412.9,
2026-01-07 09:31:33+05:30,NIFTY2621026400CE,26400.0,2026-02-10,412.9,
2026-01-07 09:31:34+05:30,NIFTY2621026400CE,26400.0,2026-02-10,412.9,
2026-01-07 09:31:35+05:30,NIFTY2621026400CE,26400.0,2026-02-10,412.9,
2026-01-07 09:31:36+05:30,NIFTY2621026400CE,26400.0,2026-02-10,412.9,
2026-01-07 09:31:37+05:30,NIFTY2621026400CE,26400.0,2026-02-10,412.9,
2026-01-07 09:31:38+05:30,NIFTY2621026400CE,26400.0,2026-02-10,412.9,
2026-01-07 09:31:39+05:30,NIFTY2621026400CE,26400.0,2026-02-10,412.9,
2026-01-07 09:31:40+05:30,NIFTY2621026400CE,26400.0,2026-02-10,412.9,
2026-01-07 09:31:41+05:30,NIFTY2621026400CE,26400.0,2026-02-10,412.9,
2026-01-07 09:31:42+05:30,NIFTY2621026400CE,26400.0,2026-02-10,412.9,
2026-01-07 09:31:43+05:30,NIFTY2621026400CE,26400.0,2026-02-10,412.9,
2026-01-07 09:31:44+05:30,NIFTY2621026400CE,26400.0,2026-02-10,412.9,
2026-01-07 09:31:45+05:30,NIFTY2621026400CE,26400.0,2026-02-10,412.9,
2026-01-07 09:31:46+05:30,NIFTY2621026400CE,26400.0,2026-02-10,412.9,
2026-01-07 09:31:47+05:30,NIFTY2621026400CE,26400.0,2026-02-10,412.9,
2026-01-07 09:31:48+05:30,NIFTY2621026400CE,26400.0,2026-02-10,412.9,
2026-01-07 09:31:49+05:30,NIFTY2621026400CE,26400.0,2026-02-10,412.9,
2026-01-07 09:31:50+05:30,NIFTY2621026400CE,26400.0,2026-02-10,412.9,
2026-01-07 09:31:51+05:30,NIFTY2621026400CE,26400.0,2026-02-10,412.9,
2026-01-07 09:31:52+05:30,NIFTY2621026400CE,26400.0,2026-02-10,412.9,
2026-01-07 09:31:53+05:30,NIFTY2621026400CE,26400.0,2026-02-10,412.9,
2026-01-07 09:31:54+05:30,NIFTY2621026400CE,26400.0,2026-02-10,412.9,
2026-01-07 09:31:55+05:30,NIFTY2621026400CE,26400.0,2026-02-10,412.9,
2026-01-07 09:31:56+05:30,NIFTY2621026400CE,26400.0,2026-02-10,412.9,
2026-01-07 09:31:57+05:30,NIFTY2621026400CE,26400.0,2026-02-10,412.9,
2026-01-07 09:31:58+05:30,NIFTY2621026400CE,26400.0,2026-02-10,412.9,
2026-01-07 09:31:59+05:30,NIFTY2621026400CE,26400.0,2026-02-10,412.9,
2026-01-07 09:32:00+05:30,NIFTY2621026400CE,26400.0,2026-02-10,412.9,
2026-01-07 09:32:01+05:30,NIFTY2621026400CE,26400.0,2026-02-10,412.9,
2026-01-07 09:32:02+05:30,NIFTY2621026400CE,26400.0,2026-02-10,412.9,
2026-01-07 09:32:03+05:30,NIFTY2621026400CE,26400.0,2026-02-10,412.9,
2026-01-07 09:32:04+05:30,NIFTY2621026400CE,26400.0,2026-02-10,412.9,
2026-01-07 09:32:05+05:30,NIFTY2621026400CE,26400.0,2026-02-10,412.9,
2026-01-07 09:32:06+05:30,NIFTY2621026400CE,26400.0,2026-02-10,412.9,
2026-01-07 09:32:07+05:30,NIFTY2621026400CE,26400.0,2026-02-10,412.9,
2026-01-07 09:32:08+05:30,NIFTY2621026400CE,26400.0,2026-02-10,412.9,
2026-01-07 09:32:09+05:30,NIFTY2621026400CE,26400.0,2026-02-10,412.9,
2026-01-07 09:32:10+05:30,NIFTY2621026400CE,26400.0,2026-02-10,412.9,
2026-01-07 09:32:11+05:30,NIFTY2621026400CE,26400.0,2026-02-10,412.9,
2026-01-07 09:32:12+05:30,NIFTY2621026400CE,26400.0,2026-02-10,412.9,
2026-01-07 09:32:13+05:30,NIFTY2621026400CE,26400.0,2026-02-10,412.9,
2026-01-07 09:32:14+05:30,NIFTY2621026400CE,26400.0,2026-02-10,412.9,
2026-01-07 09:32:15+05:30,NIFTY2621026400CE,26400.0,2026-02-10,412.9,
2026-01-07 09:32:16+05:30,NIFTY2621026400CE,26400.0,2026-02-10,412.9,
2026-01-07 09:32:17+05:30,NIFTY2621026400CE,26400.0,2026-02-10,412.9,
2026-01-07 09:32:18+05:30,NIFTY2621026400CE,26400.0,2026-02-10,412.9,
2026-01-07 09:32:19+05:30,NIFTY2621026400CE,26400.0,2026-02-10,412.9,
2026-01-07 09:32:20+05:30,NIFTY2621026400CE,26400.0,2026-02-10,412.9,
2026-01-07 09:32:21+05:30,NIFTY2621026400CE,26400.0,2026-02-10,412.9,
2026-01-07 09:32:22+05:30,NIFTY2621026400CE,26400.0,2026-02-10,412.9,
2026-01-07 09:32:23+05:30,NIFTY2621026400CE,26400.0,2026-02-10,412.9,
2026-01-07 09:32:24+05:30,NIFTY2621026400CE,26400.0,2026-02-10,412.9,
2026-01-07 09:32:25+05:30,NIFTY2621026400CE,26400.0,2026-02-10,412.9,
2026-01-07 09:32:26+05:30,NIFTY2621026400CE,26400.0,2026-02-10,412.9,
2026-01-07 09:32:27+05:30,NIFTY2621026400CE,26400.0,2026-02-10,412.9,
2026-01-07 09:32:28+05:30,NIFTY2621026400CE,26400.0,2026-02-10,412.9,
2026-01-07 09:32:29+05:30,NIFTY2621026400CE,26400.0,2026-02-10,412.9,
2026-01-07 09:32:30+05:30,NIFTY2621026400CE,26400.0,2026-02-10,412.9,
2026-01-07 09:32:31+05:30,NIFTY2621026400CE,26400.0,2026-02-10,412.9,
2026-01-07 09:32:32+05:30,NIFTY2621026400CE,26400.0,2026-02-10,412.9,
2026-01-07 09:32:33+05:30,NIFTY2621026400CE,26400.0,2026-02-10,412.9,
2026-01-07 09:32:34+05:30,NIFTY2621026400CE,26400.0,2026-02-10,412.9,
2026-01-07 09:32:35+05:30,NIFTY2621026400CE,26400.0,2026-02-10,412.9,
2026-01-07 09:32:36+05:30,NIFTY2621026400CE,26400.0,2026-02-10,412.9,
2026-01-07 09:32:37+05:30,NIFTY2621026400CE,26400.0,2026-02-10,412.9,
2026-01-07 09:32:38+05:30,NIFTY2621026400CE,26400.0,2026-02-10,412.9,
2026-01-07 09:32:39+05:30,NIFTY2621026400CE,26400.0,2026-02-10,412.9,
2026-01-07 09:32:40+05:30,NIFTY2621026400CE,26400.0,2026-02-10,412.9,
2026-01-07 09:32:41+05:30,NIFTY2621026400CE,26400.0,2026-02-10,412.9,
2026-01-07 09:32:42+05:30,NIFTY2621026400CE,26400.0,2026-02-10,412.9,
2026-01-07 09:32:43+05:30,NIFTY2621026400CE,26400.0,2026-02-10,412.9,
2026-01-07 09:32:44+05:30,NIFTY2621026400CE,26400.0,2026-02-10,412.9,
2026-01-07 09:32:45+05:30,NIFTY2621026400CE,26400.0,2026-02-10,412.9,
2026-01-07 09:32:46+05:30,NIFTY2621026400CE,26400.0,2026-02-10,412.9,
2026-01-07 09:32:47+05:30,NIFTY2621026400CE,26400.0,2026-02-10,412.9,
2026-01-07 09:32:48+05:30,NIFTY2621026400CE,26400.0,2026-02-10,412.9,
2026-01-07 09:32:49+05:30,NIFTY2621026400CE,26400.0,2026-02-10,412.9,
2026-01-07 09:32:50+05:30,NIFTY2621026400CE,26400.0,2026-02-10,412.9,
2026-01-07 09:32:51+05:30,NIFTY2621026400CE,26400.0,2026-02-10,412.9,
2026-01-07 09:32:52+05:30,NIFTY2621026400CE,26400.0,2026-02-10,412.9,
2026-01-07 09:32:53+05:30,NIFTY2621026400CE,26400.0,2026-02-10,412.9,
2026-01-07 09:32:54+05:30,NIFTY2621026400CE,26400.0,2026-02-10,412.9,
2026-01-07 09:32:55+05:30,NIFTY2621026400CE,26400.0,2026-02-10,412.9,
2026-01-07 09:32:56+05:30,NIFTY2621026400CE,26400.0,2026-02-10,412.9,
2026-01-07 09:32:57+05:30,NIFTY2621026400CE,26400.0,2026-02-10,412.9,
2026-01-07 09:32:58+05:30,NIFTY2621026400CE,26400.0,2026-02-10,412.9,
2026-01-07 09:32:59+05:30,NIFTY2621026400CE,26400.0,2026-02-10,412.9,
2026-01-07 09:33:00+05:30,NIFTY2621026400CE,26400.0,2026-02-10,412.9,
2026-01-07 09:33:01+05:30,NIFTY2621026400CE,26400.0,2026-02-10,412.9,
2026-01-07 09:33:02+05:30,NIFTY2621026400CE,26400.0,2026-02-10,412.9,
2026-01-07 09:33:03+05:30,NIFTY2621026400CE,26400.0,2026-02-10,412.9,
2026-01-07 09:33:04+05:30,NIFTY2621026400CE,26400.0,2026-02-10,412.9,
2026-01-07 09:33:05+05:30,NIFTY2621026400CE,26400.0,2026-02-10,412.9,
2026-01-07 09:33:06+05:30,NIFTY2621026400CE,26400.0,2026-02-10,412.9,
2026-01-07 09:33:07+05:30,NIFTY2621026400CE,26400.0,2026-02-10,412.9,
2026-01-07 09:33:08+05:30,NIFTY2621026400CE,26400.0,2026-02-10,412.9,
2026-01-07 09:33:09+05:30,NIFTY2621026400CE,26400.0,2026-02-10,412.9,
2026-01-07 09:33:10+05:30,NIFTY2621026400CE,26400.0,2026-02-10,412.9,
2026-01-07 09:33:11+05:30,NIFTY2621026400CE,26400.0,2026-02-10,412.9,
2026-01-07 09:33:12+05:30,NIFTY2621026400CE,26400.0,2026-02-10,412.9,
2026-01-07 09:33:13+05:30,NIFTY2621026400CE,26400.0,2026-02-10,412.9,
2026-01-07 09:33:14+05:30,NIFTY2621026400CE,26400.0,2026-02-10,412.9,
2026-01-07 09:33:15+05:30,NIFTY2621026400CE,26400.0,2026-02-10,412.9,
2026-01-07 09:33:16+05:30,NIFTY2621026400CE,26400.0,2026-02-10,412.9,
2026-01-07 09:33:17+05:30,NIFTY2621026400CE,26400.0,2026-02-10,412.9,
2026-01-07 09:33:18+05:30,NIFTY2621026400CE,26400.0,2026-02-10,412.9,
2026-01-07 09:33:19+05:30,NIFTY2621026400CE,26400.0,2026-02-10,412.9,
2026-01-07 09:33:20+05:30,NIFTY2621026400CE,26400.0,2026-02-10,412.9,
2026-01-07 09:33:21+05:30,NIFTY2621026400CE,26400.0,2026-02-10,412.9,
2026-01-07 09:33:22+05:30,NIFTY2621026400CE,26400.0,2026-02-10,412.9,
2026-01-07 09:33:23+05:30,NIFTY2621026400CE,26400.0,2026-02-10,412.9,
2026-01-07 09:33:24+05:30,NIFTY2621026400CE,26400.0,2026-02-10,412.9,
2026-01-07 09:33:25+05:30,NIFTY2621026400CE,26400.0,2026-02-10,412.9,
2026-01-07 09:33:26+05:30,NIFTY2621026400CE,26400.0,2026-02-10,412.9,
2026-01-07 09:33:27+05:30,NIFTY2621026400CE,26400.0,2026-02-10,412.9,
2026-01-07 09:33:28+05:30,NIFTY2621026400CE,26400.0,2026-02-10,412.9,
2026-01-07 09:33:29+05:30,NIFTY2621026400CE,26400.0,2026-02-10,412.9,
2026-01-07 09:33:30+05:30,NIFTY2621026400CE,26400.0,2026-02-10,412.9,
2026-01-07 09:33:31+05:30,NIFTY2621026400CE,26400.0,2026-02-10,412.9,
2026-01-07 09:33:32+05:30,NIFTY2621026400CE,26400.0,2026-02-10,412.9,
2026-01-07 09:33:33+05:30,NIFTY2621026400CE,26400.0,2026-02-10,412.9,
2026-01-07 09:33:34+05:30,NIFTY2621026400CE,26400.0,2026-02-10,412.9,
2026-01-07 09:33:35+05:30,NIFTY2621026400CE,26400.0,2026-02-10,412.9,
2026-01-07 09:33:36+05:30,NIFTY2621026400CE,26400.0,2026-02-10,412.9,
2026-01-07 09:33:37+05:30,NIFTY2621026400CE,26400.0,2026-02-10,412.9,
2026-01-07 09:33:38+05:30,NIFTY2621026400CE,26400.0,2026-02-10,412.9,
2026-01-07 09:33:39+05:30,NIFTY2621026400CE,26400.0,2026-02-10,412.9,
2026-01-07 09:33:40+05:30,NIFTY2621026400CE,26400.0,2026-02-10,412.9,
2026-01-07 09:33:41+05:30,NIFTY2621026400CE,26400.0,2026-02-10,412.9,
2026-01-07 09:33:42+05:30,NIFTY2621026400CE,26400.0,2026-02-10,412.9,
2026-01-07 09:33:43+05:30,NIFTY2621026400CE,26400.0,2026-02-10,412.9,
2026-01-07 09:33:44+05:30,NIFTY2621026400CE,26400.0,2026-02-10,412.9,
2026-01-07 09:33:45+05:30,NIFTY2621026400CE,26400.0,2026-02-10,412.9,
2026-01-07 09:33:46+05:30,NIFTY2621026400CE,26400.0,2026-02-10,412.9,
2026-01-07 09:33:47+05:30,NIFTY2621026400CE,26400.0,2026-02-10,412.9,
2026-01-07 09:33:48+05:30,NIFTY2621026400CE,26400.0,2026-02-10,412.9,
2026-01-07 09:33:49+05:30,NIFTY2621026400CE,26400.0,2026-02-10,412.9,
2026-01-07 09:33:50+05:30,NIFTY2621026400CE,26400.0,2026-02-10,412.9,
2026-01-07 09:33:51+05:30,NIFTY2621026400CE,26400.0,2026-02-10,412.9,
2026-01-07 09:33:52+05:30,NIFTY2621026400CE,26400.0,2026-02-10,412.9,
2026-01-07 09:33:53+05:30,NIFTY2621026400CE,26400.0,2026-02-10,412.9,
2026-01-07 09:33:54+05:30,NIFTY2621026400CE,26400.0,2026-02-10,412.9,
2026-01-07 09:33:55+05:30,NIFTY2621026400CE,26400.0,2026-02-10,412.9,
2026-01-07 09:33:56+05:30,NIFTY2621026400CE,26400.0,2026-02-10,412.9,
2026-01-07 09:33:57+05:30,NIFTY2621026400CE,26400.0,2026-02-10,412.9,
2026-01-07 09:33:58+05:30,NIFTY2621026400CE,26400.0,2026-02-10,412.9,
2026-01-07 09:33:59+05:30,NIFTY2621026400CE,26400.0,2026-02-10,412.9,
2026-01-07 09:34:00+05:30,NIFTY2621026400CE,26400.0,2026-02-10,412.9,
2026-01-07 09:34:01+05:30,NIFTY2621026400CE,26400.0,2026-02-10,412.9,
2026-01-07 09:34:02+05:30,NIFTY2621026400CE,26400.0,2026-02-10,412.9,
2026-01-07 09:34:03+05:30,NIFTY2621026400CE,26400.0,2026-02-10,412.9,
2026-01-07 09:34:04+05:30,NIFTY2621026400CE,26400.0,2026-02-10,412.9,
2026-01-07 09:34:05+05:30,NIFTY2621026400CE,26400.0,2026-02-10,412.9,
2026-01-07 09:34:06+05:30,NIFTY2621026400CE,26400.0,2026-02-10,412.9,
2026-01-07 09:34:07+05:30,NIFTY2621026400CE,26400.0,2026-02-10,412.9,
2026-01-07 09:34:08+05:30,NIFTY2621026400CE,26400.0,2026-02-10,412.9,
2026-01-07 09:34:09+05:30,NIFTY2621026400CE,26400.0,2026-02-10,412.9,
2026-01-07 09:34:10+05:30,NIFTY2621026400CE,26400.0,2026-02-10,412.9,
2026-01-07 09:34:11+05:30,NIFTY2621026400CE,26400.0,2026-02-10,412.9,
2026-01-07 09:34:12+05:30,NIFTY2621026400CE,26400.0,2026-02-10,412.9,
2026-01-07 09:34:13+05:30,NIFTY2621026400CE,26400.0,2026-02-10,412.9,
2026-01-07 09:34:14+05:30,NIFTY2621026400CE,26400.0,2026-02-10,412.9,
2026-01-07 09:34:15+05:30,NIFTY2621026400CE,26400.0,2026-02-10,412.9,
2026-01-07 09:34:16+05:30,NIFTY2621026400CE,26400.0,2026-02-10,412.9,
2026-01-07 09:34:17+05:30,NIFTY2621026400CE,26400.0,2026-02-10,412.9,
2026-01-07 09:34:18+05:30,NIFTY2621026400CE,26400.0,2026-02-10,412.9,
2026-01-07 09:34:19+05:30,NIFTY2621026400CE,26400.0,2026-02-10,412.9,
2026-01-07 09:34:20+05:30,NIFTY2621026400CE,26400.0,2026-02-10,412.9,
2026-01-07 09:34:21+05:30,NIFTY2621026400CE,26400.0,2026-02-10,412.9,
2026-01-07 09:34:22+05:30,NIFTY2621026400CE,26400.0,2026-02-10,412.9,
2026-01-07 09:34:23+05:30,NIFTY2621026400CE,26400.0,2026-02-10,412.9,
2026-01-07 09:34:24+05:30,NIFTY2621026400CE,26400.0,2026-02-10,412.9,
2026-01-07 09:34:25+05:30,NIFTY2621026400CE,26400.0,2026-02-10,412.9,
2026-01-07 09:34:26+05:30,NIFTY2621026400CE,26400.0,2026-02-10,412.9,
2026-01-07 09:34:27+05:30,NIFTY2621026400CE,26400.0,2026-02-10,412.9,
2026-01-07 09:34:28+05:30,NIFTY2621026400CE,26400.0,2026-02-10,412.9,
2026-01-07 09:34:29+05:30,NIFTY2621026400CE,26400.0,2026-02-10,412.9,
2026-01-07 09:34:30+05:30,NIFTY2621026400CE,26400.0,2026-02-10,412.9,
2026-01-07 09:34:31+05:30,NIFTY2621026400CE,26400.0,2026-02-10,412.9,
2026-01-07 09:34:32+05:30,NIFTY2621026400CE,26400.0,2026-02-10,412.9,
2026-01-07 09:34:33+05:30,NIFTY2621026400CE,26400.0,2026-02-10,412.9,
2026-01-07 09:34:34+05:30,NIFTY2621026400CE,26400.0,2026-02-10,412.9,
2026-01-07 09:34:35+05:30,NIFTY2621026400CE,26400.0,2026-02-10,412.9,
2026-01-07 09:34:36+05:30,NIFTY2621026400CE,26400.0,2026-02-10,412.9,
2026-01-07 09:34:37+05:30,NIFTY2621026400CE,26400.0,2026-02-10,412.9,
2026-01-07 09:34:38+05:30,NIFTY2621026400CE,26400.0,2026-02-10,412.9,
2026-01-07 09:34:39+05:30,NIFTY2621026400CE,26400.0,2026-02-10,412.9,
2026-01-07 09:34:40+05:30,NIFTY2621026400CE,26400.0,2026-02-10,412.9,
2026-01-07 09:34:41+05:30,NIFTY2621026400CE,26400.0,2026-02-10,412.9,
2026-01-07 09:34:42+05:30,NIFTY2621026400CE,26400.0,2026-02-10,412.9,
2026-01-07 09:34:43+05:30,NIFTY2621026400CE,26400.0,2026-02-10,412.9,
2026-01-07 09:34:44+05:30,NIFTY2621026400CE,26400.0,2026-02-10,412.9,
2026-01-07 09:34:45+05:30,NIFTY2621026400CE,26400.0,2026-02-10,412.9,
2026-01-07 09:34:46+05:30,NIFTY2621026400CE,26400.0,2026-02-10,412.9,
2026-01-07 09:34:47+05:30,NIFTY2621026400CE,26400.0,2026-02-10,412.9,
2026-01-07 09:34:48+05:30,NIFTY2621026400CE,26400.0,2026-02-10,412.9,
2026-01-07 09:34:49+05:30,NIFTY2621026400CE,26400.0,2026-02-10,412.9,
2026-01-07 09:34:50+05:30,NIFTY2621026400CE,26400.0,2026-02-10,412.9,
2026-01-07 09:34:51+05:30,NIFTY2621026400CE,26400.0,2026-02-10,412.9,
2026-01-07 09:34:52+05:30,NIFTY2621026400CE,26400.0,2026-02-10,412.9,
2026-01-07 09:34:53+05:30,NIFTY2621026400CE,26400.0,2026-02-10,412.9,
2026-01-07 09:34:54+05:30,NIFTY2621026400CE,26400.0,2026-02-10,412.9,
2026-01-07 09:34:55+05:30,NIFTY2621026400CE,26400.0,2026-02-10,412.9,
2026-01-07 09:34:56+05:30,NIFTY2621026400CE,26400.0,2026-02-10,412.9,
2026-01-07 09:34:57+05:30,NIFTY2621026400CE,26400.0,2026-02-10,412.9,
2026-01-07 09:34:58+05:30,NIFTY2621026400CE,26400.0,2026-02-10,412.9,
2026-01-07 09:34:59+05:30,NIFTY2621026400CE,26400.0,2026-02-10,412.9,
2026-01-07 09:35:00+05:30,NIFTY2621026400CE,26400.0,2026-02-10,412.9,
2026-01-07 09:35:01+05:30,NIFTY2621026400CE,26400.0,2026-02-10,412.9,
2026-01-07 09:35:02+05:30,NIFTY2621026400CE,26400.0,2026-02-10,412.9,
2026-01-07 09:35:03+05:30,NIFTY2621026400CE,26400.0,2026-02-10,412.9,
2026-01-07 09:35:04+05:30,NIFTY2621026400CE,26400.0,2026-02-10,412.9,
2026-01-07 09:35:05+05:30,NIFTY2621026400CE,26400.0,2026-02-10,412.9,
2026-01-07 09:35:06+05:30,NIFTY2621026400CE,26400.0,2026-02-10,412.9,
2026-01-07 09:35:07+05:30,NIFTY2621026400CE,26400.0,2026-02-10,412.9,
2026-01-07 09:35:08+05:30,NIFTY2621026400CE,26400.0,2026-02-10,412.9,
2026-01-07 09:35:09+05:30,NIFTY2621026400CE,26400.0,2026-02-10,412.9,
2026-01-07 09:35:10+05:30,NIFTY2621026400CE,26400.0,2026-02-10,412.9,
2026-01-07 09:35:11+05:30,NIFTY2621026400CE,26400.0,2026-02-10,412.9,
2026-01-07 09:35:12+05:30,NIFTY2621026400CE,26400.0,2026-02-10,412.9,
2026-01-07 09:35:13+05:30,NIFTY2621026400CE,26400.0,2026-02-10,412.9,
2026-01-07 09:35:14+05:30,NIFTY2621026400CE,26400.0,2026-02-10,412.9,
2026-01-07 09:35:15+05:30,NIFTY2621026400CE,26400.0,2026-02-10,412.9,
2026-01-07 09:35:16+05:30,NIFTY2621026400CE,26400.0,2026-02-10,412.9,
2026-01-07 09:35:17+05:30,NIFTY2621026400CE,26400.0,2026-02-10,412.9,
2026-01-07 09:35:18+05:30,NIFTY2621026400CE,26400.0,2026-02-10,412.9,
2026-01-07 09:35:19+05:30,NIFTY2621026400CE,26400.0,2026-02-10,412.9,
2026-01-07 09:35:20+05:30,NIFTY2621026400CE,26400.0,2026-02-10,412.9,
2026-01-07 09:35:21+05:30,NIFTY2621026400CE,26400.0,2026-02-10,412.9,
2026-01-07 09:35:22+05:30,NIFTY2621026400CE,26400.0,2026-02-10,412.9,
2026-01-07 09:35:23+05:30,NIFTY2621026400CE,26400.0,2026-02-10,412.9,
2026-01-07 09:35:24+05:30,NIFTY2621026400CE,26400.0,2026-02-10,412.9,
2026-01-07 09:35:25+05:30,NIFTY2621026400CE,26400.0,2026-02-10,412.9,
2026-01-07 09:35:26+05:30,NIFTY2621026400CE,26400.0,2026-02-10,412.9,
2026-01-07 09:35:27+05:30,NIFTY2621026400CE,26400.0,2026-02-10,412.9,
2026-01-07 09:35:28+05:30,NIFTY2621026400CE,26400.0,2026-02-10,412.9,
2026-01-07 09:35:29+05:30,NIFTY2621026400CE,26400.0,2026-02-10,412.9,
2026-01-07 09:35:30+05:30,NIFTY2621026400CE,26400.0,2026-02-10,412.9,
2026-01-07 09:35:31+05:30,NIFTY2621026400CE,26400.0,2026-02-10,412.9,
2026-01-07 09:35:32+05:30,NIFTY2621026400CE,26400.0,2026-02-10,412.9,
2026-01-07 09:35:33+05:30,NIFTY2621026400CE,26400.0,2026-02-10,412.9,
2026-01-07 09:35:34+05:30,NIFTY2621026400CE,26400.0,2026-02-10,412.9,
2026-01-07 09:35:35+05:30,NIFTY2621026400CE,26400.0,2026-02-10,412.9,
2026-01-07 09:35:36+05:30,NIFTY2621026400CE,26400.0,2026-02-10,412.9,
2026-01-07 09:35:37+05:30,NIFTY2621026400CE,26400.0,2026-02-10,412.9,
2026-01-07 09:35:38+05:30,NIFTY2621026400CE,26400.0,2026-02-10,412.9,
2026-01-07 09:35:39+05:30,NIFTY2621026400CE,26400.0,2026-02-10,412.9,
2026-01-07 09:35:40+05:30,NIFTY2621026400CE,26400.0,2026-02-10,412.9,
2026-01-07 09:35:41+05:30,NIFTY2621026400CE,26400.0,2026-02-10,412.9,
2026-01-07 09:35:42+05:30,NIFTY2621026400CE,26400.0,2026-02-10,412.9,
2026-01-07 09:35:43+05:30,NIFTY2621026400CE,26400.0,2026-02-10,412.9,
2026-01-07 09:35:44+05:30,NIFTY2621026400CE,26400.0,2026-02-10,412.9,
2026-01-07 09:35:45+05:30,NIFTY2621026400CE,26400.0,2026-02-10,412.9,
2026-01-07 09:35:46+05:30,NIFTY2621026400CE,26400.0,2026-02-10,412.9,
2026-01-07 09:35:47+05:30,NIFTY2621026400CE,26400.0,2026-02-10,412.9,
2026-01-07 09:35:48+05:30,NIFTY2621026400CE,26400.0,2026-02-10,412.9,
2026-01-07 09:35:49+05:30,NIFTY2621026400CE,26400.0,2026-02-10,412.9,
2026-01-07 09:35:50+05:30,NIFTY2621026400CE,26400.0,2026-02-10,412.9,
2026-01-07 09:35:51+05:30,NIFTY2621026400CE,26400.0,2026-02-10,412.9,
2026-01-07 09:35:52+05:30,NIFTY2621026400CE,26400.0,2026-02-10,412.9,
2026-01-07 09:35:53+05:30,NIFTY2621026400CE,26400.0,2026-02-10,412.9,
2026-01-07 09:35:54+05:30,NIFTY2621026400CE,26400.0,2026-02-10,412.9,
2026-01-07 09:35:55+05:30,NIFTY2621026400CE,26400.0,2026-02-10,412.9,
2026-01-07 09:35:56+05:30,NIFTY2621026400CE,26400.0,2026-02-10,412.9,
2026-01-07 09:35:57+05:30,NIFTY2621026400CE,26400.0,2026-02-10,412.9,
2026-01-07 09:35:58+05:30,NIFTY2621026400CE,26400.0,2026-02-10,412.9,
2026-01-07 09:35:59+05:30,NIFTY2621026400CE,26400.0,2026-02-10,412.9,
2026-01-07 09:36:00+05:30,NIFTY2621026400CE,26400.0,2026-02-10,412.9,
2026-01-07 09:36:01+05:30,NIFTY2621026400CE,26400.0,2026-02-10,412.9,
2026-01-07 09:36:02+05:30,NIFTY2621026400CE,26400.0,2026-02-10,412.9,
2026-01-07 09:36:03+05:30,NIFTY2621026400CE,26400.0,2026-02-10,412.9,
2026-01-07 09:36:04+05:30,NIFTY2621026400CE,26400.0,2026-02-10,412.9,
2026-01-07 09:36:05+05:30,NIFTY2621026400CE,26400.0,2026-02-10,412.9,
2026-01-07 09:36:06+05:30,NIFTY2621026400CE,26400.0,2026-02-10,412.9,
2026-01-07 09:36:07+05:30,NIFTY2621026400CE,26400.0,2026-02-10,412.9,
2026-01-07 09:36:08+05:30,NIFTY2621026400CE,26400.0,2026-02-10,412.9,
2026-01-07 09:36:09+05:30,NIFTY2621026400CE,26400.0,2026-02-10,412.9,
2026-01-07 09:36:10+05:30,NIFTY2621026400CE,26400.0,2026-02-10,412.9,
2026-01-07 09:36:11+05:30,NIFTY2621026400CE,26400.0,2026-02-10,412.9,
2026-01-07 09:36:12+05:30,NIFTY2621026400CE,26400.0,2026-02-10,412.9,
2026-01-07 09:36:13+05:30,NIFTY2621026400CE,26400.0,2026-02-10,412.9,
2026-01-07 09:36:14+05:30,NIFTY2621026400CE,26400.0,2026-02-10,412.9,
2026-01-07 09:36:15+05:30,NIFTY2621026400CE,26400.0,2026-02-10,412.9,
2026-01-07 09:36:16+05:30,NIFTY2621026400CE,26400.0,2026-02-10,412.9,
2026-01-07 09:36:17+05:30,NIFTY2621026400CE,26400.0,2026-02-10,412.9,
2026-01-07 09:36:18+05:30,NIFTY2621026400CE,26400.0,2026-02-10,412.9,
2026-01-07 09:36:19+05:30,NIFTY2621026400CE,26400.0,2026-02-10,412.9,
2026-01-07 09:36:20+05:30,NIFTY2621026400CE,26400.0,2026-02-10,412.9,
2026-01-07 09:36:21+05:30,NIFTY2621026400CE,26400.0,2026-02-10,412.9,
2026-01-07 09:36:22+05:30,NIFTY2621026400CE,26400.0,2026-02-10,412.9,
2026-01-07 09:36:23+05:30,NIFTY2621026400CE,26400.0,2026-02-10,412.9,
2026-01-07 09:36:24+05:30,NIFTY2621026400CE,26400.0,2026-02-10,412.9,
2026-01-07 09:36:25+05:30,NIFTY2621026400CE,26400.0,2026-02-10,412.9,
2026-01-07 09:36:26+05:30,NIFTY2621026400CE,26400.0,2026-02-10,412.9,
2026-01-07 09:36:27+05:30,NIFTY2621026400CE,26400.0,2026-02-10,412.9,
2026-01-07 09:36:28+05:30,NIFTY2621026400CE,26400.0,2026-02-10,412.9,
2026-01-07 09:36:29+05:30,NIFTY2621026400CE,26400.0,2026-02-10,412.9,
2026-01-07 09:36:30+05:30,NIFTY2621026400CE,26400.0,2026-02-10,412.9,
2026-01-07 09:36:31+05:30,NIFTY2621026400CE,26400.0,2026-02-10,412.9,
2026-01-07 09:36:32+05:30,NIFTY2621026400CE,26400.0,2026-02-10,412.9,
2026-01-07 09:36:33+05:30,NIFTY2621026400CE,26400.0,2026-02-10,412.9,
2026-01-07 09:36:34+05:30,NIFTY2621026400CE,26400.0,2026-02-10,412.9,
2026-01-07 09:36:35+05:30,NIFTY2621026400CE,26400.0,2026-02-10,412.9,
2026-01-07 09:36:36+05:30,NIFTY2621026400CE,26400.0,2026-02-10,412.9,
2026-01-07 09:36:37+05:30,NIFTY2621026400CE,26400.0,2026-02-10,412.9,
2026-01-07 09:36:38+05:30,NIFTY2621026400CE,26400.0,2026-02-10,412.9,
2026-01-07 09:36:39+05:30,NIFTY2621026400CE,26400.0,2026-02-10,412.9,
2026-01-07 09:36:40+05:30,NIFTY2621026400CE,26400.0,2026-02-10,412.9,
2026-01-07 09:36:41+05:30,NIFTY2621026400CE,26400.0,2026-02-10,412.9,
2026-01-07 09:36:42+05:30,NIFTY2621026400CE,26400.0,2026-02-10,412.9,
2026-01-07 09:36:43+05:30,NIFTY2621026400CE,26400.0,2026-02-10,412.9,
2026-01-07 09:36:44+05:30,NIFTY2621026400CE,26400.0,2026-02-10,412.9,
2026-01-07 09:36:45+05:30,NIFTY2621026400CE,26400.0,2026-02-10,412.9,
2026-01-07 09:36:46+05:30,NIFTY2621026400CE,26400.0,2026-02-10,412.9,
2026-01-07 09:36:47+05:30,NIFTY2621026400CE,26400.0,2026-02-10,412.9,
2026-01-07 09:36:48+05:30,NIFTY2621026400CE,26400.0,2026-02-10,412.9,
2026-01-07 09:36:49+05:30,NIFTY2621026400CE,26400.0,2026-02-10,412.9,
2026-01-07 09:36:50+05:30,NIFTY2621026400CE,26400.0,2026-02-10,412.9,
2026-01-07 09:36:51+05:30,NIFTY2621026400CE,26400.0,2026-02-10,412.9,
2026-01-07 09:36:52+05:30,NIFTY2621026400CE,26400.0,2026-02-10,412.9,
2026-01-07 09:36:53+05:30,NIFTY2621026400CE,26400.0,2026-02-10,412.9,
2026-01-07 09:36:54+05:30,NIFTY2621026400CE,26400.0,2026-02-10,412.9,
2026-01-07 09:36:55+05:30,NIFTY2621026400CE,26400.0,2026-02-10,412.9,
2026-01-07 09:36:56+05:30,NIFTY2621026400CE,26400.0,2026-02-10,412.9,
2026-01-07 09:36:57+05:30,NIFTY2621026400CE,26400.0,2026-02-10,412.9,
2026-01-07 09:36:58+05:30,NIFTY2621026400CE,26400.0,2026-02-10,412.9,
2026-01-07 09:36:59+05:30,NIFTY2621026400CE,26400.0,2026-02-10,412.9,
2026-01-07 09:37:00+05:30,NIFTY2621026400CE,26400.0,2026-02-10,412.9,
2026-01-07 09:37:01+05:30,NIFTY2621026400CE,26400.0,2026-02-10,412.9,
2026-01-07 09:37:02+05:30,NIFTY2621026400CE,26400.0,2026-02-10,412.9,
2026-01-07 09:37:03+05:30,NIFTY2621026400CE,26400.0,2026-02-10,412.9,
2026-01-07 09:37:04+05:30,NIFTY2621026400CE,26400.0,2026-02-10,412.9,
2026-01-07 09:37:05+05:30,NIFTY2621026400CE,26400.0,2026-02-10,412.9,
2026-01-07 09:37:06+05:30,NIFTY2621026400CE,26400.0,2026-02-10,412.9,
2026-01-07 09:37:07+05:30,NIFTY2621026400CE,26400.0,2026-02-10,412.9,
2026-01-07 09:37:08+05:30,NIFTY2621026400CE,26400.0,2026-02-10,412.9,
2026-01-07 09:37:09+05:30,NIFTY2621026400CE,26400.0,2026-02-10,412.9,
2026-01-07 09:37:10+05:30,NIFTY2621026400CE,26400.0,2026-02-10,412.9,
2026-01-07 09:37:11+05:30,NIFTY2621026400CE,26400.0,2026-02-10,412.9,
2026-01-07 09:37:12+05:30,NIFTY2621026400CE,26400.0,2026-02-10,412.9,
2026-01-07 09:37:13+05:30,NIFTY2621026400CE,26400.0,2026-02-10,412.9,
2026-01-07 09:37:14+05:30,NIFTY2621026400CE,26400.0,2026-02-10,412.9,
2026-01-07 09:37:15+05:30,NIFTY2621026400CE,26400.0,2026-02-10,412.9,
2026-01-07 09:37:16+05:30,NIFTY2621026400CE,26400.0,2026-02-10,412.9,
2026-01-07 09:37:17+05:30,NIFTY2621026400CE,26400.0,2026-02-10,412.9,
2026-01-07 09:37:18+05:30,NIFTY2621026400CE,26400.0,2026-02-10,412.9,
2026-01-07 09:37:19+05:30,NIFTY2621026400CE,26400.0,2026-02-10,412.9,
2026-01-07 09:37:20+05:30,NIFTY2621026400CE,26400.0,2026-02-10,412.9,
2026-01-07 09:37:21+05:30,NIFTY2621026400CE,26400.0,2026-02-10,412.9,
2026-01-07 09:37:22+05:30,NIFTY2621026400CE,26400.0,2026-02-10,412.9,
2026-01-07 09:37:23+05:30,NIFTY2621026400CE,26400.0,2026-02-10,412.9,
2026-01-07 09:37:24+05:30,NIFTY2621026400CE,26400.0,2026-02-10,412.9,
2026-01-07 09:37:25+05:30,NIFTY2621026400CE,26400.0,2026-02-10,412.9,
2026-01-07 09:37:26+05:30,NIFTY2621026400CE,26400.0,2026-02-10,412.9,
2026-01-07 09:37:27+05:30,NIFTY2621026400CE,26400.0,2026-02-10,412.9,
2026-01-07 09:37:28+05:30,NIFTY2621026400CE,26400.0,2026-02-10,412.9,
2026-01-07 09:37:29+05:30,NIFTY2621026400CE,26400.0,2026-02-10,412.9,
2026-01-07 09:37:30+05:30,NIFTY2621026400CE,26400.0,2026-02-10,412.9,
2026-01-07 09:37:31+05:30,NIFTY2621026400CE,26400.0,2026-02-10,412.9,
2026-01-07 09:37:32+05:30,NIFTY2621026400CE,26400.0,2026-02-10,412.9,
2026-01-07 09:37:33+05:30,NIFTY2621026400CE,26400.0,2026-02-10,412.9,
2026-01-07 09:37:34+05:30,NIFTY2621026400CE,26400.0,2026-02-10,412.9,
2026-01-07 09:37:35+05:30,NIFTY2621026400CE,26400.0,2026-02-10,412.9,
2026-01-07 09:37:36+05:30,NIFTY2621026400CE,26400.0,2026-02-10,412.9,
2026-01-07 09:37:37+05:30,NIFTY2621026400CE,26400.0,2026-02-10,412.9,
2026-01-07 09:37:38+05:30,NIFTY2621026400CE,26400.0,2026-02-10,412.9,
2026-01-07 09:37:39+05:30,NIFTY2621026400CE,26400.0,2026-02-10,412.9,
2026-01-07 09:37:40+05:30,NIFTY2621026400CE,26400.0,2026-02-10,412.9,
2026-01-07 09:37:41+05:30,NIFTY2621026400CE,26400.0,2026-02-10,412.9,
2026-01-07 09:37:42+05:30,NIFTY2621026400CE,26400.0,2026-02-10,412.9,
2026-01-07 09:37:43+05:30,NIFTY2621026400CE,26400.0,2026-02-10,412.9,
2026-01-07 09:37:44+05:30,NIFTY2621026400CE,26400.0,2026-02-10,412.9,
2026-01-07 09:37:45+05:30,NIFTY2621026400CE,26400.0,2026-02-10,412.9,
2026-01-07 09:37:46+05:30,NIFTY2621026400CE,26400.0,2026-02-10,412.9,
2026-01-07 09:37:47+05:30,NIFTY2621026400CE,26400.0,2026-02-10,412.9,
2026-01-07 09:37:48+05:30,NIFTY2621026400CE,26400.0,2026-02-10,412.9,
2026-01-07 09:37:49+05:30,NIFTY2621026400CE,26400.0,2026-02-10,412.9,
2026-01-07 09:37:50+05:30,NIFTY2621026400CE,26400.0,2026-02-10,412.9,
2026-01-07 09:37:51+05:30,NIFTY2621026400CE,26400.0,2026-02-10,412.9,
2026-01-07 09:37:52+05:30,NIFTY2621026400CE,26400.0,2026-02-10,412.9,
2026-01-07 09:37:53+05:30,NIFTY2621026400CE,26400.0,2026-02-10,412.9,
2026-01-07 09:37:54+05:30,NIFTY2621026400CE,26400.0,2026-02-10,412.9,
2026-01-07 09:37:55+05:30,NIFTY2621026400CE,26400.0,2026-02-10,412.9,
2026-01-07 09:37:56+05:30,NIFTY2621026400CE,26400.0,2026-02-10,412.9,
2026-01-07 09:37:57+05:30,NIFTY2621026400CE,26400.0,2026-02-10,412.9,
2026-01-07 09:37:58+05:30,NIFTY2621026400CE,26400.0,2026-02-10,412.9,
2026-01-07 09:37:59+05:30,NIFTY2621026400CE,26400.0,2026-02-10,412.9,
2026-01-07 09:38:00+05:30,NIFTY2621026400CE,26400.0,2026-02-10,412.9,
2026-01-07 09:38:01+05:30,NIFTY2621026400CE,26400.0,2026-02-10,412.9,
2026-01-07 09:38:02+05:30,NIFTY2621026400CE,26400.0,2026-02-10,412.9,
2026-01-07 09:38:03+05:30,NIFTY2621026400CE,26400.0,2026-02-10,412.9,
2026-01-07 09:38:04+05:30,NIFTY2621026400CE,26400.0,2026-02-10,412.9,
2026-01-07 09:38:05+05:30,NIFTY2621026400CE,26400.0,2026-02-10,412.9,
2026-01-07 09:38:06+05:30,NIFTY2621026400CE,26400.0,2026-02-10,412.9,
2026-01-07 09:38:07+05:30,NIFTY2621026400CE,26400.0,2026-02-10,412.9,
2026-01-07 09:38:08+05:30,NIFTY2621026400CE,26400.0,2026-02-10,412.9,
2026-01-07 09:38:09+05:30,NIFTY2621026400CE,26400.0,2026-02-10,412.9,
2026-01-07 09:38:10+05:30,NIFTY2621026400CE,26400.0,2026-02-10,412.9,
2026-01-07 09:38:11+05:30,NIFTY2621026400CE,26400.0,2026-02-10,412.9,
2026-01-07 09:38:12+05:30,NIFTY2621026400CE,26400.0,2026-02-10,412.9,
2026-01-07 09:38:13+05:30,NIFTY2621026400CE,26400.0,2026-02-10,412.9,
2026-01-07 09:38:14+05:30,NIFTY2621026400CE,26400.0,2026-02-10,412.9,
2026-01-07 09:38:15+05:30,NIFTY2621026400CE,26400.0,2026-02-10,412.9,
2026-01-07 09:38:16+05:30,NIFTY2621026400CE,26400.0,2026-02-10,412.9,
2026-01-07 09:38:17+05:30,NIFTY2621026400CE,26400.0,2026-02-10,412.9,
2026-01-07 09:38:18+05:30,NIFTY2621026400CE,26400.0,2026-02-10,412.9,
2026-01-07 09:38:19+05:30,NIFTY2621026400CE,26400.0,2026-02-10,412.9,
2026-01-07 09:38:20+05:30,NIFTY2621026400CE,26400.0,2026-02-10,412.9,
2026-01-07 09:38:21+05:30,NIFTY2621026400CE,26400.0,2026-02-10,412.9,
2026-01-07 09:38:22+05:30,NIFTY2621026400CE,26400.0,2026-02-10,412.9,
2026-01-07 09:38:23+05:30,NIFTY2621026400CE,26400.0,2026-02-10,412.9,
2026-01-07 09:38:24+05:30,NIFTY2621026400CE,26400.0,2026-02-10,412.9,
2026-01-07 09:38:25+05:30,NIFTY2621026400CE,26400.0,2026-02-10,412.9,
2026-01-07 09:38:26+05:30,NIFTY2621026400CE,26400.0,2026-02-10,412.9,
2026-01-07 09:38:27+05:30,NIFTY2621026400CE,26400.0,2026-02-10,412.9,
2026-01-07 09:38:28+05:30,NIFTY2621026400CE,26400.0,2026-02-10,412.9,
2026-01-07 09:38:29+05:30,NIFTY2621026400CE,26400.0,2026-02-10,412.9,
2026-01-07 09:38:30+05:30,NIFTY2621026400CE,26400.0,2026-02-10,412.9,
2026-01-07 09:38:31+05:30,NIFTY2621026400CE,26400.0,2026-02-10,412.9,
2026-01-07 09:38:32+05:30,NIFTY2621026400CE,26400.0,2026-02-10,412.9,
2026-01-07 09:38:33+05:30,NIFTY2621026400CE,26400.0,2026-02-10,412.9,
2026-01-07 09:38:34+05:30,NIFTY2621026400CE,26400.0,2026-02-10,412.9,
2026-01-07 09:38:35+05:30,NIFTY2621026400CE,26400.0,2026-02-10,412.9,
2026-01-07 09:38:36+05:30,NIFTY2621026400CE,26400.0,2026-02-10,412.9,
2026-01-07 09:38:37+05:30,NIFTY2621026400CE,26400.0,2026-02-10,412.9,
2026-01-07 09:38:38+05:30,NIFTY2621026400CE,26400.0,2026-02-10,412.9,
2026-01-07 09:38:39+05:30,NIFTY2621026400CE,26400.0,2026-02-10,412.9,
2026-01-07 09:38:40+05:30,NIFTY2621026400CE,26400.0,2026-02-10,412.9,
2026-01-07 09:38:41+05:30,NIFTY2621026400CE,26400.0,2026-02-10,412.9,
2026-01-07 09:38:42+05:30,NIFTY2621026400CE,26400.0,2026-02-10,412.9,
2026-01-07 09:38:43+05:30,NIFTY2621026400CE,26400.0,2026-02-10,412.9,
2026-01-07 09:38:44+05:30,NIFTY2621026400CE,26400.0,2026-02-10,412.9,
2026-01-07 09:38:45+05:30,NIFTY2621026400CE,26400.0,2026-02-10,412.9,
2026-01-07 09:38:46+05:30,NIFTY2621026400CE,26400.0,2026-02-10,412.9,
2026-01-07 09:38:47+05:30,NIFTY2621026400CE,26400.0,2026-02-10,412.9,
2026-01-07 09:38:48+05:30,NIFTY2621026400CE,26400.0,2026-02-10,412.9,
2026-01-07 09:38:49+05:30,NIFTY2621026400CE,26400.0,2026-02-10,412.9,
2026-01-07 09:38:50+05:30,NIFTY2621026400CE,26400.0,2026-02-10,412.9,
2026-01-07 09:38:51+05:30,NIFTY2621026400CE,26400.0,2026-02-10,412.9,
2026-01-07 09:38:52+05:30,NIFTY2621026400CE,26400.0,2026-02-10,412.9,
2026-01-07 09:38:53+05:30,NIFTY2621026400CE,26400.0,2026-02-10,412.9,
2026-01-07 09:38:54+05:30,NIFTY2621026400CE,26400.0,2026-02-10,412.9,
2026-01-07 09:38:55+05:30,NIFTY2621026400CE,26400.0,2026-02-10,412.9,
2026-01-07 09:38:56+05:30,NIFTY2621026400CE,26400.0,2026-02-10,412.9,
2026-01-07 09:38:57+05:30,NIFTY2621026400CE,26400.0,2026-02-10,412.9,
2026-01-07 09:38:58+05:30,NIFTY2621026400CE,26400.0,2026-02-10,412.9,
2026-01-07 09:38:59+05:30,NIFTY2621026400CE,26400.0,2026-02-10,412.9,
2026-01-07 09:39:00+05:30,NIFTY2621026400CE,26400.0,2026-02-10,412.9,
2026-01-07 09:39:01+05:30,NIFTY2621026400CE,26400.0,2026-02-10,412.9,
2026-01-07 09:39:02+05:30,NIFTY2621026400CE,26400.0,2026-02-10,412.9,
2026-01-07 09:39:03+05:30,NIFTY2621026400CE,26400.0,2026-02-10,412.9,
2026-01-07 09:39:04+05:30,NIFTY2621026400CE,26400.0,2026-02-10,412.9,
2026-01-07 09:39:05+05:30,NIFTY2621026400CE,26400.0,2026-02-10,412.9,
2026-01-07 09:39:06+05:30,NIFTY2621026400CE,26400.0,2026-02-10,412.9,
2026-01-07 09:39:07+05:30,NIFTY2621026400CE,26400.0,2026-02-10,412.9,
2026-01-07 09:39:08+05:30,NIFTY2621026400CE,26400.0,2026-02-10,412.9,
2026-01-07 09:39:09+05:30,NIFTY2621026400CE,26400.0,2026-02-10,412.9,
2026-01-07 09:39:10+05:30,NIFTY2621026400CE,26400.0,2026-02-10,412.9,
2026-01-07 09:39:11+05:30,NIFTY2621026400CE,26400.0,2026-02-10,412.9,
2026-01-07 09:39:12+05:30,NIFTY2621026400CE,26400.0,2026-02-10,412.9,
2026-01-07 09:39:13+05:30,NIFTY2621026400CE,26400.0,2026-02-10,412.9,
2026-01-07 09:39:14+05:30,NIFTY2621026400CE,26400.0,2026-02-10,412.9,
2026-01-07 09:39:15+05:30,NIFTY2621026400CE,26400.0,2026-02-10,412.9,
2026-01-07 09:39:16+05:30,NIFTY2621026400CE,26400.0,2026-02-10,412.9,
2026-01-07 09:39:17+05:30,NIFTY2621026400CE,26400.0,2026-02-10,412.9,
2026-01-07 09:39:18+05:30,NIFTY2621026400CE,26400.0,2026-02-10,412.9,
2026-01-07 09:39:19+05:30,NIFTY2621026400CE,26400.0,2026-02-10,412.9,
2026-01-07 09:39:20+05:30,NIFTY2621026400CE,26400.0,2026-02-10,412.9,
2026-01-07 09:39:21+05:30,NIFTY2621026400CE,26400.0,2026-02-10,412.9,
2026-01-07 09:39:22+05:30,NIFTY2621026400CE,26400.0,2026-02-10,412.9,
2026-01-07 09:39:23+05:30,NIFTY2621026400CE,26400.0,2026-02-10,412.9,
2026-01-07 09:39:24+05:30,NIFTY2621026400CE,26400.0,2026-02-10,412.9,
2026-01-07 09:39:25+05:30,NIFTY2621026400CE,26400.0,2026-02-10,412.9,
2026-01-07 09:39:26+05:30,NIFTY2621026400CE,26400.0,2026-02-10,412.9,
2026-01-07 09:39:27+05:30,NIFTY2621026400CE,26400.0,2026-02-10,412.9,
2026-01-07 09:39:28+05:30,NIFTY2621026400CE,26400.0,2026-02-10,412.9,
2026-01-07 09:39:29+05:30,NIFTY2621026400CE,26400.0,2026-02-10,412.9,
2026-01-07 09:39:30+05:30,NIFTY2621026400CE,26400.0,2026-02-10,412.9,
2026-01-07 09:39:31+05:30,NIFTY2621026400CE,26400.0,2026-02-10,412.9,
2026-01-07 09:39:32+05:30,NIFTY2621026400CE,26400.0,2026-02-10,412.9,
2026-01-07 09:39:33+05:30,NIFTY2621026400CE,26400.0,2026-02-10,412.9,
2026-01-07 09:39:34+05:30,NIFTY2621026400CE,26400.0,2026-02-10,412.9,
2026-01-07 09:39:35+05:30,NIFTY2621026400CE,26400.0,2026-02-10,412.9,
2026-01-07 09:39:36+05:30,NIFTY2621026400CE,26400.0,2026-02-10,412.9,
2026-01-07 09:39:37+05:30,NIFTY2621026400CE,26400.0,2026-02-10,412.9,
2026-01-07 09:39:38+05:30,NIFTY2621026400CE,26400.0,2026-02-10,412.9,
2026-01-07 09:39:39+05:30,NIFTY2621026400CE,26400.0,2026-02-10,412.9,
2026-01-07 09:39:40+05:30,NIFTY2621026400CE,26400.0,2026-02-10,412.9,
2026-01-07 09:39:41+05:30,NIFTY2621026400CE,26400.0,2026-02-10,412.9,
2026-01-07 09:39:42+05:30,NIFTY2621026400CE,26400.0,2026-02-10,412.9,
2026-01-07 09:39:43+05:30,NIFTY2621026400CE,26400.0,2026-02-10,412.9,
2026-01-07 09:39:44+05:30,NIFTY2621026400CE,26400.0,2026-02-10,412.9,
2026-01-07 09:39:45+05:30,NIFTY2621026400CE,26400.0,2026-02-10,412.9,
2026-01-07 09:39:46+05:30,NIFTY2621026400CE,26400.0,2026-02-10,412.9,
2026-01-07 09:39:47+05:30,NIFTY2621026400CE,26400.0,2026-02-10,412.9,
2026-01-07 09:39:48+05:30,NIFTY2621026400CE,26400.0,2026-02-10,412.9,
2026-01-07 09:39:49+05:30,NIFTY2621026400CE,26400.0,2026-02-10,412.9,
2026-01-07 09:39:50+05:30,NIFTY2621026400CE,26400.0,2026-02-10,412.9,
2026-01-07 09:39:51+05:30,NIFTY2621026400CE,26400.0,2026-02-10,412.9,
2026-01-07 09:39:52+05:30,NIFTY2621026400CE,26400.0,2026-02-10,412.9,
2026-01-07 09:39:53+05:30,NIFTY2621026400CE,26400.0,2026-02-10,412.9,
2026-01-07 09:39:54+05:30,NIFTY2621026400CE,26400.0,2026-02-10,412.9,
2026-01-07 09:39:55+05:30,NIFTY2621026400CE,26400.0,2026-02-10,412.9,
2026-01-07 09:39:56+05:30,NIFTY2621026400CE,26400.0,2026-02-10,412.9,
2026-01-07 09:39:57+05:30,NIFTY2621026400CE,26400.0,2026-02-10,412.9,
2026-01-07 09:39:58+05:30,NIFTY2621026400CE,26400.0,2026-02-10,412.9,
2026-01-07 09:39:59+05:30,NIFTY2621026400CE,26400.0,2026-02-10,412.9,
2026-01-07 09:40:00+05:30,NIFTY2621026400CE,26400.0,2026-02-10,412.9,
2026-01-07 09:40:01+05:30,NIFTY2621026400CE,26400.0,2026-02-10,412.9,
2026-01-07 09:40:02+05:30,NIFTY2621026400CE,26400.0,2026-02-10,412.9,
2026-01-07 09:40:03+05:30,NIFTY2621026400CE,26400.0,2026-02-10,412.9,
2026-01-07 09:40:04+05:30,NIFTY2621026400CE,26400.0,2026-02-10,412.9,
2026-01-07 09:40:05+05:30,NIFTY2621026400CE,26400.0,2026-02-10,412.9,
2026-01-07 09:40:06+05:30,NIFTY2621026400CE,26400.0,2026-02-10,412.9,
2026-01-07 09:40:07+05:30,NIFTY2621026400CE,26400.0,2026-02-10,412.9,
2026-01-07 09:40:08+05:30,NIFTY2621026400CE,26400.0,2026-02-10,412.9,
2026-01-07 09:40:09+05:30,NIFTY2621026400CE,26400.0,2026-02-10,412.9,
2026-01-07 09:40:10+05:30,NIFTY2621026400CE,26400.0,2026-02-10,412.9,
2026-01-07 09:40:11+05:30,NIFTY2621026400CE,26400.0,2026-02-10,412.9,
2026-01-07 09:40:12+05:30,NIFTY2621026400CE,26400.0,2026-02-10,412.9,
2026-01-07 09:40:13+05:30,NIFTY2621026400CE,26400.0,2026-02-10,412.9,
2026-01-07 09:40:14+05:30,NIFTY2621026400CE,26400.0,2026-02-10,412.9,
2026-01-07 09:40:15+05:30,NIFTY2621026400CE,26400.0,2026-02-10,412.9,
2026-01-07 09:40:16+05:30,NIFTY2621026400CE,26400.0,2026-02-10,412.9,
2026-01-07 09:40:17+05:30,NIFTY2621026400CE,26400.0,2026-02-10,412.9,
2026-01-07 09:40:18+05:30,NIFTY2621026400CE,26400.0,2026-02-10,412.9,
2026-01-07 09:40:19+05:30,NIFTY2621026400CE,26400.0,2026-02-10,412.9,
2026-01-07 09:40:20+05:30,NIFTY2621026400CE,26400.0,2026-02-10,412.9,
2026-01-07 09:40:21+05:30,NIFTY2621026400CE,26400.0,2026-02-10,412.9,
2026-01-07 09:40:22+05:30,NIFTY2621026400CE,26400.0,2026-02-10,412.9,
2026-01-07 09:40:23+05:30,NIFTY2621026400CE,26400.0,2026-02-10,412.9,
2026-01-07 09:40:24+05:30,NIFTY2621026400CE,26400.0,2026-02-10,412.9,
2026-01-07 09:40:25+05:30,NIFTY2621026400CE,26400.0,2026-02-10,412.9,
2026-01-07 09:40:26+05:30,NIFTY2621026400CE,26400.0,2026-02-10,412.9,
2026-01-07 09:40:27+05:30,NIFTY2621026400CE,26400.0,2026-02-10,412.9,
2026-01-07 09:40:28+05:30,NIFTY2621026400CE,26400.0,2026-02-10,412.9,
2026-01-07 09:40:29+05:30,NIFTY2621026400CE,26400.0,2026-02-10,412.9,
2026-01-07 09:40:30+05:30,NIFTY2621026400CE,26400.0,2026-02-10,412.9,
2026-01-07 09:40:31+05:30,NIFTY2621026400CE,26400.0,2026-02-10,412.9,
2026-01-07 09:40:32+05:30,NIFTY2621026400CE,26400.0,2026-02-10,412.9,
2026-01-07 09:40:33+05:30,NIFTY2621026400CE,26400.0,2026-02-10,412.9,
2026-01-07 09:40:34+05:30,NIFTY2621026400CE,26400.0,2026-02-10,412.9,
2026-01-07 09:40:35+05:30,NIFTY2621026400CE,26400.0,2026-02-10,412.9,
2026-01-07 09:40:36+05:30,NIFTY2621026400CE,26400.0,2026-02-10,412.9,
2026-01-07 09:40:37+05:30,NIFTY2621026400CE,26400.0,2026-02-10,412.9,
2026-01-07 09:40:38+05:30,NIFTY2621026400CE,26400.0,2026-02-10,412.9,
2026-01-07 09:40:39+05:30,NIFTY2621026400CE,26400.0,2026-02-10,412.9,
2026-01-07 09:40:40+05:30,NIFTY2621026400CE,26400.0,2026-02-10,412.9,
2026-01-07 09:40:41+05:30,NIFTY2621026400CE,26400.0,2026-02-10,412.9,
2026-01-07 09:40:42+05:30,NIFTY2621026400CE,26400.0,2026-02-10,412.9,
2026-01-07 09:40:43+05:30,NIFTY2621026400CE,26400.0,2026-02-10,412.9,
2026-01-07 09:40:44+05:30,NIFTY2621026400CE,26400.0,2026-02-10,412.9,
2026-01-07 09:40:45+05:30,NIFTY2621026400CE,26400.0,2026-02-10,412.9,
2026-01-07 09:40:46+05:30,NIFTY2621026400CE,26400.0,2026-02-10,412.9,
2026-01-07 09:40:47+05:30,NIFTY2621026400CE,26400.0,2026-02-10,412.9,
2026-01-07 09:40:48+05:30,NIFTY2621026400CE,26400.0,2026-02-10,412.9,
2026-01-07 09:40:49+05:30,NIFTY2621026400CE,26400.0,2026-02-10,412.9,
2026-01-07 09:40:50+05:30,NIFTY2621026400CE,26400.0,2026-02-10,412.9,
2026-01-07 09:40:51+05:30,NIFTY2621026400CE,26400.0,2026-02-10,412.9,
2026-01-07 09:40:52+05:30,NIFTY2621026400CE,26400.0,2026-02-10,412.9,
2026-01-07 09:40:53+05:30,NIFTY2621026400CE,26400.0,2026-02-10,412.9,
2026-01-07 09:40:54+05:30,NIFTY2621026400CE,26400.0,2026-02-10,412.9,
2026-01-07 09:40:55+05:30,NIFTY2621026400CE,26400.0,2026-02-10,412.9,
2026-01-07 09:40:56+05:30,NIFTY2621026400CE,26400.0,2026-02-10,412.9,
2026-01-07 09:40:57+05:30,NIFTY2621026400CE,26400.0,2026-02-10,412.9,
2026-01-07 09:40:58+05:30,NIFTY2621026400CE,26400.0,2026-02-10,412.9,
2026-01-07 09:40:59+05:30,NIFTY2621026400CE,26400.0,2026-02-10,412.9,
2026-01-07 09:41:00+05:30,NIFTY2621026400CE,26400.0,2026-02-10,412.9,
2026-01-07 09:41:01+05:30,NIFTY2621026400CE,26400.0,2026-02-10,412.9,
2026-01-07 09:41:02+05:30,NIFTY2621026400CE,26400.0,2026-02-10,412.9,
2026-01-07 09:41:03+05:30,NIFTY2621026400CE,26400.0,2026-02-10,412.9,
2026-01-07 09:41:04+05:30,NIFTY2621026400CE,26400.0,2026-02-10,412.9,
2026-01-07 09:41:05+05:30,NIFTY2621026400CE,26400.0,2026-02-10,412.9,
2026-01-07 09:41:06+05:30,NIFTY2621026400CE,26400.0,2026-02-10,412.9,
2026-01-07 09:41:07+05:30,NIFTY2621026400CE,26400.0,2026-02-10,412.9,
2026-01-07 09:41:08+05:30,NIFTY2621026400CE,26400.0,2026-02-10,412.9,
2026-01-07 09:41:09+05:30,NIFTY2621026400CE,26400.0,2026-02-10,412.9,
2026-01-07 09:41:10+05:30,NIFTY2621026400CE,26400.0,2026-02-10,412.9,
2026-01-07 09:41:11+05:30,NIFTY2621026400CE,26400.0,2026-02-10,412.9,
2026-01-07 09:41:12+05:30,NIFTY2621026400CE,26400.0,2026-02-10,412.9,
2026-01-07 09:41:13+05:30,NIFTY2621026400CE,26400.0,2026-02-10,412.9,
2026-01-07 09:41:14+05:30,NIFTY2621026400CE,26400.0,2026-02-10,412.9,
2026-01-07 09:41:15+05:30,NIFTY2621026400CE,26400.0,2026-02-10,412.9,
2026-01-07 09:41:16+05:30,NIFTY2621026400CE,26400.0,2026-02-10,412.9,
2026-01-07 09:41:17+05:30,NIFTY2621026400CE,26400.0,2026-02-10,412.9,
2026-01-07 09:41:18+05:30,NIFTY2621026400CE,26400.0,2026-02-10,412.9,
2026-01-07 09:41:19+05:30,NIFTY2621026400CE,26400.0,2026-02-10,412.9,
2026-01-07 09:41:20+05:30,NIFTY2621026400CE,26400.0,2026-02-10,412.9,
2026-01-07 09:41:21+05:30,NIFTY2621026400CE,26400.0,2026-02-10,412.9,
2026-01-07 09:41:22+05:30,NIFTY2621026400CE,26400.0,2026-02-10,412.9,
2026-01-07 09:41:23+05:30,NIFTY2621026400CE,26400.0,2026-02-10,412.9,
2026-01-07 09:41:24+05:30,NIFTY2621026400CE,26400.0,2026-02-10,412.9,
2026-01-07 09:41:25+05:30,NIFTY2621026400CE,26400.0,2026-02-10,412.9,
2026-01-07 09:41:26+05:30,NIFTY2621026400CE,26400.0,2026-02-10,412.9,
2026-01-07 09:41:27+05:30,NIFTY2621026400CE,26400.0,2026-02-10,412.9,
2026-01-07 09:41:28+05:30,NIFTY2621026400CE,26400.0,2026-02-10,412.9,
2026-01-07 09:41:29+05:30,NIFTY2621026400CE,26400.0,2026-02-10,412.9,
2026-01-07 09:41:30+05:30,NIFTY2621026400CE,26400.0,2026-02-10,412.9,
2026-01-07 09:41:31+05:30,NIFTY2621026400CE,26400.0,2026-02-10,412.9,
2026-01-07 09:41:32+05:30,NIFTY2621026400CE,26400.0,2026-02-10,412.9,
2026-01-07 09:41:33+05:30,NIFTY2621026400CE,26400.0,2026-02-10,412.9,
2026-01-07 09:41:34+05:30,NIFTY2621026400CE,26400.0,2026-02-10,412.9,
2026-01-07 09:41:35+05:30,NIFTY2621026400CE,26400.0,2026-02-10,412.9,
2026-01-07 09:41:36+05:30,NIFTY2621026400CE,26400.0,2026-02-10,412.9,
2026-01-07 09:41:37+05:30,NIFTY2621026400CE,26400.0,2026-02-10,412.9,
2026-01-07 09:41:38+05:30,NIFTY2621026400CE,26400.0,2026-02-10,412.9,
2026-01-07 09:41:39+05:30,NIFTY2621026400CE,26400.0,2026-02-10,412.9,
2026-01-07 09:41:40+05:30,NIFTY2621026400CE,26400.0,2026-02-10,412.9,
2026-01-07 09:41:41+05:30,NIFTY2621026400CE,26400.0,2026-02-10,412.9,
2026-01-07 09:41:42+05:30,NIFTY2621026400CE,26400.0,2026-02-10,412.9,
2026-01-07 09:41:43+05:30,NIFTY2621026400CE,26400.0,2026-02-10,412.9,
2026-01-07 09:41:44+05:30,NIFTY2621026400CE,26400.0,2026-02-10,412.9,
2026-01-07 09:41:45+05:30,NIFTY2621026400CE,26400.0,2026-02-10,412.9,
2026-01-07 09:41:46+05:30,NIFTY2621026400CE,26400.0,2026-02-10,412.9,
2026-01-07 09:41:47+05:30,NIFTY2621026400CE,26400.0,2026-02-10,412.9,
2026-01-07 09:41:48+05:30,NIFTY2621026400CE,26400.0,2026-02-10,412.9,
2026-01-07 09:41:49+05:30,NIFTY2621026400CE,26400.0,2026-02-10,412.9,
2026-01-07 09:41:50+05:30,NIFTY2621026400CE,26400.0,2026-02-10,412.9,
2026-01-07 09:41:51+05:30,NIFTY2621026400CE,26400.0,2026-02-10,412.9,
2026-01-07 09:41:52+05:30,NIFTY2621026400CE,26400.0,2026-02-10,412.9,
2026-01-07 09:41:53+05:30,NIFTY2621026400CE,26400.0,2026-02-10,412.9,
2026-01-07 09:41:54+05:30,NIFTY2621026400CE,26400.0,2026-02-10,412.9,
2026-01-07 09:41:55+05:30,NIFTY2621026400CE,26400.0,2026-02-10,412.9,
2026-01-07 09:41:56+05:30,NIFTY2621026400CE,26400.0,2026-02-10,412.9,
2026-01-07 09:41:57+05:30,NIFTY2621026400CE,26400.0,2026-02-10,412.9,
2026-01-07 09:41:58+05:30,NIFTY2621026400CE,26400.0,2026-02-10,412.9,
2026-01-07 09:41:59+05:30,NIFTY2621026400CE,26400.0,2026-02-10,412.9,
2026-01-07 09:42:00+05:30,NIFTY2621026400CE,26400.0,2026-02-10,412.9,
2026-01-07 09:42:01+05:30,NIFTY2621026400CE,26400.0,2026-02-10,412.9,
2026-01-07 09:42:02+05:30,NIFTY2621026400CE,26400.0,2026-02-10,412.9,
2026-01-07 09:42:03+05:30,NIFTY2621026400CE,26400.0,2026-02-10,412.9,
2026-01-07 09:42:04+05:30,NIFTY2621026400CE,26400.0,2026-02-10,412.9,
2026-01-07 09:42:05+05:30,NIFTY2621026400CE,26400.0,2026-02-10,412.9,
2026-01-07 09:42:06+05:30,NIFTY2621026400CE,26400.0,2026-02-10,412.9,
2026-01-07 09:42:07+05:30,NIFTY2621026400CE,26400.0,2026-02-10,412.9,
2026-01-07 09:42:08+05:30,NIFTY2621026400CE,26400.0,2026-02-10,412.9,
2026-01-07 09:42:09+05:30,NIFTY2621026400CE,26400.0,2026-02-10,412.9,
2026-01-07 09:42:10+05:30,NIFTY2621026400CE,26400.0,2026-02-10,412.9,
2026-01-07 09:42:11+05:30,NIFTY2621026400CE,26400.0,2026-02-10,412.9,
2026-01-07 09:42:12+05:30,NIFTY2621026400CE,26400.0,2026-02-10,412.9,
2026-01-07 09:42:13+05:30,NIFTY2621026400CE,26400.0,2026-02-10,412.9,
2026-01-07 09:42:14+05:30,NIFTY2621026400CE,26400.0,2026-02-10,412.9,
2026-01-07 09:42:15+05:30,NIFTY2621026400CE,26400.0,2026-02-10,412.9,
2026-01-07 09:42:16+05:30,NIFTY2621026400CE,26400.0,2026-02-10,412.9,
2026-01-07 09:42:17+05:30,NIFTY2621026400CE,26400.0,2026-02-10,412.9,
2026-01-07 09:42:18+05:30,NIFTY2621026400CE,26400.0,2026-02-10,412.9,
2026-01-07 09:42:19+05:30,NIFTY2621026400CE,26400.0,2026-02-10,412.9,
2026-01-07 09:42:20+05:30,NIFTY2621026400CE,26400.0,2026-02-10,412.9,
2026-01-07 09:42:21+05:30,NIFTY2621026400CE,26400.0,2026-02-10,412.9,
2026-01-07 09:42:22+05:30,NIFTY2621026400CE,26400.0,2026-02-10,412.9,
2026-01-07 09:42:23+05:30,NIFTY2621026400CE,26400.0,2026-02-10,412.9,
2026-01-07 09:42:24+05:30,NIFTY2621026400CE,26400.0,2026-02-10,412.9,
2026-01-07 09:42:25+05:30,NIFTY2621026400CE,26400.0,2026-02-10,412.9,
2026-01-07 09:42:26+05:30,NIFTY2621026400CE,26400.0,2026-02-10,412.9,
2026-01-07 09:42:27+05:30,NIFTY2621026400CE,26400.0,2026-02-10,412.9,
2026-01-07 09:42:28+05:30,NIFTY2621026400CE,26400.0,2026-02-10,412.9,
2026-01-07 09:42:29+05:30,NIFTY2621026400CE,26400.0,2026-02-10,412.9,
2026-01-07 09:42:30+05:30,NIFTY2621026400CE,26400.0,2026-02-10,412.9,
2026-01-07 09:42:31+05:30,NIFTY2621026400CE,26400.0,2026-02-10,412.9,
2026-01-07 09:42:32+05:30,NIFTY2621026400CE,26400.0,2026-02-10,412.9,
2026-01-07 09:42:33+05:30,NIFTY2621026400CE,26400.0,2026-02-10,412.9,
2026-01-07 09:42:34+05:30,NIFTY2621026400CE,26400.0,2026-02-10,412.9,
2026-01-07 09:42:35+05:30,NIFTY2621026400CE,26400.0,2026-02-10,412.9,
2026-01-07 09:42:36+05:30,NIFTY2621026400CE,26400.0,2026-02-10,412.9,
2026-01-07 09:42:37+05:30,NIFTY2621026400CE,26400.0,2026-02-10,412.9,
2026-01-07 09:42:38+05:30,NIFTY2621026400CE,26400.0,2026-02-10,412.9,
2026-01-07 09:42:39+05:30,NIFTY2621026400CE,26400.0,2026-02-10,412.9,
2026-01-07 09:42:40+05:30,NIFTY2621026400CE,26400.0,2026-02-10,412.9,
2026-01-07 09:42:41+05:30,NIFTY2621026400CE,26400.0,2026-02-10,412.9,
2026-01-07 09:42:42+05:30,NIFTY2621026400CE,26400.0,2026-02-10,412.9,
2026-01-07 09:42:43+05:30,NIFTY2621026400CE,26400.0,2026-02-10,412.9,
2026-01-07 09:42:44+05:30,NIFTY2621026400CE,26400.0,2026-02-10,412.9,
2026-01-07 09:42:45+05:30,NIFTY2621026400CE,26400.0,2026-02-10,412.9,
2026-01-07 09:42:46+05:30,NIFTY2621026400CE,26400.0,2026-02-10,412.9,
2026-01-07 09:42:47+05:30,NIFTY2621026400CE,26400.0,2026-02-10,412.9,
2026-01-07 09:42:48+05:30,NIFTY2621026400CE,26400.0,2026-02-10,412.9,
2026-01-07 09:42:49+05:30,NIFTY2621026400CE,26400.0,2026-02-10,412.9,
2026-01-07 09:42:50+05:30,NIFTY2621026400CE,26400.0,2026-02-10,412.9,
2026-01-07 09:42:51+05:30,NIFTY2621026400CE,26400.0,2026-02-10,412.9,
2026-01-07 09:42:52+05:30,NIFTY2621026400CE,26400.0,2026-02-10,412.9,
2026-01-07 09:42:53+05:30,NIFTY2621026400CE,26400.0,2026-02-10,412.9,
2026-01-07 09:42:54+05:30,NIFTY2621026400CE,26400.0,2026-02-10,412.9,
2026-01-07 09:42:55+05:30,NIFTY2621026400CE,26400.0,2026-02-10,412.9,
2026-01-07 09:42:56+05:30,NIFTY2621026400CE,26400.0,2026-02-10,412.9,
2026-01-07 09:42:57+05:30,NIFTY2621026400CE,26400.0,2026-02-10,412.9,
2026-01-07 09:42:58+05:30,NIFTY2621026400CE,26400.0,2026-02-10,412.9,
2026-01-07 09:42:59+05:30,NIFTY2621026400CE,26400.0,2026-02-10,412.9,
2026-01-07 09:43:00+05:30,NIFTY2621026400CE,26400.0,2026-02-10,412.9,
2026-01-07 09:43:01+05:30,NIFTY2621026400CE,26400.0,2026-02-10,412.9,
2026-01-07 09:43:02+05:30,NIFTY2621026400CE,26400.0,2026-02-10,412.9,
2026-01-07 09:43:03+05:30,NIFTY2621026400CE,26400.0,2026-02-10,412.9,
2026-01-07 09:43:04+05:30,NIFTY2621026400CE,26400.0,2026-02-10,412.9,
2026-01-07 09:43:05+05:30,NIFTY2621026400CE,26400.0,2026-02-10,412.9,
2026-01-07 09:43:06+05:30,NIFTY2621026400CE,26400.0,2026-02-10,412.9,
2026-01-07 09:43:07+05:30,NIFTY2621026400CE,26400.0,2026-02-10,412.9,
2026-01-07 09:43:08+05:30,NIFTY2621026400CE,26400.0,2026-02-10,412.9,
2026-01-07 09:43:09+05:30,NIFTY2621026400CE,26400.0,2026-02-10,412.9,
2026-01-07 09:43:10+05:30,NIFTY2621026400CE,26400.0,2026-02-10,412.9,
2026-01-07 09:43:11+05:30,NIFTY2621026400CE,26400.0,2026-02-10,412.9,
2026-01-07 09:43:12+05:30,NIFTY2621026400CE,26400.0,2026-02-10,412.9,
2026-01-07 09:43:13+05:30,NIFTY2621026400CE,26400.0,2026-02-10,412.9,
2026-01-07 09:43:14+05:30,NIFTY2621026400CE,26400.0,2026-02-10,412.9,
2026-01-07 09:43:15+05:30,NIFTY2621026400CE,26400.0,2026-02-10,412.9,
2026-01-07 09:43:16+05:30,NIFTY2621026400CE,26400.0,2026-02-10,412.9,
2026-01-07 09:43:17+05:30,NIFTY2621026400CE,26400.0,2026-02-10,412.9,
2026-01-07 09:43:18+05:30,NIFTY2621026400CE,26400.0,2026-02-10,412.9,
2026-01-07 09:43:19+05:30,NIFTY2621026400CE,26400.0,2026-02-10,412.9,
2026-01-07 09:43:20+05:30,NIFTY2621026400CE,26400.0,2026-02-10,412.9,
2026-01-07 09:43:21+05:30,NIFTY2621026400CE,26400.0,2026-02-10,412.9,
2026-01-07 09:43:22+05:30,NIFTY2621026400CE,26400.0,2026-02-10,412.9,
2026-01-07 09:43:23+05:30,NIFTY2621026400CE,26400.0,2026-02-10,412.9,
2026-01-07 09:43:24+05:30,NIFTY2621026400CE,26400.0,2026-02-10,412.9,
2026-01-07 09:43:25+05:30,NIFTY2621026400CE,26400.0,2026-02-10,412.9,
2026-01-07 09:43:26+05:30,NIFTY2621026400CE,26400.0,2026-02-10,412.9,
2026-01-07 09:43:27+05:30,NIFTY2621026400CE,26400.0,2026-02-10,412.9,
2026-01-07 09:43:28+05:30,NIFTY2621026400CE,26400.0,2026-02-10,412.9,
2026-01-07 09:43:29+05:30,NIFTY2621026400CE,26400.0,2026-02-10,412.9,
2026-01-07 09:43:30+05:30,NIFTY2621026400CE,26400.0,2026-02-10,412.9,
2026-01-07 09:43:31+05:30,NIFTY2621026400CE,26400.0,2026-02-10,412.9,
2026-01-07 09:43:32+05:30,NIFTY2621026400CE,26400.0,2026-02-10,412.9,
2026-01-07 09:43:33+05:30,NIFTY2621026400CE,26400.0,2026-02-10,412.9,
2026-01-07 09:43:34+05:30,NIFTY2621026400CE,26400.0,2026-02-10,412.9,
2026-01-07 09:43:35+05:30,NIFTY2621026400CE,26400.0,2026-02-10,412.9,
2026-01-07 09:43:36+05:30,NIFTY2621026400CE,26400.0,2026-02-10,412.9,
2026-01-07 09:43:37+05:30,NIFTY2621026400CE,26400.0,2026-02-10,412.9,
2026-01-07 09:43:38+05:30,NIFTY2621026400CE,26400.0,2026-02-10,412.9,
2026-01-07 09:43:39+05:30,NIFTY2621026400CE,26400.0,2026-02-10,412.9,
2026-01-07 09:43:40+05:30,NIFTY2621026400CE,26400.0,2026-02-10,412.9,
2026-01-07 09:43:41+05:30,NIFTY2621026400CE,26400.0,2026-02-10,412.9,
2026-01-07 09:43:42+05:30,NIFTY2621026400CE,26400.0,2026-02-10,412.9,
2026-01-07 09:43:43+05:30,NIFTY2621026400CE,26400.0,2026-02-10,412.9,
2026-01-07 09:43:44+05:30,NIFTY2621026400CE,26400.0,2026-02-10,412.9,
2026-01-07 09:43:45+05:30,NIFTY2621026400CE,26400.0,2026-02-10,412.9,
2026-01-07 09:43:46+05:30,NIFTY2621026400CE,26400.0,2026-02-10,412.9,
2026-01-07 09:43:47+05:30,NIFTY2621026400CE,26400.0,2026-02-10,412.9,
2026-01-07 09:43:48+05:30,NIFTY2621026400CE,26400.0,2026-02-10,412.9,
2026-01-07 09:43:49+05:30,NIFTY2621026400CE,26400.0,2026-02-10,412.9,
2026-01-07 09:43:50+05:30,NIFTY2621026400CE,26400.0,2026-02-10,412.9,
2026-01-07 09:43:51+05:30,NIFTY2621026400CE,26400.0,2026-02-10,412.9,
2026-01-07 09:43:52+05:30,NIFTY2621026400CE,26400.0,2026-02-10,412.9,
2026-01-07 09:43:53+05:30,NIFTY2621026400CE,26400.0,2026-02-10,412.9,
2026-01-07 09:43:54+05:30,NIFTY2621026400CE,26400.0,2026-02-10,412.9,
2026-01-07 09:43:55+05:30,NIFTY2621026400CE,26400.0,2026-02-10,412.9,
2026-01-07 09:43:56+05:30,NIFTY2621026400CE,26400.0,2026-02-10,412.9,
2026-01-07 09:43:57+05:30,NIFTY2621026400CE,26400.0,2026-02-10,412.9,
2026-01-07 09:43:58+05:30,NIFTY2621026400CE,26400.0,2026-02-10,412.9,
2026-01-07 09:43:59+05:30,NIFTY2621026400CE,26400.0,2026-02-10,412.9,
2026-01-07 09:44:00+05:30,NIFTY2621026400CE,26400.0,2026-02-10,412.9,
2026-01-07 09:44:01+05:30,NIFTY2621026400CE,26400.0,2026-02-10,412.9,
2026-01-07 09:44:02+05:30,NIFTY2621026400CE,26400.0,2026-02-10,412.9,
2026-01-07 09:44:03+05:30,NIFTY2621026400CE,26400.0,2026-02-10,412.9,
2026-01-07 09:44:04+05:30,NIFTY2621026400CE,26400.0,2026-02-10,412.9,
2026-01-07 09:44:05+05:30,NIFTY2621026400CE,26400.0,2026-02-10,412.9,
2026-01-07 09:44:06+05:30,NIFTY2621026400CE,26400.0,2026-02-10,412.9,
2026-01-07 09:44:07+05:30,NIFTY2621026400CE,26400.0,2026-02-10,412.9,
2026-01-07 09:44:08+05:30,NIFTY2621026400CE,26400.0,2026-02-10,412.9,
2026-01-07 09:44:09+05:30,NIFTY2621026400CE,26400.0,2026-02-10,412.9,
2026-01-07 09:44:10+05:30,NIFTY2621026400CE,26400.0,2026-02-10,412.9,
2026-01-07 09:44:11+05:30,NIFTY2621026400CE,26400.0,2026-02-10,412.9,
2026-01-07 09:44:12+05:30,NIFTY2621026400CE,26400.0,2026-02-10,412.9,
2026-01-07 09:44:13+05:30,NIFTY2621026400CE,26400.0,2026-02-10,412.9,
2026-01-07 09:44:14+05:30,NIFTY2621026400CE,26400.0,2026-02-10,412.9,
2026-01-07 09:44:15+05:30,NIFTY2621026400CE,26400.0,2026-02-10,412.9,
2026-01-07 09:44:16+05:30,NIFTY2621026400CE,26400.0,2026-02-10,412.9,
2026-01-07 09:44:17+05:30,NIFTY2621026400CE,26400.0,2026-02-10,412.9,
2026-01-07 09:44:18+05:30,NIFTY2621026400CE,26400.0,2026-02-10,412.9,
2026-01-07 09:44:19+05:30,NIFTY2621026400CE,26400.0,2026-02-10,412.9,
2026-01-07 09:44:20+05:30,NIFTY2621026400CE,26400.0,2026-02-10,412.9,
2026-01-07 09:44:21+05:30,NIFTY2621026400CE,26400.0,2026-02-10,412.9,
2026-01-07 09:44:22+05:30,NIFTY2621026400CE,26400.0,2026-02-10,412.9,
2026-01-07 09:44:23+05:30,NIFTY2621026400CE,26400.0,2026-02-10,412.9,
2026-01-07 09:44:24+05:30,NIFTY2621026400CE,26400.0,2026-02-10,412.9,
2026-01-07 09:44:25+05:30,NIFTY2621026400CE,26400.0,2026-02-10,412.9,
2026-01-07 09:44:26+05:30,NIFTY2621026400CE,26400.0,2026-02-10,412.9,
2026-01-07 09:44:27+05:30,NIFTY2621026400CE,26400.0,2026-02-10,412.9,
2026-01-07 09:44:28+05:30,NIFTY2621026400CE,26400.0,2026-02-10,412.9,
2026-01-07 09:44:29+05:30,NIFTY2621026400CE,26400.0,2026-02-10,412.9,
2026-01-07 09:44:30+05:30,NIFTY2621026400CE,26400.0,2026-02-10,412.9,
2026-01-07 09:44:31+05:30,NIFTY2621026400CE,26400.0,2026-02-10,412.9,
2026-01-07 09:44:32+05:30,NIFTY2621026400CE,26400.0,2026-02-10,412.9,
2026-01-07 09:44:33+05:30,NIFTY2621026400CE,26400.0,2026-02-10,412.9,
2026-01-07 09:44:34+05:30,NIFTY2621026400CE,26400.0,2026-02-10,412.9,
2026-01-07 09:44:35+05:30,NIFTY2621026400CE,26400.0,2026-02-10,412.9,
2026-01-07 09:44:36+05:30,NIFTY2621026400CE,26400.0,2026-02-10,412.9,
2026-01-07 09:44:37+05:30,NIFTY2621026400CE,26400.0,2026-02-10,412.9,
2026-01-07 09:44:38+05:30,NIFTY2621026400CE,26400.0,2026-02-10,412.9,
2026-01-07 09:44:39+05:30,NIFTY2621026400CE,26400.0,2026-02-10,412.9,
2026-01-07 09:44:40+05:30,NIFTY2621026400CE,26400.0,2026-02-10,412.9,
2026-01-07 09:44:41+05:30,NIFTY2621026400CE,26400.0,2026-02-10,412.9,
2026-01-07 09:44:42+05:30,NIFTY2621026400CE,26400.0,2026-02-10,412.9,
2026-01-07 09:44:43+05:30,NIFTY2621026400CE,26400.0,2026-02-10,412.9,
2026-01-07 09:44:44+05:30,NIFTY2621026400CE,26400.0,2026-02-10,412.9,
2026-01-07 09:44:45+05:30,NIFTY2621026400CE,26400.0,2026-02-10,412.9,
2026-01-07 09:44:46+05:30,NIFTY2621026400CE,26400.0,2026-02-10,412.9,
2026-01-07 09:44:47+05:30,NIFTY2621026400CE,26400.0,2026-02-10,412.9,
2026-01-07 09:44:48+05:30,NIFTY2621026400CE,26400.0,2026-02-10,412.9,
2026-01-07 09:44:49+05:30,NIFTY2621026400CE,26400.0,2026-02-10,412.9,
2026-01-07 09:44:50+05:30,NIFTY2621026400CE,26400.0,2026-02-10,412.9,
2026-01-07 09:44:51+05:30,NIFTY2621026400CE,26400.0,2026-02-10,412.9,
2026-01-07 09:44:52+05:30,NIFTY2621026400CE,26400.0,2026-02-10,412.9,
2026-01-07 09:44:53+05:30,NIFTY2621026400CE,26400.0,2026-02-10,412.9,
2026-01-07 09:44:54+05:30,NIFTY2621026400CE,26400.0,2026-02-10,412.9,
2026-01-07 09:44:55+05:30,NIFTY2621026400CE,26400.0,2026-02-10,412.9,
2026-01-07 09:44:56+05:30,NIFTY2621026400CE,26400.0,2026-02-10,412.9,
2026-01-07 09:44:57+05:30,NIFTY2621026400CE,26400.0,2026-02-10,412.9,
2026-01-07 09:44:58+05:30,NIFTY2621026400CE,26400.0,2026-02-10,412.9,
2026-01-07 09:44:59+05:30,NIFTY2621026400CE,26400.0,2026-02-10,412.9,
2026-01-07 09:45:00+05:30,NIFTY2621026400CE,26400.0,2026-02-10,412.9,
2026-01-07 09:45:01+05:30,NIFTY2621026400CE,26400.0,2026-02-10,412.9,
2026-01-07 09:45:02+05:30,NIFTY2621026400CE,26400.0,2026-02-10,412.9,
2026-01-07 09:45:03+05:30,NIFTY2621026400CE,26400.0,2026-02-10,412.9,
2026-01-07 09:45:04+05:30,NIFTY2621026400CE,26400.0,2026-02-10,412.9,
2026-01-07 09:45:05+05:30,NIFTY2621026400CE,26400.0,2026-02-10,412.9,
2026-01-07 09:45:06+05:30,NIFTY2621026400CE,26400.0,2026-02-10,412.9,
2026-01-07 09:45:07+05:30,NIFTY2621026400CE,26400.0,2026-02-10,412.9,
2026-01-07 09:45:08+05:30,NIFTY2621026400CE,26400.0,2026-02-10,412.9,
2026-01-07 09:45:09+05:30,NIFTY2621026400CE,26400.0,2026-02-10,412.9,
2026-01-07 09:45:10+05:30,NIFTY2621026400CE,26400.0,2026-02-10,412.9,
2026-01-07 09:45:11+05:30,NIFTY2621026400CE,26400.0,2026-02-10,412.9,
2026-01-07 09:45:12+05:30,NIFTY2621026400CE,26400.0,2026-02-10,412.9,
2026-01-07 09:45:13+05:30,NIFTY2621026400CE,26400.0,2026-02-10,412.9,
2026-01-07 09:45:14+05:30,NIFTY2621026400CE,26400.0,2026-02-10,412.9,
2026-01-07 09:45:15+05:30,NIFTY2621026400CE,26400.0,2026-02-10,412.9,
2026-01-07 09:45:16+05:30,NIFTY2621026400CE,26400.0,2026-02-10,412.9,
2026-01-07 09:45:17+05:30,NIFTY2621026400CE,26400.0,2026-02-10,412.9,
2026-01-07 09:45:18+05:30,NIFTY2621026400CE,26400.0,2026-02-10,412.9,
2026-01-07 09:45:19+05:30,NIFTY2621026400CE,26400.0,2026-02-10,412.9,
2026-01-07 09:45:20+05:30,NIFTY2621026400CE,26400.0,2026-02-10,412.9,
2026-01-07 09:45:21+05:30,NIFTY2621026400CE,26400.0,2026-02-10,412.9,
2026-01-07 09:45:22+05:30,NIFTY2621026400CE,26400.0,2026-02-10,412.9,
2026-01-07 09:45:23+05:30,NIFTY2621026400CE,26400.0,2026-02-10,412.9,
2026-01-07 09:45:24+05:30,NIFTY2621026400CE,26400.0,2026-02-10,412.9,
2026-01-07 09:45:25+05:30,NIFTY2621026400CE,26400.0,2026-02-10,412.9,
2026-01-07 09:45:26+05:30,NIFTY2621026400CE,26400.0,2026-02-10,412.9,
2026-01-07 09:45:27+05:30,NIFTY2621026400CE,26400.0,2026-02-10,412.9,
2026-01-07 09:45:28+05:30,NIFTY2621026400CE,26400.0,2026-02-10,412.9,
2026-01-07 09:45:29+05:30,NIFTY2621026400CE,26400.0,2026-02-10,412.9,
2026-01-07 09:45:30+05:30,NIFTY2621026400CE,26400.0,2026-02-10,412.9,
2026-01-07 09:45:31+05:30,NIFTY2621026400CE,26400.0,2026-02-10,412.9,
2026-01-07 09:45:32+05:30,NIFTY2621026400CE,26400.0,2026-02-10,412.9,
2026-01-07 09:45:33+05:30,NIFTY2621026400CE,26400.0,2026-02-10,412.9,
2026-01-07 09:45:34+05:30,NIFTY2621026400CE,26400.0,2026-02-10,412.9,
2026-01-07 09:45:35+05:30,NIFTY2621026400CE,26400.0,2026-02-10,412.9,
2026-01-07 09:45:36+05:30,NIFTY2621026400CE,26400.0,2026-02-10,412.9,
2026-01-07 09:45:37+05:30,NIFTY2621026400CE,26400.0,2026-02-10,412.9,
2026-01-07 09:45:38+05:30,NIFTY2621026400CE,26400.0,2026-02-10,412.9,
2026-01-07 09:45:39+05:30,NIFTY2621026400CE,26400.0,2026-02-10,412.9,
2026-01-07 09:45:40+05:30,NIFTY2621026400CE,26400.0,2026-02-10,412.9,
2026-01-07 09:45:41+05:30,NIFTY2621026400CE,26400.0,2026-02-10,412.9,
2026-01-07 09:45:42+05:30,NIFTY2621026400CE,26400.0,2026-02-10,412.9,
2026-01-07 09:45:43+05:30,NIFTY2621026400CE,26400.0,2026-02-10,412.9,
2026-01-07 09:45:44+05:30,NIFTY2621026400CE,26400.0,2026-02-10,412.9,
2026-01-07 09:45:45+05:30,NIFTY2621026400CE,26400.0,2026-02-10,412.9,
2026-01-07 09:45:46+05:30,NIFTY2621026400CE,26400.0,2026-02-10,412.9,
2026-01-07 09:45:47+05:30,NIFTY2621026400CE,26400.0,2026-02-10,412.9,
2026-01-07 09:45:48+05:30,NIFTY2621026400CE,26400.0,2026-02-10,412.9,
2026-01-07 09:45:49+05:30,NIFTY2621026400CE,26400.0,2026-02-10,412.9,
2026-01-07 09:45:50+05:30,NIFTY2621026400CE,26400.0,2026-02-10,412.9,
2026-01-07 09:45:51+05:30,NIFTY2621026400CE,26400.0,2026-02-10,412.9,
2026-01-07 09:45:52+05:30,NIFTY2621026400CE,26400.0,2026-02-10,412.9,
2026-01-07 09:45:53+05:30,NIFTY2621026400CE,26400.0,2026-02-10,412.9,
2026-01-07 09:45:54+05:30,NIFTY2621026400CE,26400.0,2026-02-10,412.9,
2026-01-07 09:45:55+05:30,NIFTY2621026400CE,26400.0,2026-02-10,412.9,
2026-01-07 09:45:56+05:30,NIFTY2621026400CE,26400.0,2026-02-10,412.9,
2026-01-07 09:45:57+05:30,NIFTY2621026400CE,26400.0,2026-02-10,412.9,
2026-01-07 09:45:58+05:30,NIFTY2621026400CE,26400.0,2026-02-10,412.9,
2026-01-07 09:45:59+05:30,NIFTY2621026400CE,26400.0,2026-02-10,412.9,
2026-01-07 09:46:00+05:30,NIFTY2621026400CE,26400.0,2026-02-10,412.9,
2026-01-07 09:46:01+05:30,NIFTY2621026400CE,26400.0,2026-02-10,412.9,
2026-01-07 09:46:02+05:30,NIFTY2621026400CE,26400.0,2026-02-10,412.9,
2026-01-07 09:46:03+05:30,NIFTY2621026400CE,26400.0,2026-02-10,412.9,
2026-01-07 09:46:04+05:30,NIFTY2621026400CE,26400.0,2026-02-10,412.9,
2026-01-07 09:46:05+05:30,NIFTY2621026400CE,26400.0,2026-02-10,412.9,
2026-01-07 09:46:06+05:30,NIFTY2621026400CE,26400.0,2026-02-10,412.9,
2026-01-07 09:46:07+05:30,NIFTY2621026400CE,26400.0,2026-02-10,412.9,
2026-01-07 09:46:08+05:30,NIFTY2621026400CE,26400.0,2026-02-10,412.9,
2026-01-07 09:46:09+05:30,NIFTY2621026400CE,26400.0,2026-02-10,412.9,
2026-01-07 09:46:10+05:30,NIFTY2621026400CE,26400.0,2026-02-10,412.9,
2026-01-07 09:46:11+05:30,NIFTY2621026400CE,26400.0,2026-02-10,412.9,
2026-01-07 09:46:12+05:30,NIFTY2621026400CE,26400.0,2026-02-10,412.9,
2026-01-07 09:46:13+05:30,NIFTY2621026400CE,26400.0,2026-02-10,412.9,
2026-01-07 09:46:14+05:30,NIFTY2621026400CE,26400.0,2026-02-10,412.9,
2026-01-07 09:46:15+05:30,NIFTY2621026400CE,26400.0,2026-02-10,412.9,
2026-01-07 09:46:16+05:30,NIFTY2621026400CE,26400.0,2026-02-10,412.9,
2026-01-07 09:46:17+05:30,NIFTY2621026400CE,26400.0,2026-02-10,412.9,
2026-01-07 09:46:18+05:30,NIFTY2621026400CE,26400.0,2026-02-10,412.9,
2026-01-07 09:46:19+05:30,NIFTY2621026400CE,26400.0,2026-02-10,412.9,
2026-01-07 09:46:20+05:30,NIFTY2621026400CE,26400.0,2026-02-10,412.9,
2026-01-07 09:46:21+05:30,NIFTY2621026400CE,26400.0,2026-02-10,412.9,
2026-01-07 09:46:22+05:30,NIFTY2621026400CE,26400.0,2026-02-10,412.9,
2026-01-07 09:46:23+05:30,NIFTY2621026400CE,26400.0,2026-02-10,412.9,
2026-01-07 09:46:24+05:30,NIFTY2621026400CE,26400.0,2026-02-10,412.9,
2026-01-07 09:46:25+05:30,NIFTY2621026400CE,26400.0,2026-02-10,412.9,
2026-01-07 09:46:26+05:30,NIFTY2621026400CE,26400.0,2026-02-10,412.9,
2026-01-07 09:46:27+05:30,NIFTY2621026400CE,26400.0,2026-02-10,412.9,
2026-01-07 09:46:28+05:30,NIFTY2621026400CE,26400.0,2026-02-10,412.9,
2026-01-07 09:46:29+05:30,NIFTY2621026400CE,26400.0,2026-02-10,412.9,
2026-01-07 09:46:30+05:30,NIFTY2621026400CE,26400.0,2026-02-10,412.9,
2026-01-07 09:46:31+05:30,NIFTY2621026400CE,26400.0,2026-02-10,412.9,
2026-01-07 09:46:32+05:30,NIFTY2621026400CE,26400.0,2026-02-10,412.9,
2026-01-07 09:46:33+05:30,NIFTY2621026400CE,26400.0,2026-02-10,412.9,
2026-01-07 09:46:34+05:30,NIFTY2621026400CE,26400.0,2026-02-10,412.9,
2026-01-07 09:46:35+05:30,NIFTY2621026400CE,26400.0,2026-02-10,412.9,
2026-01-07 09:46:36+05:30,NIFTY2621026400CE,26400.0,2026-02-10,412.9,
2026-01-07 09:46:37+05:30,NIFTY2621026400CE,26400.0,2026-02-10,412.9,
2026-01-07 09:46:38+05:30,NIFTY2621026400CE,26400.0,2026-02-10,412.9,
2026-01-07 09:46:39+05:30,NIFTY2621026400CE,26400.0,2026-02-10,412.9,
2026-01-07 09:46:40+05:30,NIFTY2621026400CE,26400.0,2026-02-10,412.9,
2026-01-07 09:46:41+05:30,NIFTY2621026400CE,26400.0,2026-02-10,412.9,
2026-01-07 09:46:42+05:30,NIFTY2621026400CE,26400.0,2026-02-10,412.9,
2026-01-07 09:46:43+05:30,NIFTY2621026400CE,26400.0,2026-02-10,412.9,
2026-01-07 09:46:44+05:30,NIFTY2621026400CE,26400.0,2026-02-10,412.9,
2026-01-07 09:46:45+05:30,NIFTY2621026400CE,26400.0,2026-02-10,412.9,
2026-01-07 09:46:46+05:30,NIFTY2621026400CE,26400.0,2026-02-10,412.9,
2026-01-07 09:46:47+05:30,NIFTY2621026400CE,26400.0,2026-02-10,412.9,
2026-01-07 09:46:48+05:30,NIFTY2621026400CE,26400.0,2026-02-10,412.9,
2026-01-07 09:46:49+05:30,NIFTY2621026400CE,26400.0,2026-02-10,412.9,
2026-01-07 09:46:50+05:30,NIFTY2621026400CE,26400.0,2026-02-10,412.9,
2026-01-07 09:46:51+05:30,NIFTY2621026400CE,26400.0,2026-02-10,412.9,
2026-01-07 09:46:52+05:30,NIFTY2621026400CE,26400.0,2026-02-10,412.9,
2026-01-07 09:46:53+05:30,NIFTY2621026400CE,26400.0,2026-02-10,412.9,
2026-01-07 09:46:54+05:30,NIFTY2621026400CE,26400.0,2026-02-10,412.9,
2026-01-07 09:46:55+05:30,NIFTY2621026400CE,26400.0,2026-02-10,412.9,
2026-01-07 09:46:56+05:30,NIFTY2621026400CE,26400.0,2026-02-10,412.9,
2026-01-07 09:46:57+05:30,NIFTY2621026400CE,26400.0,2026-02-10,412.9,
2026-01-07 09:46:58+05:30,NIFTY2621026400CE,26400.0,2026-02-10,412.9,
2026-01-07 09:46:59+05:30,NIFTY2621026400CE,26400.0,2026-02-10,412.9,
2026-01-07 09:47:00+05:30,NIFTY2621026400CE,26400.0,2026-02-10,412.9,
2026-01-07 09:47:01+05:30,NIFTY2621026400CE,26400.0,2026-02-10,412.9,
2026-01-07 09:47:02+05:30,NIFTY2621026400CE,26400.0,2026-02-10,412.9,
2026-01-07 09:47:03+05:30,NIFTY2621026400CE,26400.0,2026-02-10,412.9,
2026-01-07 09:47:04+05:30,NIFTY2621026400CE,26400.0,2026-02-10,412.9,
2026-01-07 09:47:05+05:30,NIFTY2621026400CE,26400.0,2026-02-10,412.9,
2026-01-07 09:47:06+05:30,NIFTY2621026400CE,26400.0,2026-02-10,412.9,
2026-01-07 09:47:07+05:30,NIFTY2621026400CE,26400.0,2026-02-10,412.9,
2026-01-07 09:47:08+05:30,NIFTY2621026400CE,26400.0,2026-02-10,412.9,
2026-01-07 09:47:09+05:30,NIFTY2621026400CE,26400.0,2026-02-10,412.9,
2026-01-07 09:47:10+05:30,NIFTY2621026400CE,26400.0,2026-02-10,412.9,
2026-01-07 09:47:11+05:30,NIFTY2621026400CE,26400.0,2026-02-10,412.9,
2026-01-07 09:47:12+05:30,NIFTY2621026400CE,26400.0,2026-02-10,412.9,
2026-01-07 09:47:13+05:30,NIFTY2621026400CE,26400.0,2026-02-10,412.9,
2026-01-07 09:47:14+05:30,NIFTY2621026400CE,26400.0,2026-02-10,412.9,
2026-01-07 09:47:15+05:30,NIFTY2621026400CE,26400.0,2026-02-10,412.9,
2026-01-07 09:47:16+05:30,NIFTY2621026400CE,26400.0,2026-02-10,412.9,
2026-01-07 09:47:17+05:30,NIFTY2621026400CE,26400.0,2026-02-10,412.9,
2026-01-07 09:47:18+05:30,NIFTY2621026400CE,26400.0,2026-02-10,412.9,
2026-01-07 09:47:19+05:30,NIFTY2621026400CE,26400.0,2026-02-10,412.9,
2026-01-07 09:47:20+05:30,NIFTY2621026400CE,26400.0,2026-02-10,412.9,
2026-01-07 09:47:21+05:30,NIFTY2621026400CE,26400.0,2026-02-10,412.9,
2026-01-07 09:47:22+05:30,NIFTY2621026400CE,26400.0,2026-02-10,412.9,
2026-01-07 09:47:23+05:30,NIFTY2621026400CE,26400.0,2026-02-10,412.9,
2026-01-07 09:47:24+05:30,NIFTY2621026400CE,26400.0,2026-02-10,412.9,
2026-01-07 09:47:25+05:30,NIFTY2621026400CE,26400.0,2026-02-10,412.9,
2026-01-07 09:47:26+05:30,NIFTY2621026400CE,26400.0,2026-02-10,412.9,
2026-01-07 09:47:27+05:30,NIFTY2621026400CE,26400.0,2026-02-10,412.9,
2026-01-07 09:47:28+05:30,NIFTY2621026400CE,26400.0,2026-02-10,412.9,
2026-01-07 09:47:29+05:30,NIFTY2621026400CE,26400.0,2026-02-10,412.9,
2026-01-07 09:47:30+05:30,NIFTY2621026400CE,26400.0,2026-02-10,412.9,
2026-01-07 09:47:31+05:30,NIFTY2621026400CE,26400.0,2026-02-10,412.9,
2026-01-07 09:47:32+05:30,NIFTY2621026400CE,26400.0,2026-02-10,412.9,
2026-01-07 09:47:33+05:30,NIFTY2621026400CE,26400.0,2026-02-10,412.9,
2026-01-07 09:47:34+05:30,NIFTY2621026400CE,26400.0,2026-02-10,412.9,
2026-01-07 09:47:35+05:30,NIFTY2621026400CE,26400.0,2026-02-10,412.9,
2026-01-07 09:47:36+05:30,NIFTY2621026400CE,26400.0,2026-02-10,412.9,
2026-01-07 09:47:37+05:30,NIFTY2621026400CE,26400.0,2026-02-10,412.9,
2026-01-07 09:47:38+05:30,NIFTY2621026400CE,26400.0,2026-02-10,412.9,
2026-01-07 09:47:39+05:30,NIFTY2621026400CE,26400.0,2026-02-10,412.9,
2026-01-07 09:47:40+05:30,NIFTY2621026400CE,26400.0,2026-02-10,412.9,
2026-01-07 09:47:41+05:30,NIFTY2621026400CE,26400.0,2026-02-10,412.9,
2026-01-07 09:47:42+05:30,NIFTY2621026400CE,26400.0,2026-02-10,412.9,
2026-01-07 09:47:43+05:30,NIFTY2621026400CE,26400.0,2026-02-10,412.9,
2026-01-07 09:47:44+05:30,NIFTY2621026400CE,26400.0,2026-02-10,412.9,
2026-01-07 09:47:45+05:30,NIFTY2621026400CE,26400.0,2026-02-10,412.9,
2026-01-07 09:47:46+05:30,NIFTY2621026400CE,26400.0,2026-02-10,412.9,
2026-01-07 09:47:47+05:30,NIFTY2621026400CE,26400.0,2026-02-10,412.9,
2026-01-07 09:47:48+05:30,NIFTY2621026400CE,26400.0,2026-02-10,412.9,
2026-01-07 09:47:49+05:30,NIFTY2621026400CE,26400.0,2026-02-10,412.9,
2026-01-07 09:47:50+05:30,NIFTY2621026400CE,26400.0,2026-02-10,412.9,
2026-01-07 09:47:51+05:30,NIFTY2621026400CE,26400.0,2026-02-10,412.9,
2026-01-07 09:47:52+05:30,NIFTY2621026400CE,26400.0,2026-02-10,412.9,
2026-01-07 09:47:53+05:30,NIFTY2621026400CE,26400.0,2026-02-10,412.9,
2026-01-07 09:47:54+05:30,NIFTY2621026400CE,26400.0,2026-02-10,412.9,
2026-01-07 09:47:55+05:30,NIFTY2621026400CE,26400.0,2026-02-10,412.9,
2026-01-07 09:47:56+05:30,NIFTY2621026400CE,26400.0,2026-02-10,412.9,
2026-01-07 09:47:57+05:30,NIFTY2621026400CE,26400.0,2026-02-10,412.9,
2026-01-07 09:47:58+05:30,NIFTY2621026400CE,26400.0,2026-02-10,412.9,
2026-01-07 09:47:59+05:30,NIFTY2621026400CE,26400.0,2026-02-10,412.9,
2026-01-07 09:48:00+05:30,NIFTY2621026400CE,26400.0,2026-02-10,412.9,
2026-01-07 09:48:01+05:30,NIFTY2621026400CE,26400.0,2026-02-10,412.9,
2026-01-07 09:48:02+05:30,NIFTY2621026400CE,26400.0,2026-02-10,412.9,
2026-01-07 09:48:03+05:30,NIFTY2621026400CE,26400.0,2026-02-10,412.9,
2026-01-07 09:48:04+05:30,NIFTY2621026400CE,26400.0,2026-02-10,412.9,
2026-01-07 09:48:05+05:30,NIFTY2621026400CE,26400.0,2026-02-10,412.9,
2026-01-07 09:48:06+05:30,NIFTY2621026400CE,26400.0,2026-02-10,412.9,
2026-01-07 09:48:07+05:30,NIFTY2621026400CE,26400.0,2026-02-10,412.9,
2026-01-07 09:48:08+05:30,NIFTY2621026400CE,26400.0,2026-02-10,412.9,
2026-01-07 09:48:09+05:30,NIFTY2621026400CE,26400.0,2026-02-10,412.9,
2026-01-07 09:48:10+05:30,NIFTY2621026400CE,26400.0,2026-02-10,412.9,
2026-01-07 09:48:11+05:30,NIFTY2621026400CE,26400.0,2026-02-10,412.9,
2026-01-07 09:48:12+05:30,NIFTY2621026400CE,26400.0,2026-02-10,412.9,
2026-01-07 09:48:13+05:30,NIFTY2621026400CE,26400.0,2026-02-10,412.9,
2026-01-07 09:48:14+05:30,NIFTY2621026400CE,26400.0,2026-02-10,412.9,
2026-01-07 09:48:15+05:30,NIFTY2621026400CE,26400.0,2026-02-10,412.9,
2026-01-07 09:48:16+05:30,NIFTY2621026400CE,26400.0,2026-02-10,412.9,
2026-01-07 09:48:17+05:30,NIFTY2621026400CE,26400.0,2026-02-10,412.9,
2026-01-07 09:48:18+05:30,NIFTY2621026400CE,26400.0,2026-02-10,412.9,
2026-01-07 09:48:19+05:30,NIFTY2621026400CE,26400.0,2026-02-10,412.9,
2026-01-07 09:48:20+05:30,NIFTY2621026400CE,26400.0,2026-02-10,412.9,
2026-01-07 09:48:21+05:30,NIFTY2621026400CE,26400.0,2026-02-10,412.9,
2026-01-07 09:48:22+05:30,NIFTY2621026400CE,26400.0,2026-02-10,412.9,
2026-01-07 09:48:23+05:30,NIFTY2621026400CE,26400.0,2026-02-10,412.9,
2026-01-07 09:48:24+05:30,NIFTY2621026400CE,26400.0,2026-02-10,412.9,
2026-01-07 09:48:25+05:30,NIFTY2621026400CE,26400.0,2026-02-10,412.9,
2026-01-07 09:48:26+05:30,NIFTY2621026400CE,26400.0,2026-02-10,412.9,
2026-01-07 09:48:27+05:30,NIFTY2621026400CE,26400.0,2026-02-10,412.9,
2026-01-07 09:48:28+05:30,NIFTY2621026400CE,26400.0,2026-02-10,412.9,
2026-01-07 09:48:29+05:30,NIFTY2621026400CE,26400.0,2026-02-10,412.9,
2026-01-07 09:48:30+05:30,NIFTY2621026400CE,26400.0,2026-02-10,412.9,
2026-01-07 09:48:31+05:30,NIFTY2621026400CE,26400.0,2026-02-10,412.9,
2026-01-07 09:48:32+05:30,NIFTY2621026400CE,26400.0,2026-02-10,412.9,
2026-01-07 09:48:33+05:30,NIFTY2621026400CE,26400.0,2026-02-10,412.9,
2026-01-07 09:48:34+05:30,NIFTY2621026400CE,26400.0,2026-02-10,412.9,
2026-01-07 09:48:35+05:30,NIFTY2621026400CE,26400.0,2026-02-10,412.9,
2026-01-07 09:48:36+05:30,NIFTY2621026400CE,26400.0,2026-02-10,412.9,
2026-01-07 09:48:37+05:30,NIFTY2621026400CE,26400.0,2026-02-10,412.9,
2026-01-07 09:48:38+05:30,NIFTY2621026400CE,26400.0,2026-02-10,412.9,
2026-01-07 09:48:39+05:30,NIFTY2621026400CE,26400.0,2026-02-10,412.9,
2026-01-07 09:48:40+05:30,NIFTY2621026400CE,26400.0,2026-02-10,412.9,
2026-01-07 09:48:41+05:30,NIFTY2621026400CE,26400.0,2026-02-10,412.9,
2026-01-07 09:48:42+05:30,NIFTY2621026400CE,26400.0,2026-02-10,412.9,
2026-01-07 09:48:43+05:30,NIFTY2621026400CE,26400.0,2026-02-10,412.9,
2026-01-07 09:48:44+05:30,NIFTY2621026400CE,26400.0,2026-02-10,412.9,
2026-01-07 09:48:45+05:30,NIFTY2621026400CE,26400.0,2026-02-10,412.9,
2026-01-07 09:48:46+05:30,NIFTY2621026400CE,26400.0,2026-02-10,412.9,
2026-01-07 09:48:47+05:30,NIFTY2621026400CE,26400.0,2026-02-10,412.9,
2026-01-07 09:48:48+05:30,NIFTY2621026400CE,26400.0,2026-02-10,412.9,
2026-01-07 09:48:49+05:30,NIFTY2621026400CE,26400.0,2026-02-10,412.9,
2026-01-07 09:48:50+05:30,NIFTY2621026400CE,26400.0,2026-02-10,412.9,
2026-01-07 09:48:51+05:30,NIFTY2621026400CE,26400.0,2026-02-10,412.9,
2026-01-07 09:48:52+05:30,NIFTY2621026400CE,26400.0,2026-02-10,412.9,
2026-01-07 09:48:53+05:30,NIFTY2621026400CE,26400.0,2026-02-10,412.9,
2026-01-07 09:48:54+05:30,NIFTY2621026400CE,26400.0,2026-02-10,412.9,
2026-01-07 09:48:55+05:30,NIFTY2621026400CE,26400.0,2026-02-10,412.9,
2026-01-07 09:48:56+05:30,NIFTY2621026400CE,26400.0,2026-02-10,412.9,
2026-01-07 09:48:57+05:30,NIFTY2621026400CE,26400.0,2026-02-10,412.9,
2026-01-07 09:48:58+05:30,NIFTY2621026400CE,26400.0,2026-02-10,412.9,
2026-01-07 09:48:59+05:30,NIFTY2621026400CE,26400.0,2026-02-10,412.9,
2026-01-07 09:49:00+05:30,NIFTY2621026400CE,26400.0,2026-02-10,412.9,
2026-01-07 09:49:01+05:30,NIFTY2621026400CE,26400.0,2026-02-10,412.9,
2026-01-07 09:49:02+05:30,NIFTY2621026400CE,26400.0,2026-02-10,412.9,
2026-01-07 09:49:03+05:30,NIFTY2621026400CE,26400.0,2026-02-10,412.9,
2026-01-07 09:49:04+05:30,NIFTY2621026400CE,26400.0,2026-02-10,412.9,
2026-01-07 09:49:05+05:30,NIFTY2621026400CE,26400.0,2026-02-10,412.9,
2026-01-07 09:49:06+05:30,NIFTY2621026400CE,26400.0,2026-02-10,412.9,
2026-01-07 09:49:07+05:30,NIFTY2621026400CE,26400.0,2026-02-10,412.9,
2026-01-07 09:49:08+05:30,NIFTY2621026400CE,26400.0,2026-02-10,412.9,
2026-01-07 09:49:09+05:30,NIFTY2621026400CE,26400.0,2026-02-10,412.9,
2026-01-07 09:49:10+05:30,NIFTY2621026400CE,26400.0,2026-02-10,412.9,
2026-01-07 09:49:11+05:30,NIFTY2621026400CE,26400.0,2026-02-10,412.9,
2026-01-07 09:49:12+05:30,NIFTY2621026400CE,26400.0,2026-02-10,412.9,
2026-01-07 09:49:13+05:30,NIFTY2621026400CE,26400.0,2026-02-10,412.9,
2026-01-07 09:49:14+05:30,NIFTY2621026400CE,26400.0,2026-02-10,412.9,
2026-01-07 09:49:15+05:30,NIFTY2621026400CE,26400.0,2026-02-10,412.9,
2026-01-07 09:49:16+05:30,NIFTY2621026400CE,26400.0,2026-02-10,412.9,
2026-01-07 09:49:17+05:30,NIFTY2621026400CE,26400.0,2026-02-10,412.9,
2026-01-07 09:49:18+05:30,NIFTY2621026400CE,26400.0,2026-02-10,412.9,
2026-01-07 09:49:19+05:30,NIFTY2621026400CE,26400.0,2026-02-10,412.9,
2026-01-07 09:49:20+05:30,NIFTY2621026400CE,26400.0,2026-02-10,412.9,
2026-01-07 09:49:21+05:30,NIFTY2621026400CE,26400.0,2026-02-10,412.9,
2026-01-07 09:49:22+05:30,NIFTY2621026400CE,26400.0,2026-02-10,412.9,
2026-01-07 09:49:23+05:30,NIFTY2621026400CE,26400.0,2026-02-10,412.9,
2026-01-07 09:49:24+05:30,NIFTY2621026400CE,26400.0,2026-02-10,412.9,
2026-01-07 09:49:25+05:30,NIFTY2621026400CE,26400.0,2026-02-10,412.9,
2026-01-07 09:49:26+05:30,NIFTY2621026400CE,26400.0,2026-02-10,412.9,
2026-01-07 09:49:27+05:30,NIFTY2621026400CE,26400.0,2026-02-10,412.9,
2026-01-07 09:49:28+05:30,NIFTY2621026400CE,26400.0,2026-02-10,412.9,
2026-01-07 09:49:29+05:30,NIFTY2621026400CE,26400.0,2026-02-10,412.9,
2026-01-07 09:49:30+05:30,NIFTY2621026400CE,26400.0,2026-02-10,412.9,
2026-01-07 09:49:31+05:30,NIFTY2621026400CE,26400.0,2026-02-10,412.9,
2026-01-07 09:49:32+05:30,NIFTY2621026400CE,26400.0,2026-02-10,412.9,
2026-01-07 09:49:33+05:30,NIFTY2621026400CE,26400.0,2026-02-10,412.9,
2026-01-07 09:49:34+05:30,NIFTY2621026400CE,26400.0,2026-02-10,412.9,
2026-01-07 09:49:35+05:30,NIFTY2621026400CE,26400.0,2026-02-10,412.9,
2026-01-07 09:49:36+05:30,NIFTY2621026400CE,26400.0,2026-02-10,412.9,
2026-01-07 09:49:37+05:30,NIFTY2621026400CE,26400.0,2026-02-10,412.9,
2026-01-07 09:49:38+05:30,NIFTY2621026400CE,26400.0,2026-02-10,412.9,
2026-01-07 09:49:39+05:30,NIFTY2621026400CE,26400.0,2026-02-10,412.9,
2026-01-07 09:49:40+05:30,NIFTY2621026400CE,26400.0,2026-02-10,412.9,
2026-01-07 09:49:41+05:30,NIFTY2621026400CE,26400.0,2026-02-10,412.9,
2026-01-07 09:49:42+05:30,NIFTY2621026400CE,26400.0,2026-02-10,412.9,
2026-01-07 09:49:43+05:30,NIFTY2621026400CE,26400.0,2026-02-10,412.9,
2026-01-07 09:49:44+05:30,NIFTY2621026400CE,26400.0,2026-02-10,412.9,
2026-01-07 09:49:45+05:30,NIFTY2621026400CE,26400.0,2026-02-10,412.9,
2026-01-07 09:49:46+05:30,NIFTY2621026400CE,26400.0,2026-02-10,412.9,
2026-01-07 09:49:47+05:30,NIFTY2621026400CE,26400.0,2026-02-10,412.9,
2026-01-07 09:49:48+05:30,NIFTY2621026400CE,26400.0,2026-02-10,412.9,
2026-01-07 09:49:49+05:30,NIFTY2621026400CE,26400.0,2026-02-10,412.9,
2026-01-07 09:49:50+05:30,NIFTY2621026400CE,26400.0,2026-02-10,412.9,
2026-01-07 09:49:51+05:30,NIFTY2621026400CE,26400.0,2026-02-10,412.9,
2026-01-07 09:49:52+05:30,NIFTY2621026400CE,26400.0,2026-02-10,412.9,
2026-01-07 09:49:53+05:30,NIFTY2621026400CE,26400.0,2026-02-10,412.9,
2026-01-07 09:49:54+05:30,NIFTY2621026400CE,26400.0,2026-02-10,412.9,
2026-01-07 09:49:55+05:30,NIFTY2621026400CE,26400.0,2026-02-10,412.9,
2026-01-07 09:49:56+05:30,NIFTY2621026400CE,26400.0,2026-02-10,412.9,
2026-01-07 09:49:57+05:30,NIFTY2621026400CE,26400.0,2026-02-10,412.9,
2026-01-07 09:49:58+05:30,NIFTY2621026400CE,26400.0,2026-02-10,412.9,
2026-01-07 09:49:59+05:30,NIFTY2621026400CE,26400.0,2026-02-10,412.9,
2026-01-07 09:50:00+05:30,NIFTY2621026400CE,26400.0,2026-02-10,412.9,
2026-01-07 09:50:01+05:30,NIFTY2621026400CE,26400.0,2026-02-10,412.9,
2026-01-07 09:50:02+05:30,NIFTY2621026400CE,26400.0,2026-02-10,412.9,
2026-01-07 09:50:03+05:30,NIFTY2621026400CE,26400.0,2026-02-10,412.9,
2026-01-07 09:50:04+05:30,NIFTY2621026400CE,26400.0,2026-02-10,412.9,
2026-01-07 09:50:05+05:30,NIFTY2621026400CE,26400.0,2026-02-10,412.9,
2026-01-07 09:50:06+05:30,NIFTY2621026400CE,26400.0,2026-02-10,412.9,
2026-01-07 09:50:07+05:30,NIFTY2621026400CE,26400.0,2026-02-10,412.9,
2026-01-07 09:50:08+05:30,NIFTY2621026400CE,26400.0,2026-02-10,412.9,
2026-01-07 09:50:09+05:30,NIFTY2621026400CE,26400.0,2026-02-10,412.9,
2026-01-07 09:50:10+05:30,NIFTY2621026400CE,26400.0,2026-02-10,412.9,
2026-01-07 09:50:11+05:30,NIFTY2621026400CE,26400.0,2026-02-10,412.9,
2026-01-07 09:50:12+05:30,NIFTY2621026400CE,26400.0,2026-02-10,412.9,
2026-01-07 09:50:13+05:30,NIFTY2621026400CE,26400.0,2026-02-10,412.9,
2026-01-07 09:50:14+05:30,NIFTY2621026400CE,26400.0,2026-02-10,412.9,
2026-01-07 09:50:15+05:30,NIFTY2621026400CE,26400.0,2026-02-10,412.9,
2026-01-07 09:50:16+05:30,NIFTY2621026400CE,26400.0,2026-02-10,412.9,
2026-01-07 09:50:17+05:30,NIFTY2621026400CE,26400.0,2026-02-10,412.9,
2026-01-07 09:50:18+05:30,NIFTY2621026400CE,26400.0,2026-02-10,412.9,
2026-01-07 09:50:19+05:30,NIFTY2621026400CE,26400.0,2026-02-10,412.9,
2026-01-07 09:50:20+05:30,NIFTY2621026400CE,26400.0,2026-02-10,412.9,
2026-01-07 09:50:21+05:30,NIFTY2621026400CE,26400.0,2026-02-10,412.9,
2026-01-07 09:50:22+05:30,NIFTY2621026400CE,26400.0,2026-02-10,412.9,
2026-01-07 09:50:23+05:30,NIFTY2621026400CE,26400.0,2026-02-10,412.9,
2026-01-07 09:50:24+05:30,NIFTY2621026400CE,26400.0,2026-02-10,412.9,
2026-01-07 09:50:25+05:30,NIFTY2621026400CE,26400.0,2026-02-10,412.9,
2026-01-07 09:50:26+05:30,NIFTY2621026400CE,26400.0,2026-02-10,412.9,
2026-01-07 09:50:27+05:30,NIFTY2621026400CE,26400.0,2026-02-10,412.9,
2026-01-07 09:50:28+05:30,NIFTY2621026400CE,26400.0,2026-02-10,412.9,
2026-01-07 09:50:29+05:30,NIFTY2621026400CE,26400.0,2026-02-10,412.9,
2026-01-07 09:50:30+05:30,NIFTY2621026400CE,26400.0,2026-02-10,412.9,
2026-01-07 09:50:31+05:30,NIFTY2621026400CE,26400.0,2026-02-10,412.9,
2026-01-07 09:50:32+05:30,NIFTY2621026400CE,26400.0,2026-02-10,412.9,
2026-01-07 09:50:33+05:30,NIFTY2621026400CE,26400.0,2026-02-10,412.9,
2026-01-07 09:50:34+05:30,NIFTY2621026400CE,26400.0,2026-02-10,412.9,
2026-01-07 09:50:35+05:30,NIFTY2621026400CE,26400.0,2026-02-10,412.9,
2026-01-07 09:50:36+05:30,NIFTY2621026400CE,26400.0,2026-02-10,412.9,
2026-01-07 09:50:37+05:30,NIFTY2621026400CE,26400.0,2026-02-10,412.9,
2026-01-07 09:50:38+05:30,NIFTY2621026400CE,26400.0,2026-02-10,412.9,
2026-01-07 09:50:39+05:30,NIFTY2621026400CE,26400.0,2026-02-10,412.9,
2026-01-07 09:50:40+05:30,NIFTY2621026400CE,26400.0,2026-02-10,412.9,
2026-01-07 09:50:41+05:30,NIFTY2621026400CE,26400.0,2026-02-10,412.9,
2026-01-07 09:50:42+05:30,NIFTY2621026400CE,26400.0,2026-02-10,412.9,
2026-01-07 09:50:43+05:30,NIFTY2621026400CE,26400.0,2026-02-10,412.9,
2026-01-07 09:50:44+05:30,NIFTY2621026400CE,26400.0,2026-02-10,412.9,
2026-01-07 09:50:45+05:30,NIFTY2621026400CE,26400.0,2026-02-10,412.9,
2026-01-07 09:50:46+05:30,NIFTY2621026400CE,26400.0,2026-02-10,412.9,
2026-01-07 09:50:47+05:30,NIFTY2621026400CE,26400.0,2026-02-10,412.9,
2026-01-07 09:50:48+05:30,NIFTY2621026400CE,26400.0,2026-02-10,412.9,
2026-01-07 09:50:49+05:30,NIFTY2621026400CE,26400.0,2026-02-10,412.9,
2026-01-07 09:50:50+05:30,NIFTY2621026400CE,26400.0,2026-02-10,412.9,
2026-01-07 09:50:51+05:30,NIFTY2621026400CE,26400.0,2026-02-10,412.9,
2026-01-07 09:50:52+05:30,NIFTY2621026400CE,26400.0,2026-02-10,412.9,
2026-01-07 09:50:53+05:30,NIFTY2621026400CE,26400.0,2026-02-10,412.9,
2026-01-07 09:50:54+05:30,NIFTY2621026400CE,26400.0,2026-02-10,412.9,
2026-01-07 09:50:55+05:30,NIFTY2621026400CE,26400.0,2026-02-10,412.9,
2026-01-07 09:50:56+05:30,NIFTY2621026400CE,26400.0,2026-02-10,412.9,
2026-01-07 09:50:57+05:30,NIFTY2621026400CE,26400.0,2026-02-10,412.9,
2026-01-07 09:50:58+05:30,NIFTY2621026400CE,26400.0,2026-02-10,412.9,
2026-01-07 09:50:59+05:30,NIFTY2621026400CE,26400.0,2026-02-10,412.9,
2026-01-07 09:51:00+05:30,NIFTY2621026400CE,26400.0,2026-02-10,412.9,
2026-01-07 09:51:01+05:30,NIFTY2621026400CE,26400.0,2026-02-10,412.9,
2026-01-07 09:51:02+05:30,NIFTY2621026400CE,26400.0,2026-02-10,412.9,
2026-01-07 09:51:03+05:30,NIFTY2621026400CE,26400.0,2026-02-10,412.9,
2026-01-07 09:51:04+05:30,NIFTY2621026400CE,26400.0,2026-02-10,412.9,
2026-01-07 09:51:05+05:30,NIFTY2621026400CE,26400.0,2026-02-10,412.9,
2026-01-07 09:51:06+05:30,NIFTY2621026400CE,26400.0,2026-02-10,412.9,
2026-01-07 09:51:07+05:30,NIFTY2621026400CE,26400.0,2026-02-10,412.9,
2026-01-07 09:51:08+05:30,NIFTY2621026400CE,26400.0,2026-02-10,412.9,
2026-01-07 09:51:09+05:30,NIFTY2621026400CE,26400.0,2026-02-10,412.9,
2026-01-07 09:51:10+05:30,NIFTY2621026400CE,26400.0,2026-02-10,412.9,
2026-01-07 09:51:11+05:30,NIFTY2621026400CE,26400.0,2026-02-10,412.9,
2026-01-07 09:51:12+05:30,NIFTY2621026400CE,26400.0,2026-02-10,412.9,
2026-01-07 09:51:13+05:30,NIFTY2621026400CE,26400.0,2026-02-10,412.9,
2026-01-07 09:51:14+05:30,NIFTY2621026400CE,26400.0,2026-02-10,412.9,
2026-01-07 09:51:15+05:30,NIFTY2621026400CE,26400.0,2026-02-10,412.9,
2026-01-07 09:51:16+05:30,NIFTY2621026400CE,26400.0,2026-02-10,412.9,
2026-01-07 09:51:17+05:30,NIFTY2621026400CE,26400.0,2026-02-10,412.9,
2026-01-07 09:51:18+05:30,NIFTY2621026400CE,26400.0,2026-02-10,412.9,
2026-01-07 09:51:19+05:30,NIFTY2621026400CE,26400.0,2026-02-10,412.9,
2026-01-07 09:51:20+05:30,NIFTY2621026400CE,26400.0,2026-02-10,412.9,
2026-01-07 09:51:21+05:30,NIFTY2621026400CE,26400.0,2026-02-10,412.9,
2026-01-07 09:51:22+05:30,NIFTY2621026400CE,26400.0,2026-02-10,412.9,
2026-01-07 09:51:23+05:30,NIFTY2621026400CE,26400.0,2026-02-10,412.9,
2026-01-07 09:51:24+05:30,NIFTY2621026400CE,26400.0,2026-02-10,412.9,
2026-01-07 09:51:25+05:30,NIFTY2621026400CE,26400.0,2026-02-10,412.9,
2026-01-07 09:51:26+05:30,NIFTY2621026400CE,26400.0,2026-02-10,412.9,
2026-01-07 09:51:27+05:30,NIFTY2621026400CE,26400.0,2026-02-10,412.9,
2026-01-07 09:51:28+05:30,NIFTY2621026400CE,26400.0,2026-02-10,412.9,
2026-01-07 09:51:29+05:30,NIFTY2621026400CE,26400.0,2026-02-10,412.9,
2026-01-07 09:51:30+05:30,NIFTY2621026400CE,26400.0,2026-02-10,412.9,
2026-01-07 09:51:31+05:30,NIFTY2621026400CE,26400.0,2026-02-10,412.9,
2026-01-07 09:51:32+05:30,NIFTY2621026400CE,26400.0,2026-02-10,412.9,
2026-01-07 09:51:33+05:30,NIFTY2621026400CE,26400.0,2026-02-10,412.9,
2026-01-07 09:51:34+05:30,NIFTY2621026400CE,26400.0,2026-02-10,412.9,
2026-01-07 09:51:35+05:30,NIFTY2621026400CE,26400.0,2026-02-10,412.9,
2026-01-07 09:51:36+05:30,NIFTY2621026400CE,26400.0,2026-02-10,412.9,
2026-01-07 09:51:37+05:30,NIFTY2621026400CE,26400.0,2026-02-10,412.9,
2026-01-07 09:51:38+05:30,NIFTY2621026400CE,26400.0,2026-02-10,412.9,
2026-01-07 09:51:39+05:30,NIFTY2621026400CE,26400.0,2026-02-10,412.9,
2026-01-07 09:51:40+05:30,NIFTY2621026400CE,26400.0,2026-02-10,412.9,
2026-01-07 09:51:41+05:30,NIFTY2621026400CE,26400.0,2026-02-10,412.9,
2026-01-07 09:51:42+05:30,NIFTY2621026400CE,26400.0,2026-02-10,412.9,
2026-01-07 09:51:43+05:30,NIFTY2621026400CE,26400.0,2026-02-10,412.9,
2026-01-07 09:51:44+05:30,NIFTY2621026400CE,26400.0,2026-02-10,412.9,
2026-01-07 09:51:45+05:30,NIFTY2621026400CE,26400.0,2026-02-10,412.9,
2026-01-07 09:51:46+05:30,NIFTY2621026400CE,26400.0,2026-02-10,412.9,
2026-01-07 09:51:47+05:30,NIFTY2621026400CE,26400.0,2026-02-10,412.9,
2026-01-07 09:51:48+05:30,NIFTY2621026400CE,26400.0,2026-02-10,412.9,
2026-01-07 09:51:49+05:30,NIFTY2621026400CE,26400.0,2026-02-10,412.9,
2026-01-07 09:51:50+05:30,NIFTY2621026400CE,26400.0,2026-02-10,412.9,
2026-01-07 09:51:51+05:30,NIFTY2621026400CE,26400.0,2026-02-10,412.9,
2026-01-07 09:51:52+05:30,NIFTY2621026400CE,26400.0,2026-02-10,412.9,
2026-01-07 09:51:53+05:30,NIFTY2621026400CE,26400.0,2026-02-10,412.9,
2026-01-07 09:51:54+05:30,NIFTY2621026400CE,26400.0,2026-02-10,412.9,
2026-01-07 09:51:55+05:30,NIFTY2621026400CE,26400.0,2026-02-10,412.9,
2026-01-07 09:51:56+05:30,NIFTY2621026400CE,26400.0,2026-02-10,412.9,
2026-01-07 09:51:57+05:30,NIFTY2621026400CE,26400.0,2026-02-10,412.9,
2026-01-07 09:51:58+05:30,NIFTY2621026400CE,26400.0,2026-02-10,412.9,
2026-01-07 09:51:59+05:30,NIFTY2621026400CE,26400.0,2026-02-10,412.9,
2026-01-07 09:52:00+05:30,NIFTY2621026400CE,26400.0,2026-02-10,412.9,
2026-01-07 09:52:01+05:30,NIFTY2621026400CE,26400.0,2026-02-10,412.9,
2026-01-07 09:52:02+05:30,NIFTY2621026400CE,26400.0,2026-02-10,412.9,
2026-01-07 09:52:03+05:30,NIFTY2621026400CE,26400.0,2026-02-10,412.9,
2026-01-07 09:52:04+05:30,NIFTY2621026400CE,26400.0,2026-02-10,412.9,
2026-01-07 09:52:05+05:30,NIFTY2621026400CE,26400.0,2026-02-10,412.9,
2026-01-07 09:52:06+05:30,NIFTY2621026400CE,26400.0,2026-02-10,412.9,
2026-01-07 09:52:07+05:30,NIFTY2621026400CE,26400.0,2026-02-10,412.9,
2026-01-07 09:52:08+05:30,NIFTY2621026400CE,26400.0,2026-02-10,412.9,
2026-01-07 09:52:09+05:30,NIFTY2621026400CE,26400.0,2026-02-10,412.9,
2026-01-07 09:52:10+05:30,NIFTY2621026400CE,26400.0,2026-02-10,412.9,
2026-01-07 09:52:11+05:30,NIFTY2621026400CE,26400.0,2026-02-10,412.9,
2026-01-07 09:52:12+05:30,NIFTY2621026400CE,26400.0,2026-02-10,412.9,
2026-01-07 09:52:13+05:30,NIFTY2621026400CE,26400.0,2026-02-10,412.9,
2026-01-07 09:52:14+05:30,NIFTY2621026400CE,26400.0,2026-02-10,412.9,
2026-01-07 09:52:15+05:30,NIFTY2621026400CE,26400.0,2026-02-10,412.9,
2026-01-07 09:52:16+05:30,NIFTY2621026400CE,26400.0,2026-02-10,412.9,
2026-01-07 09:52:17+05:30,NIFTY2621026400CE,26400.0,2026-02-10,412.9,
2026-01-07 09:52:18+05:30,NIFTY2621026400CE,26400.0,2026-02-10,412.9,
2026-01-07 09:52:19+05:30,NIFTY2621026400CE,26400.0,2026-02-10,412.9,
2026-01-07 09:52:20+05:30,NIFTY2621026400CE,26400.0,2026-02-10,412.9,
2026-01-07 09:52:21+05:30,NIFTY2621026400CE,26400.0,2026-02-10,412.9,
2026-01-07 09:52:22+05:30,NIFTY2621026400CE,26400.0,2026-02-10,412.9,
2026-01-07 09:52:23+05:30,NIFTY2621026400CE,26400.0,2026-02-10,412.9,
2026-01-07 09:52:24+05:30,NIFTY2621026400CE,26400.0,2026-02-10,412.9,
2026-01-07 09:52:25+05:30,NIFTY2621026400CE,26400.0,2026-02-10,412.9,
2026-01-07 09:52:26+05:30,NIFTY2621026400CE,26400.0,2026-02-10,412.9,
2026-01-07 09:52:27+05:30,NIFTY2621026400CE,26400.0,2026-02-10,412.9,
2026-01-07 09:52:28+05:30,NIFTY2621026400CE,26400.0,2026-02-10,412.9,
2026-01-07 09:52:29+05:30,NIFTY2621026400CE,26400.0,2026-02-10,412.9,
2026-01-07 09:52:30+05:30,NIFTY2621026400CE,26400.0,2026-02-10,412.9,
2026-01-07 09:52:31+05:30,NIFTY2621026400CE,26400.0,2026-02-10,412.9,
2026-01-07 09:52:32+05:30,NIFTY2621026400CE,26400.0,2026-02-10,412.9,
2026-01-07 09:52:33+05:30,NIFTY2621026400CE,26400.0,2026-02-10,412.9,
2026-01-07 09:52:34+05:30,NIFTY2621026400CE,26400.0,2026-02-10,412.9,
2026-01-07 09:52:35+05:30,NIFTY2621026400CE,26400.0,2026-02-10,412.9,
2026-01-07 09:52:36+05:30,NIFTY2621026400CE,26400.0,2026-02-10,412.9,
2026-01-07 09:52:37+05:30,NIFTY2621026400CE,26400.0,2026-02-10,412.9,
2026-01-07 09:52:38+05:30,NIFTY2621026400CE,26400.0,2026-02-10,412.9,
2026-01-07 09:52:39+05:30,NIFTY2621026400CE,26400.0,2026-02-10,412.9,
2026-01-07 09:52:40+05:30,NIFTY2621026400CE,26400.0,2026-02-10,412.9,
2026-01-07 09:52:41+05:30,NIFTY2621026400CE,26400.0,2026-02-10,412.9,
2026-01-07 09:52:42+05:30,NIFTY2621026400CE,26400.0,2026-02-10,412.9,
2026-01-07 09:52:43+05:30,NIFTY2621026400CE,26400.0,2026-02-10,412.9,
2026-01-07 09:52:44+05:30,NIFTY2621026400CE,26400.0,2026-02-10,412.9,
2026-01-07 09:52:45+05:30,NIFTY2621026400CE,26400.0,2026-02-10,412.9,
2026-01-07 09:52:46+05:30,NIFTY2621026400CE,26400.0,2026-02-10,412.9,
2026-01-07 09:52:47+05:30,NIFTY2621026400CE,26400.0,2026-02-10,412.9,
2026-01-07 09:52:48+05:30,NIFTY2621026400CE,26400.0,2026-02-10,412.9,
2026-01-07 09:52:49+05:30,NIFTY2621026400CE,26400.0,2026-02-10,412.9,
2026-01-07 09:52:50+05:30,NIFTY2621026400CE,26400.0,2026-02-10,412.9,
2026-01-07 09:52:51+05:30,NIFTY2621026400CE,26400.0,2026-02-10,412.9,
2026-01-07 09:52:52+05:30,NIFTY2621026400CE,26400.0,2026-02-10,412.9,
2026-01-07 09:52:53+05:30,NIFTY2621026400CE,26400.0,2026-02-10,412.9,
2026-01-07 09:52:54+05:30,NIFTY2621026400CE,26400.0,2026-02-10,412.9,
2026-01-07 09:52:55+05:30,NIFTY2621026400CE,26400.0,2026-02-10,412.9,
2026-01-07 09:52:56+05:30,NIFTY2621026400CE,26400.0,2026-02-10,412.9,
2026-01-07 09:52:57+05:30,NIFTY2621026400CE,26400.0,2026-02-10,412.9,
2026-01-07 09:52:58+05:30,NIFTY2621026400CE,26400.0,2026-02-10,412.9,
2026-01-07 09:52:59+05:30,NIFTY2621026400CE,26400.0,2026-02-10,412.9,
2026-01-07 09:53:00+05:30,NIFTY2621026400CE,26400.0,2026-02-10,412.9,
2026-01-07 09:53:01+05:30,NIFTY2621026400CE,26400.0,2026-02-10,412.9,
2026-01-07 09:53:02+05:30,NIFTY2621026400CE,26400.0,2026-02-10,412.9,
2026-01-07 09:53:03+05:30,NIFTY2621026400CE,26400.0,2026-02-10,412.9,
2026-01-07 09:53:04+05:30,NIFTY2621026400CE,26400.0,2026-02-10,412.9,
2026-01-07 09:53:05+05:30,NIFTY2621026400CE,26400.0,2026-02-10,412.9,
2026-01-07 09:53:06+05:30,NIFTY2621026400CE,26400.0,2026-02-10,412.9,
2026-01-07 09:53:07+05:30,NIFTY2621026400CE,26400.0,2026-02-10,412.9,
2026-01-07 09:53:08+05:30,NIFTY2621026400CE,26400.0,2026-02-10,412.9,
2026-01-07 09:53:09+05:30,NIFTY2621026400CE,26400.0,2026-02-10,412.9,
2026-01-07 09:53:10+05:30,NIFTY2621026400CE,26400.0,2026-02-10,412.9,
2026-01-07 09:53:11+05:30,NIFTY2621026400CE,26400.0,2026-02-10,412.9,
2026-01-07 09:53:12+05:30,NIFTY2621026400CE,26400.0,2026-02-10,412.9,
2026-01-07 09:53:13+05:30,NIFTY2621026400CE,26400.0,2026-02-10,412.9,
2026-01-07 09:53:14+05:30,NIFTY2621026400CE,26400.0,2026-02-10,412.9,
2026-01-07 09:53:15+05:30,NIFTY2621026400CE,26400.0,2026-02-10,412.9,
2026-01-07 09:53:16+05:30,NIFTY2621026400CE,26400.0,2026-02-10,412.9,
2026-01-07 09:53:17+05:30,NIFTY2621026400CE,26400.0,2026-02-10,412.9,
2026-01-07 09:53:18+05:30,NIFTY2621026400CE,26400.0,2026-02-10,412.9,
2026-01-07 09:53:19+05:30,NIFTY2621026400CE,26400.0,2026-02-10,412.9,
2026-01-07 09:53:20+05:30,NIFTY2621026400CE,26400.0,2026-02-10,412.9,
2026-01-07 09:53:21+05:30,NIFTY2621026400CE,26400.0,2026-02-10,412.9,
2026-01-07 09:53:22+05:30,NIFTY2621026400CE,26400.0,2026-02-10,412.9,
2026-01-07 09:53:23+05:30,NIFTY2621026400CE,26400.0,2026-02-10,412.9,
2026-01-07 09:53:24+05:30,NIFTY2621026400CE,26400.0,2026-02-10,412.9,
2026-01-07 09:53:25+05:30,NIFTY2621026400CE,26400.0,2026-02-10,412.9,
2026-01-07 09:53:26+05:30,NIFTY2621026400CE,26400.0,2026-02-10,412.9,
2026-01-07 09:53:27+05:30,NIFTY2621026400CE,26400.0,2026-02-10,412.9,
2026-01-07 09:53:28+05:30,NIFTY2621026400CE,26400.0,2026-02-10,412.9,
2026-01-07 09:53:29+05:30,NIFTY2621026400CE,26400.0,2026-02-10,412.9,
2026-01-07 09:53:30+05:30,NIFTY2621026400CE,26400.0,2026-02-10,412.9,
2026-01-07 09:53:31+05:30,NIFTY2621026400CE,26400.0,2026-02-10,412.9,
2026-01-07 09:53:32+05:30,NIFTY2621026400CE,26400.0,2026-02-10,412.9,
2026-01-07 09:53:33+05:30,NIFTY2621026400CE,26400.0,2026-02-10,412.9,
2026-01-07 09:53:34+05:30,NIFTY2621026400CE,26400.0,2026-02-10,412.9,
2026-01-07 09:53:35+05:30,NIFTY2621026400CE,26400.0,2026-02-10,412.9,
2026-01-07 09:53:36+05:30,NIFTY2621026400CE,26400.0,2026-02-10,412.9,
2026-01-07 09:53:37+05:30,NIFTY2621026400CE,26400.0,2026-02-10,412.9,
2026-01-07 09:53:38+05:30,NIFTY2621026400CE,26400.0,2026-02-10,412.9,
2026-01-07 09:53:39+05:30,NIFTY2621026400CE,26400.0,2026-02-10,412.9,
2026-01-07 09:53:40+05:30,NIFTY2621026400CE,26400.0,2026-02-10,412.9,
2026-01-07 09:53:41+05:30,NIFTY2621026400CE,26400.0,2026-02-10,412.9,
2026-01-07 09:53:42+05:30,NIFTY2621026400CE,26400.0,2026-02-10,412.9,
2026-01-07 09:53:43+05:30,NIFTY2621026400CE,26400.0,2026-02-10,412.9,
2026-01-07 09:53:44+05:30,NIFTY2621026400CE,26400.0,2026-02-10,412.9,
2026-01-07 09:53:45+05:30,NIFTY2621026400CE,26400.0,2026-02-10,412.9,
2026-01-07 09:53:46+05:30,NIFTY2621026400CE,26400.0,2026-02-10,412.9,
2026-01-07 09:53:47+05:30,NIFTY2621026400CE,26400.0,2026-02-10,412.9,
2026-01-07 09:53:48+05:30,NIFTY2621026400CE,26400.0,2026-02-10,412.9,
2026-01-07 09:53:49+05:30,NIFTY2621026400CE,26400.0,2026-02-10,412.9,
2026-01-07 09:53:50+05:30,NIFTY2621026400CE,26400.0,2026-02-10,412.9,
2026-01-07 09:53:51+05:30,NIFTY2621026400CE,26400.0,2026-02-10,412.9,
2026-01-07 09:53:52+05:30,NIFTY2621026400CE,26400.0,2026-02-10,412.9,
2026-01-07 09:53:53+05:30,NIFTY2621026400CE,26400.0,2026-02-10,412.9,
2026-01-07 09:53:54+05:30,NIFTY2621026400CE,26400.0,2026-02-10,412.9,
2026-01-07 09:53:55+05:30,NIFTY2621026400CE,26400.0,2026-02-10,412.9,
2026-01-07 09:53:56+05:30,NIFTY2621026400CE,26400.0,2026-02-10,412.9,
2026-01-07 09:53:57+05:30,NIFTY2621026400CE,26400.0,2026-02-10,412.9,
2026-01-07 09:53:58+05:30,NIFTY2621026400CE,26400.0,2026-02-10,412.9,
2026-01-07 09:53:59+05:30,NIFTY2621026400CE,26400.0,2026-02-10,412.9,
2026-01-07 09:54:00+05:30,NIFTY2621026400CE,26400.0,2026-02-10,412.9,
2026-01-07 09:54:01+05:30,NIFTY2621026400CE,26400.0,2026-02-10,412.9,
2026-01-07 09:54:02+05:30,NIFTY2621026400CE,26400.0,2026-02-10,412.9,
2026-01-07 09:54:03+05:30,NIFTY2621026400CE,26400.0,2026-02-10,412.9,
2026-01-07 09:54:04+05:30,NIFTY2621026400CE,26400.0,2026-02-10,412.9,
2026-01-07 09:54:05+05:30,NIFTY2621026400CE,26400.0,2026-02-10,412.9,
2026-01-07 09:54:06+05:30,NIFTY2621026400CE,26400.0,2026-02-10,412.9,
2026-01-07 09:54:07+05:30,NIFTY2621026400CE,26400.0,2026-02-10,412.9,
2026-01-07 09:54:08+05:30,NIFTY2621026400CE,26400.0,2026-02-10,412.9,
2026-01-07 09:54:09+05:30,NIFTY2621026400CE,26400.0,2026-02-10,412.9,
2026-01-07 09:54:10+05:30,NIFTY2621026400CE,26400.0,2026-02-10,412.9,
2026-01-07 09:54:11+05:30,NIFTY2621026400CE,26400.0,2026-02-10,412.9,
2026-01-07 09:54:12+05:30,NIFTY2621026400CE,26400.0,2026-02-10,412.9,
2026-01-07 09:54:13+05:30,NIFTY2621026400CE,26400.0,2026-02-10,412.9,
2026-01-07 09:54:14+05:30,NIFTY2621026400CE,26400.0,2026-02-10,412.9,
2026-01-07 09:54:15+05:30,NIFTY2621026400CE,26400.0,2026-02-10,412.9,
2026-01-07 09:54:16+05:30,NIFTY2621026400CE,26400.0,2026-02-10,412.9,
2026-01-07 09:54:17+05:30,NIFTY2621026400CE,26400.0,2026-02-10,412.9,
2026-01-07 09:54:18+05:30,NIFTY2621026400CE,26400.0,2026-02-10,412.9,
2026-01-07 09:54:19+05:30,NIFTY2621026400CE,26400.0,2026-02-10,412.9,
2026-01-07 09:54:20+05:30,NIFTY2621026400CE,26400.0,2026-02-10,412.9,
2026-01-07 09:54:21+05:30,NIFTY2621026400CE,26400.0,2026-02-10,412.9,
2026-01-07 09:54:22+05:30,NIFTY2621026400CE,26400.0,2026-02-10,412.9,
2026-01-07 09:54:23+05:30,NIFTY2621026400CE,26400.0,2026-02-10,412.9,
2026-01-07 09:54:24+05:30,NIFTY2621026400CE,26400.0,2026-02-10,412.9,
2026-01-07 09:54:25+05:30,NIFTY2621026400CE,26400.0,2026-02-10,412.9,
2026-01-07 09:54:26+05:30,NIFTY2621026400CE,26400.0,2026-02-10,412.9,
2026-01-07 09:54:27+05:30,NIFTY2621026400CE,26400.0,2026-02-10,412.9,
2026-01-07 09:54:28+05:30,NIFTY2621026400CE,26400.0,2026-02-10,412.9,
2026-01-07 09:54:29+05:30,NIFTY2621026400CE,26400.0,2026-02-10,412.9,
2026-01-07 09:54:30+05:30,NIFTY2621026400CE,26400.0,2026-02-10,412.9,
2026-01-07 09:54:31+05:30,NIFTY2621026400CE,26400.0,2026-02-10,412.9,
2026-01-07 09:54:32+05:30,NIFTY2621026400CE,26400.0,2026-02-10,412.9,
2026-01-07 09:54:33+05:30,NIFTY2621026400CE,26400.0,2026-02-10,412.9,
2026-01-07 09:54:34+05:30,NIFTY2621026400CE,26400.0,2026-02-10,412.9,
2026-01-07 09:54:35+05:30,NIFTY2621026400CE,26400.0,2026-02-10,412.9,
2026-01-07 09:54:36+05:30,NIFTY2621026400CE,26400.0,2026-02-10,412.9,
2026-01-07 09:54:37+05:30,NIFTY2621026400CE,26400.0,2026-02-10,412.9,
2026-01-07 09:54:38+05:30,NIFTY2621026400CE,26400.0,2026-02-10,412.9,
2026-01-07 09:54:39+05:30,NIFTY2621026400CE,26400.0,2026-02-10,412.9,
2026-01-07 09:54:40+05:30,NIFTY2621026400CE,26400.0,2026-02-10,412.9,
2026-01-07 09:54:41+05:30,NIFTY2621026400CE,26400.0,2026-02-10,412.9,
2026-01-07 09:54:42+05:30,NIFTY2621026400CE,26400.0,2026-02-10,412.9,
2026-01-07 09:54:43+05:30,NIFTY2621026400CE,26400.0,2026-02-10,412.9,
2026-01-07 09:54:44+05:30,NIFTY2621026400CE,26400.0,2026-02-10,412.9,
2026-01-07 09:54:45+05:30,NIFTY2621026400CE,26400.0,2026-02-10,412.9,
2026-01-07 09:54:46+05:30,NIFTY2621026400CE,26400.0,2026-02-10,412.9,
2026-01-07 09:54:47+05:30,NIFTY2621026400CE,26400.0,2026-02-10,412.9,
2026-01-07 09:54:48+05:30,NIFTY2621026400CE,26400.0,2026-02-10,412.9,
2026-01-07 09:54:49+05:30,NIFTY2621026400CE,26400.0,2026-02-10,412.9,
2026-01-07 09:54:50+05:30,NIFTY2621026400CE,26400.0,2026-02-10,412.9,
2026-01-07 09:54:51+05:30,NIFTY2621026400CE,26400.0,2026-02-10,412.9,
2026-01-07 09:54:52+05:30,NIFTY2621026400CE,26400.0,2026-02-10,412.9,
2026-01-07 09:54:53+05:30,NIFTY2621026400CE,26400.0,2026-02-10,412.9,
2026-01-07 09:54:54+05:30,NIFTY2621026400CE,26400.0,2026-02-10,412.9,
2026-01-07 09:54:55+05:30,NIFTY2621026400CE,26400.0,2026-02-10,412.9,
2026-01-07 09:54:56+05:30,NIFTY2621026400CE,26400.0,2026-02-10,412.9,
2026-01-07 09:54:57+05:30,NIFTY2621026400CE,26400.0,2026-02-10,412.9,
2026-01-07 09:54:58+05:30,NIFTY2621026400CE,26400.0,2026-02-10,412.9,
2026-01-07 09:54:59+05:30,NIFTY2621026400CE,26400.0,2026-02-10,412.9,
2026-01-07 09:55:00+05:30,NIFTY2621026400CE,26400.0,2026-02-10,412.9,
2026-01-07 09:55:01+05:30,NIFTY2621026400CE,26400.0,2026-02-10,412.9,
2026-01-07 09:55:02+05:30,NIFTY2621026400CE,26400.0,2026-02-10,412.9,
2026-01-07 09:55:03+05:30,NIFTY2621026400CE,26400.0,2026-02-10,412.9,
2026-01-07 09:55:04+05:30,NIFTY2621026400CE,26400.0,2026-02-10,412.9,
2026-01-07 09:55:05+05:30,NIFTY2621026400CE,26400.0,2026-02-10,412.9,
2026-01-07 09:55:06+05:30,NIFTY2621026400CE,26400.0,2026-02-10,412.9,
2026-01-07 09:55:07+05:30,NIFTY2621026400CE,26400.0,2026-02-10,412.9,
2026-01-07 09:55:08+05:30,NIFTY2621026400CE,26400.0,2026-02-10,412.9,
2026-01-07 09:55:09+05:30,NIFTY2621026400CE,26400.0,2026-02-10,412.9,
2026-01-07 09:55:10+05:30,NIFTY2621026400CE,26400.0,2026-02-10,412.9,
2026-01-07 09:55:11+05:30,NIFTY2621026400CE,26400.0,2026-02-10,412.9,
2026-01-07 09:55:12+05:30,NIFTY2621026400CE,26400.0,2026-02-10,412.9,
2026-01-07 09:55:13+05:30,NIFTY2621026400CE,26400.0,2026-02-10,412.9,
2026-01-07 09:55:14+05:30,NIFTY2621026400CE,26400.0,2026-02-10,412.9,
2026-01-07 09:55:15+05:30,NIFTY2621026400CE,26400.0,2026-02-10,412.9,
2026-01-07 09:55:16+05:30,NIFTY2621026400CE,26400.0,2026-02-10,412.9,
2026-01-07 09:55:17+05:30,NIFTY2621026400CE,26400.0,2026-02-10,412.9,
2026-01-07 09:55:18+05:30,NIFTY2621026400CE,26400.0,2026-02-10,412.9,
2026-01-07 09:55:19+05:30,NIFTY2621026400CE,26400.0,2026-02-10,412.9,
2026-01-07 09:55:20+05:30,NIFTY2621026400CE,26400.0,2026-02-10,412.9,
2026-01-07 09:55:21+05:30,NIFTY2621026400CE,26400.0,2026-02-10,412.9,
2026-01-07 09:55:22+05:30,NIFTY2621026400CE,26400.0,2026-02-10,412.9,
2026-01-07 09:55:23+05:30,NIFTY2621026400CE,26400.0,2026-02-10,412.9,
2026-01-07 09:55:24+05:30,NIFTY2621026400CE,26400.0,2026-02-10,412.9,
2026-01-07 09:55:25+05:30,NIFTY2621026400CE,26400.0,2026-02-10,412.9,
2026-01-07 09:55:26+05:30,NIFTY2621026400CE,26400.0,2026-02-10,412.9,
2026-01-07 09:55:27+05:30,NIFTY2621026400CE,26400.0,2026-02-10,412.9,
2026-01-07 09:55:28+05:30,NIFTY2621026400CE,26400.0,2026-02-10,412.9,
2026-01-07 09:55:29+05:30,NIFTY2621026400CE,26400.0,2026-02-10,412.9,
2026-01-07 09:55:30+05:30,NIFTY2621026400CE,26400.0,2026-02-10,412.9,
2026-01-07 09:55:31+05:30,NIFTY2621026400CE,26400.0,2026-02-10,412.9,
2026-01-07 09:55:32+05:30,NIFTY2621026400CE,26400.0,2026-02-10,412.9,
2026-01-07 09:55:33+05:30,NIFTY2621026400CE,26400.0,2026-02-10,412.9,
2026-01-07 09:55:34+05:30,NIFTY2621026400CE,26400.0,2026-02-10,412.9,
2026-01-07 09:55:35+05:30,NIFTY2621026400CE,26400.0,2026-02-10,412.9,
2026-01-07 09:55:36+05:30,NIFTY2621026400CE,26400.0,2026-02-10,412.9,
2026-01-07 09:55:37+05:30,NIFTY2621026400CE,26400.0,2026-02-10,412.9,
2026-01-07 09:55:38+05:30,NIFTY2621026400CE,26400.0,2026-02-10,412.9,
2026-01-07 09:55:39+05:30,NIFTY2621026400CE,26400.0,2026-02-10,412.9,
2026-01-07 09:55:40+05:30,NIFTY2621026400CE,26400.0,2026-02-10,412.9,
2026-01-07 09:55:41+05:30,NIFTY2621026400CE,26400.0,2026-02-10,412.9,
2026-01-07 09:55:42+05:30,NIFTY2621026400CE,26400.0,2026-02-10,412.9,
2026-01-07 09:55:43+05:30,NIFTY2621026400CE,26400.0,2026-02-10,412.9,
2026-01-07 09:55:44+05:30,NIFTY2621026400CE,26400.0,2026-02-10,412.9,
2026-01-07 09:55:45+05:30,NIFTY2621026400CE,26400.0,2026-02-10,412.9,
2026-01-07 09:55:46+05:30,NIFTY2621026400CE,26400.0,2026-02-10,412.9,
2026-01-07 09:55:47+05:30,NIFTY2621026400CE,26400.0,2026-02-10,412.9,
2026-01-07 09:55:48+05:30,NIFTY2621026400CE,26400.0,2026-02-10,412.9,
2026-01-07 09:55:49+05:30,NIFTY2621026400CE,26400.0,2026-02-10,412.9,
2026-01-07 09:55:50+05:30,NIFTY2621026400CE,26400.0,2026-02-10,412.9,
2026-01-07 09:55:51+05:30,NIFTY2621026400CE,26400.0,2026-02-10,412.9,
2026-01-07 09:55:52+05:30,NIFTY2621026400CE,26400.0,2026-02-10,412.9,
2026-01-07 09:55:53+05:30,NIFTY2621026400CE,26400.0,2026-02-10,412.9,
2026-01-07 09:55:54+05:30,NIFTY2621026400CE,26400.0,2026-02-10,412.9,
2026-01-07 09:55:55+05:30,NIFTY2621026400CE,26400.0,2026-02-10,412.9,
2026-01-07 09:55:56+05:30,NIFTY2621026400CE,26400.0,2026-02-10,412.9,
2026-01-07 09:55:57+05:30,NIFTY2621026400CE,26400.0,2026-02-10,412.9,
2026-01-07 09:55:58+05:30,NIFTY2621026400CE,26400.0,2026-02-10,412.9,
2026-01-07 09:55:59+05:30,NIFTY2621026400CE,26400.0,2026-02-10,412.9,
2026-01-07 09:56:00+05:30,NIFTY2621026400CE,26400.0,2026-02-10,412.9,
2026-01-07 09:56:01+05:30,NIFTY2621026400CE,26400.0,2026-02-10,412.9,
2026-01-07 09:56:02+05:30,NIFTY2621026400CE,26400.0,2026-02-10,412.9,
2026-01-07 09:56:03+05:30,NIFTY2621026400CE,26400.0,2026-02-10,412.9,
2026-01-07 09:56:04+05:30,NIFTY2621026400CE,26400.0,2026-02-10,412.9,
2026-01-07 09:56:05+05:30,NIFTY2621026400CE,26400.0,2026-02-10,412.9,
2026-01-07 09:56:06+05:30,NIFTY2621026400CE,26400.0,2026-02-10,412.9,
2026-01-07 09:56:07+05:30,NIFTY2621026400CE,26400.0,2026-02-10,412.9,
2026-01-07 09:56:08+05:30,NIFTY2621026400CE,26400.0,2026-02-10,412.9,
2026-01-07 09:56:09+05:30,NIFTY2621026400CE,26400.0,2026-02-10,412.9,
2026-01-07 09:56:10+05:30,NIFTY2621026400CE,26400.0,2026-02-10,412.9,
2026-01-07 09:56:11+05:30,NIFTY2621026400CE,26400.0,2026-02-10,412.9,
2026-01-07 09:56:12+05:30,NIFTY2621026400CE,26400.0,2026-02-10,412.9,
2026-01-07 09:56:13+05:30,NIFTY2621026400CE,26400.0,2026-02-10,412.9,
2026-01-07 09:56:14+05:30,NIFTY2621026400CE,26400.0,2026-02-10,412.9,
2026-01-07 09:56:15+05:30,NIFTY2621026400CE,26400.0,2026-02-10,412.9,
2026-01-07 09:56:16+05:30,NIFTY2621026400CE,26400.0,2026-02-10,412.9,
2026-01-07 09:56:17+05:30,NIFTY2621026400CE,26400.0,2026-02-10,412.9,
2026-01-07 09:56:18+05:30,NIFTY2621026400CE,26400.0,2026-02-10,412.9,
2026-01-07 09:56:19+05:30,NIFTY2621026400CE,26400.0,2026-02-10,412.9,
2026-01-07 09:56:20+05:30,NIFTY2621026400CE,26400.0,2026-02-10,412.9,
2026-01-07 09:56:21+05:30,NIFTY2621026400CE,26400.0,2026-02-10,412.9,
2026-01-07 09:56:22+05:30,NIFTY2621026400CE,26400.0,2026-02-10,412.9,
2026-01-07 09:56:23+05:30,NIFTY2621026400CE,26400.0,2026-02-10,412.9,
2026-01-07 09:56:24+05:30,NIFTY2621026400CE,26400.0,2026-02-10,412.9,
2026-01-07 09:56:25+05:30,NIFTY2621026400CE,26400.0,2026-02-10,412.9,
2026-01-07 09:56:26+05:30,NIFTY2621026400CE,26400.0,2026-02-10,412.9,
2026-01-07 09:56:27+05:30,NIFTY2621026400CE,26400.0,2026-02-10,412.9,
2026-01-07 09:56:28+05:30,NIFTY2621026400CE,26400.0,2026-02-10,412.9,
2026-01-07 09:56:29+05:30,NIFTY2621026400CE,26400.0,2026-02-10,412.9,
2026-01-07 09:56:30+05:30,NIFTY2621026400CE,26400.0,2026-02-10,412.9,
2026-01-07 09:56:31+05:30,NIFTY2621026400CE,26400.0,2026-02-10,412.9,
2026-01-07 09:56:32+05:30,NIFTY2621026400CE,26400.0,2026-02-10,412.9,
2026-01-07 09:56:33+05:30,NIFTY2621026400CE,26400.0,2026-02-10,412.9,
2026-01-07 09:56:34+05:30,NIFTY2621026400CE,26400.0,2026-02-10,412.9,
2026-01-07 09:56:35+05:30,NIFTY2621026400CE,26400.0,2026-02-10,412.9,
2026-01-07 09:56:36+05:30,NIFTY2621026400CE,26400.0,2026-02-10,412.9,
2026-01-07 09:56:37+05:30,NIFTY2621026400CE,26400.0,2026-02-10,412.9,
2026-01-07 09:56:38+05:30,NIFTY2621026400CE,26400.0,2026-02-10,412.9,
2026-01-07 09:56:39+05:30,NIFTY2621026400CE,26400.0,2026-02-10,412.9,
2026-01-07 09:56:40+05:30,NIFTY2621026400CE,26400.0,2026-02-10,412.9,
2026-01-07 09:56:41+05:30,NIFTY2621026400CE,26400.0,2026-02-10,412.9,
2026-01-07 09:56:42+05:30,NIFTY2621026400CE,26400.0,2026-02-10,412.9,
2026-01-07 09:56:43+05:30,NIFTY2621026400CE,26400.0,2026-02-10,412.9,
2026-01-07 09:56:44+05:30,NIFTY2621026400CE,26400.0,2026-02-10,412.9,
2026-01-07 09:56:45+05:30,NIFTY2621026400CE,26400.0,2026-02-10,412.9,
2026-01-07 09:56:46+05:30,NIFTY2621026400CE,26400.0,2026-02-10,412.9,
2026-01-07 09:56:47+05:30,NIFTY2621026400CE,26400.0,2026-02-10,412.9,
2026-01-07 09:56:48+05:30,NIFTY2621026400CE,26400.0,2026-02-10,412.9,
2026-01-07 09:56:49+05:30,NIFTY2621026400CE,26400.0,2026-02-10,412.9,
2026-01-07 09:56:50+05:30,NIFTY2621026400CE,26400.0,2026-02-10,412.9,
2026-01-07 09:56:51+05:30,NIFTY2621026400CE,26400.0,2026-02-10,412.9,
2026-01-07 09:56:52+05:30,NIFTY2621026400CE,26400.0,2026-02-10,412.9,
2026-01-07 09:56:53+05:30,NIFTY2621026400CE,26400.0,2026-02-10,412.9,
2026-01-07 09:56:54+05:30,NIFTY2621026400CE,26400.0,2026-02-10,412.9,
2026-01-07 09:56:55+05:30,NIFTY2621026400CE,26400.0,2026-02-10,412.9,
2026-01-07 09:56:56+05:30,NIFTY2621026400CE,26400.0,2026-02-10,412.9,
2026-01-07 09:56:57+05:30,NIFTY2621026400CE,26400.0,2026-02-10,412.9,
2026-01-07 09:56:58+05:30,NIFTY2621026400CE,26400.0,2026-02-10,412.9,
2026-01-07 09:56:59+05:30,NIFTY2621026400CE,26400.0,2026-02-10,412.9,
2026-01-07 09:57:00+05:30,NIFTY2621026400CE,26400.0,2026-02-10,412.9,
2026-01-07 09:57:01+05:30,NIFTY2621026400CE,26400.0,2026-02-10,412.9,
2026-01-07 09:57:02+05:30,NIFTY2621026400CE,26400.0,2026-02-10,412.9,
2026-01-07 09:57:03+05:30,NIFTY2621026400CE,26400.0,2026-02-10,412.9,
2026-01-07 09:57:04+05:30,NIFTY2621026400CE,26400.0,2026-02-10,412.9,
2026-01-07 09:57:05+05:30,NIFTY2621026400CE,26400.0,2026-02-10,412.9,
2026-01-07 09:57:06+05:30,NIFTY2621026400CE,26400.0,2026-02-10,412.9,
2026-01-07 09:57:07+05:30,NIFTY2621026400CE,26400.0,2026-02-10,412.9,
2026-01-07 09:57:08+05:30,NIFTY2621026400CE,26400.0,2026-02-10,412.9,
2026-01-07 09:57:09+05:30,NIFTY2621026400CE,26400.0,2026-02-10,412.9,
2026-01-07 09:57:10+05:30,NIFTY2621026400CE,26400.0,2026-02-10,412.9,
2026-01-07 09:57:11+05:30,NIFTY2621026400CE,26400.0,2026-02-10,412.9,
2026-01-07 09:57:12+05:30,NIFTY2621026400CE,26400.0,2026-02-10,412.9,
2026-01-07 09:57:13+05:30,NIFTY2621026400CE,26400.0,2026-02-10,412.9,
2026-01-07 09:57:14+05:30,NIFTY2621026400CE,26400.0,2026-02-10,412.9,
2026-01-07 09:57:15+05:30,NIFTY2621026400CE,26400.0,2026-02-10,412.9,
2026-01-07 09:57:16+05:30,NIFTY2621026400CE,26400.0,2026-02-10,412.9,
2026-01-07 09:57:17+05:30,NIFTY2621026400CE,26400.0,2026-02-10,412.9,
2026-01-07 09:57:18+05:30,NIFTY2621026400CE,26400.0,2026-02-10,412.9,
2026-01-07 09:57:19+05:30,NIFTY2621026400CE,26400.0,2026-02-10,412.9,
2026-01-07 09:57:20+05:30,NIFTY2621026400CE,26400.0,2026-02-10,412.9,
2026-01-07 09:57:21+05:30,NIFTY2621026400CE,26400.0,2026-02-10,412.9,
2026-01-07 09:57:22+05:30,NIFTY2621026400CE,26400.0,2026-02-10,412.9,
2026-01-07 09:57:23+05:30,NIFTY2621026400CE,26400.0,2026-02-10,412.9,
2026-01-07 09:57:24+05:30,NIFTY2621026400CE,26400.0,2026-02-10,412.9,
2026-01-07 09:57:25+05:30,NIFTY2621026400CE,26400.0,2026-02-10,412.9,
2026-01-07 09:57:26+05:30,NIFTY2621026400CE,26400.0,2026-02-10,412.9,
2026-01-07 09:57:27+05:30,NIFTY2621026400CE,26400.0,2026-02-10,412.9,
2026-01-07 09:57:28+05:30,NIFTY2621026400CE,26400.0,2026-02-10,412.9,
2026-01-07 09:57:29+05:30,NIFTY2621026400CE,26400.0,2026-02-10,412.9,
2026-01-07 09:57:30+05:30,NIFTY2621026400CE,26400.0,2026-02-10,412.9,
2026-01-07 09:57:31+05:30,NIFTY2621026400CE,26400.0,2026-02-10,412.9,
2026-01-07 09:57:32+05:30,NIFTY2621026400CE,26400.0,2026-02-10,412.9,
2026-01-07 09:57:33+05:30,NIFTY2621026400CE,26400.0,2026-02-10,412.9,
2026-01-07 09:57:34+05:30,NIFTY2621026400CE,26400.0,2026-02-10,412.9,
2026-01-07 09:57:35+05:30,NIFTY2621026400CE,26400.0,2026-02-10,412.9,
2026-01-07 09:57:36+05:30,NIFTY2621026400CE,26400.0,2026-02-10,412.9,
2026-01-07 09:57:37+05:30,NIFTY2621026400CE,26400.0,2026-02-10,412.9,
2026-01-07 09:57:38+05:30,NIFTY2621026400CE,26400.0,2026-02-10,412.9,
2026-01-07 09:57:39+05:30,NIFTY2621026400CE,26400.0,2026-02-10,412.9,
2026-01-07 09:57:40+05:30,NIFTY2621026400CE,26400.0,2026-02-10,412.9,
2026-01-07 09:57:41+05:30,NIFTY2621026400CE,26400.0,2026-02-10,412.9,
2026-01-07 09:57:42+05:30,NIFTY2621026400CE,26400.0,2026-02-10,412.9,
2026-01-07 09:57:43+05:30,NIFTY2621026400CE,26400.0,2026-02-10,412.9,
2026-01-07 09:57:44+05:30,NIFTY2621026400CE,26400.0,2026-02-10,412.9,
2026-01-07 09:57:45+05:30,NIFTY2621026400CE,26400.0,2026-02-10,412.9,
2026-01-07 09:57:46+05:30,NIFTY2621026400CE,26400.0,2026-02-10,412.9,
2026-01-07 09:57:47+05:30,NIFTY2621026400CE,26400.0,2026-02-10,412.9,
2026-01-07 09:57:48+05:30,NIFTY2621026400CE,26400.0,2026-02-10,412.9,
2026-01-07 09:57:49+05:30,NIFTY2621026400CE,26400.0,2026-02-10,412.9,
2026-01-07 09:57:50+05:30,NIFTY2621026400CE,26400.0,2026-02-10,412.9,
2026-01-07 09:57:51+05:30,NIFTY2621026400CE,26400.0,2026-02-10,412.9,
2026-01-07 09:57:52+05:30,NIFTY2621026400CE,26400.0,2026-02-10,412.9,
2026-01-07 09:57:53+05:30,NIFTY2621026400CE,26400.0,2026-02-10,412.9,
2026-01-07 09:57:54+05:30,NIFTY2621026400CE,26400.0,2026-02-10,412.9,
2026-01-07 09:57:55+05:30,NIFTY2621026400CE,26400.0,2026-02-10,412.9,
2026-01-07 09:57:56+05:30,NIFTY2621026400CE,26400.0,2026-02-10,412.9,
2026-01-07 09:57:57+05:30,NIFTY2621026400CE,26400.0,2026-02-10,412.9,
2026-01-07 09:57:58+05:30,NIFTY2621026400CE,26400.0,2026-02-10,412.9,
2026-01-07 09:57:59+05:30,NIFTY2621026400CE,26400.0,2026-02-10,412.9,
2026-01-07 09:58:00+05:30,NIFTY2621026400CE,26400.0,2026-02-10,412.9,
2026-01-07 09:58:01+05:30,NIFTY2621026400CE,26400.0,2026-02-10,412.9,
2026-01-07 09:58:02+05:30,NIFTY2621026400CE,26400.0,2026-02-10,412.9,
2026-01-07 09:58:03+05:30,NIFTY2621026400CE,26400.0,2026-02-10,412.9,
2026-01-07 09:58:04+05:30,NIFTY2621026400CE,26400.0,2026-02-10,412.9,
2026-01-07 09:58:05+05:30,NIFTY2621026400CE,26400.0,2026-02-10,412.9,
2026-01-07 09:58:06+05:30,NIFTY2621026400CE,26400.0,2026-02-10,412.9,
2026-01-07 09:58:07+05:30,NIFTY2621026400CE,26400.0,2026-02-10,412.9,
2026-01-07 09:58:08+05:30,NIFTY2621026400CE,26400.0,2026-02-10,412.9,
2026-01-07 09:58:09+05:30,NIFTY2621026400CE,26400.0,2026-02-10,412.9,
2026-01-07 09:58:10+05:30,NIFTY2621026400CE,26400.0,2026-02-10,412.9,
2026-01-07 09:58:11+05:30,NIFTY2621026400CE,26400.0,2026-02-10,412.9,
2026-01-07 09:58:12+05:30,NIFTY2621026400CE,26400.0,2026-02-10,412.9,
2026-01-07 09:58:13+05:30,NIFTY2621026400CE,26400.0,2026-02-10,412.9,
2026-01-07 09:58:14+05:30,NIFTY2621026400CE,26400.0,2026-02-10,412.9,
2026-01-07 09:58:15+05:30,NIFTY2621026400CE,26400.0,2026-02-10,412.9,
2026-01-07 09:58:16+05:30,NIFTY2621026400CE,26400.0,2026-02-10,412.9,
2026-01-07 09:58:17+05:30,NIFTY2621026400CE,26400.0,2026-02-10,412.9,
2026-01-07 09:58:18+05:30,NIFTY2621026400CE,26400.0,2026-02-10,412.9,
2026-01-07 09:58:19+05:30,NIFTY2621026400CE,26400.0,2026-02-10,412.9,
2026-01-07 09:58:20+05:30,NIFTY2621026400CE,26400.0,2026-02-10,412.9,
2026-01-07 09:58:21+05:30,NIFTY2621026400CE,26400.0,2026-02-10,412.9,
2026-01-07 09:58:22+05:30,NIFTY2621026400CE,26400.0,2026-02-10,412.9,
2026-01-07 09:58:23+05:30,NIFTY2621026400CE,26400.0,2026-02-10,412.9,
2026-01-07 09:58:24+05:30,NIFTY2621026400CE,26400.0,2026-02-10,412.9,
2026-01-07 09:58:25+05:30,NIFTY2621026400CE,26400.0,2026-02-10,412.9,
2026-01-07 09:58:26+05:30,NIFTY2621026400CE,26400.0,2026-02-10,412.9,
2026-01-07 09:58:27+05:30,NIFTY2621026400CE,26400.0,2026-02-10,412.9,
2026-01-07 09:58:28+05:30,NIFTY2621026400CE,26400.0,2026-02-10,412.9,
2026-01-07 09:58:29+05:30,NIFTY2621026400CE,26400.0,2026-02-10,412.9,
2026-01-07 09:58:30+05:30,NIFTY2621026400CE,26400.0,2026-02-10,412.9,
2026-01-07 09:58:31+05:30,NIFTY2621026400CE,26400.0,2026-02-10,412.9,
2026-01-07 09:58:32+05:30,NIFTY2621026400CE,26400.0,2026-02-10,412.9,
2026-01-07 09:58:33+05:30,NIFTY2621026400CE,26400.0,2026-02-10,412.9,
2026-01-07 09:58:34+05:30,NIFTY2621026400CE,26400.0,2026-02-10,412.9,
2026-01-07 09:58:35+05:30,NIFTY2621026400CE,26400.0,2026-02-10,412.9,
2026-01-07 09:58:36+05:30,NIFTY2621026400CE,26400.0,2026-02-10,412.9,
2026-01-07 09:58:37+05:30,NIFTY2621026400CE,26400.0,2026-02-10,412.9,
2026-01-07 09:58:38+05:30,NIFTY2621026400CE,26400.0,2026-02-10,412.9,
2026-01-07 09:58:39+05:30,NIFTY2621026400CE,26400.0,2026-02-10,412.9,
2026-01-07 09:58:40+05:30,NIFTY2621026400CE,26400.0,2026-02-10,412.9,
2026-01-07 09:58:41+05:30,NIFTY2621026400CE,26400.0,2026-02-10,412.9,
2026-01-07 09:58:42+05:30,NIFTY2621026400CE,26400.0,2026-02-10,412.9,
2026-01-07 09:58:43+05:30,NIFTY2621026400CE,26400.0,2026-02-10,412.9,
2026-01-07 09:58:44+05:30,NIFTY2621026400CE,26400.0,2026-02-10,412.9,
2026-01-07 09:58:45+05:30,NIFTY2621026400CE,26400.0,2026-02-10,412.9,
2026-01-07 09:58:46+05:30,NIFTY2621026400CE,26400.0,2026-02-10,412.9,
2026-01-07 09:58:47+05:30,NIFTY2621026400CE,26400.0,2026-02-10,412.9,
2026-01-07 09:58:48+05:30,NIFTY2621026400CE,26400.0,2026-02-10,412.9,
2026-01-07 09:58:49+05:30,NIFTY2621026400CE,26400.0,2026-02-10,412.9,
2026-01-07 09:58:50+05:30,NIFTY2621026400CE,26400.0,2026-02-10,412.9,
2026-01-07 09:58:51+05:30,NIFTY2621026400CE,26400.0,2026-02-10,412.9,
2026-01-07 09:58:52+05:30,NIFTY2621026400CE,26400.0,2026-02-10,412.9,
2026-01-07 09:58:53+05:30,NIFTY2621026400CE,26400.0,2026-02-10,412.9,
2026-01-07 09:58:54+05:30,NIFTY2621026400CE,26400.0,2026-02-10,412.9,
2026-01-07 09:58:55+05:30,NIFTY2621026400CE,26400.0,2026-02-10,412.9,
2026-01-07 09:58:56+05:30,NIFTY2621026400CE,26400.0,2026-02-10,412.9,
2026-01-07 09:58:57+05:30,NIFTY2621026400CE,26400.0,2026-02-10,412.9,
2026-01-07 09:58:58+05:30,NIFTY2621026400CE,26400.0,2026-02-10,412.9,
2026-01-07 09:58:59+05:30,NIFTY2621026400CE,26400.0,2026-02-10,412.9,
2026-01-07 09:59:00+05:30,NIFTY2621026400CE,26400.0,2026-02-10,412.9,
2026-01-07 09:59:01+05:30,NIFTY2621026400CE,26400.0,2026-02-10,412.9,
2026-01-07 09:59:02+05:30,NIFTY2621026400CE,26400.0,2026-02-10,412.9,
2026-01-07 09:59:03+05:30,NIFTY2621026400CE,26400.0,2026-02-10,412.9,
2026-01-07 09:59:04+05:30,NIFTY2621026400CE,26400.0,2026-02-10,412.9,
2026-01-07 09:59:05+05:30,NIFTY2621026400CE,26400.0,2026-02-10,412.9,
2026-01-07 09:59:06+05:30,NIFTY2621026400CE,26400.0,2026-02-10,412.9,
2026-01-07 09:59:07+05:30,NIFTY2621026400CE,26400.0,2026-02-10,412.9,
2026-01-07 09:59:08+05:30,NIFTY2621026400CE,26400.0,2026-02-10,412.9,
2026-01-07 09:59:09+05:30,NIFTY2621026400CE,26400.0,2026-02-10,412.9,
2026-01-07 09:59:10+05:30,NIFTY2621026400CE,26400.0,2026-02-10,412.9,
2026-01-07 09:59:11+05:30,NIFTY2621026400CE,26400.0,2026-02-10,412.9,
2026-01-07 09:59:12+05:30,NIFTY2621026400CE,26400.0,2026-02-10,412.9,
2026-01-07 09:59:13+05:30,NIFTY2621026400CE,26400.0,2026-02-10,412.9,
2026-01-07 09:59:14+05:30,NIFTY2621026400CE,26400.0,2026-02-10,412.9,
2026-01-07 09:59:15+05:30,NIFTY2621026400CE,26400.0,2026-02-10,412.9,
2026-01-07 09:59:16+05:30,NIFTY2621026400CE,26400.0,2026-02-10,412.9,
2026-01-07 09:59:17+05:30,NIFTY2621026400CE,26400.0,2026-02-10,412.9,
2026-01-07 09:59:18+05:30,NIFTY2621026400CE,26400.0,2026-02-10,412.9,
2026-01-07 09:59:19+05:30,NIFTY2621026400CE,26400.0,2026-02-10,412.9,
2026-01-07 09:59:20+05:30,NIFTY2621026400CE,26400.0,2026-02-10,412.9,
2026-01-07 09:59:21+05:30,NIFTY2621026400CE,26400.0,2026-02-10,412.9,
2026-01-07 09:59:22+05:30,NIFTY2621026400CE,26400.0,2026-02-10,412.9,
2026-01-07 09:59:23+05:30,NIFTY2621026400CE,26400.0,2026-02-10,412.9,
2026-01-07 09:59:24+05:30,NIFTY2621026400CE,26400.0,2026-02-10,412.9,
2026-01-07 09:59:25+05:30,NIFTY2621026400CE,26400.0,2026-02-10,412.9,
2026-01-07 09:59:26+05:30,NIFTY2621026400CE,26400.0,2026-02-10,412.9,
2026-01-07 09:59:27+05:30,NIFTY2621026400CE,26400.0,2026-02-10,412.9,
2026-01-07 09:59:28+05:30,NIFTY2621026400CE,26400.0,2026-02-10,412.9,
2026-01-07 09:59:29+05:30,NIFTY2621026400CE,26400.0,2026-02-10,412.9,
2026-01-07 09:59:30+05:30,NIFTY2621026400CE,26400.0,2026-02-10,412.9,
2026-01-07 09:59:31+05:30,NIFTY2621026400CE,26400.0,2026-02-10,412.9,
2026-01-07 09:59:32+05:30,NIFTY2621026400CE,26400.0,2026-02-10,412.9,
2026-01-07 09:59:33+05:30,NIFTY2621026400CE,26400.0,2026-02-10,412.9,
2026-01-07 09:59:34+05:30,NIFTY2621026400CE,26400.0,2026-02-10,412.9,
2026-01-07 09:59:35+05:30,NIFTY2621026400CE,26400.0,2026-02-10,412.9,
2026-01-07 09:59:36+05:30,NIFTY2621026400CE,26400.0,2026-02-10,412.9,
2026-01-07 09:59:37+05:30,NIFTY2621026400CE,26400.0,2026-02-10,412.9,
2026-01-07 09:59:38+05:30,NIFTY2621026400CE,26400.0,2026-02-10,412.9,
2026-01-07 09:59:39+05:30,NIFTY2621026400CE,26400.0,2026-02-10,412.9,
2026-01-07 09:59:40+05:30,NIFTY2621026400CE,26400.0,2026-02-10,412.9,
2026-01-07 09:59:41+05:30,NIFTY2621026400CE,26400.0,2026-02-10,412.9,
2026-01-07 09:59:42+05:30,NIFTY2621026400CE,26400.0,2026-02-10,412.9,
2026-01-07 09:59:43+05:30,NIFTY2621026400CE,26400.0,2026-02-10,412.9,
2026-01-07 09:59:44+05:30,NIFTY2621026400CE,26400.0,2026-02-10,412.9,
2026-01-07 09:59:45+05:30,NIFTY2621026400CE,26400.0,2026-02-10,412.9,
2026-01-07 09:59:46+05:30,NIFTY2621026400CE,26400.0,2026-02-10,412.9,
2026-01-07 09:59:47+05:30,NIFTY2621026400CE,26400.0,2026-02-10,412.9,
2026-01-07 09:59:48+05:30,NIFTY2621026400CE,26400.0,2026-02-10,412.9,
2026-01-07 09:59:49+05:30,NIFTY2621026400CE,26400.0,2026-02-10,412.9,
2026-01-07 09:59:50+05:30,NIFTY2621026400CE,26400.0,2026-02-10,412.9,
2026-01-07 09:59:51+05:30,NIFTY2621026400CE,26400.0,2026-02-10,412.9,
2026-01-07 09:59:52+05:30,NIFTY2621026400CE,26400.0,2026-02-10,412.9,
2026-01-07 09:59:53+05:30,NIFTY2621026400CE,26400.0,2026-02-10,412.9,
2026-01-07 09:59:54+05:30,NIFTY2621026400CE,26400.0,2026-02-10,412.9,
2026-01-07 09:59:55+05:30,NIFTY2621026400CE,26400.0,2026-02-10,412.9,
2026-01-07 09:59:56+05:30,NIFTY2621026400CE,26400.0,2026-02-10,412.9,
2026-01-07 09:59:57+05:30,NIFTY2621026400CE,26400.0,2026-02-10,412.9,
2026-01-07 09:59:58+05:30,NIFTY2621026400CE,26400.0,2026-02-10,412.9,
2026-01-07 09:59:59+05:30,NIFTY2621026400CE,26400.0,2026-02-10,412.9,
2026-01-07 10:00:00+05:30,NIFTY2621026400CE,26400.0,2026-02-10,412.9,
2026-01-07 10:00:01+05:30,NIFTY2621026400CE,26400.0,2026-02-10,412.9,
2026-01-07 10:00:02+05:30,NIFTY2621026400CE,26400.0,2026-02-10,412.9,
2026-01-07 10:00:03+05:30,NIFTY2621026400CE,26400.0,2026-02-10,412.9,
2026-01-07 10:00:04+05:30,NIFTY2621026400CE,26400.0,2026-02-10,412.9,
2026-01-07 10:00:05+05:30,NIFTY2621026400CE,26400.0,2026-02-10,412.9,
2026-01-07 10:00:06+05:30,NIFTY2621026400CE,26400.0,2026-02-10,412.9,
2026-01-07 10:00:07+05:30,NIFTY2621026400CE,26400.0,2026-02-10,412.9,
2026-01-07 10:00:08+05:30,NIFTY2621026400CE,26400.0,2026-02-10,412.9,
2026-01-07 10:00:09+05:30,NIFTY2621026400CE,26400.0,2026-02-10,412.9,
2026-01-07 10:00:10+05:30,NIFTY2621026400CE,26400.0,2026-02-10,412.9,
2026-01-07 10:00:11+05:30,NIFTY2621026400CE,26400.0,2026-02-10,412.9,
2026-01-07 10:00:12+05:30,NIFTY2621026400CE,26400.0,2026-02-10,412.9,
2026-01-07 10:00:13+05:30,NIFTY2621026400CE,26400.0,2026-02-10,412.9,
2026-01-07 10:00:14+05:30,NIFTY2621026400CE,26400.0,2026-02-10,412.9,
2026-01-07 10:00:15+05:30,NIFTY2621026400CE,26400.0,2026-02-10,412.9,
2026-01-07 10:00:16+05:30,NIFTY2621026400CE,26400.0,2026-02-10,412.9,
2026-01-07 10:00:17+05:30,NIFTY2621026400CE,26400.0,2026-02-10,412.9,
2026-01-07 10:00:18+05:30,NIFTY2621026400CE,26400.0,2026-02-10,412.9,
2026-01-07 10:00:19+05:30,NIFTY2621026400CE,26400.0,2026-02-10,412.9,
2026-01-07 10:00:20+05:30,NIFTY2621026400CE,26400.0,2026-02-10,412.9,
2026-01-07 10:00:21+05:30,NIFTY2621026400CE,26400.0,2026-02-10,412.9,
2026-01-07 10:00:22+05:30,NIFTY2621026400CE,26400.0,2026-02-10,412.9,
2026-01-07 10:00:23+05:30,NIFTY2621026400CE,26400.0,2026-02-10,412.9,
2026-01-07 10:00:24+05:30,NIFTY2621026400CE,26400.0,2026-02-10,412.9,
2026-01-07 10:00:25+05:30,NIFTY2621026400CE,26400.0,2026-02-10,412.9,
2026-01-07 10:00:26+05:30,NIFTY2621026400CE,26400.0,2026-02-10,412.9,
2026-01-07 10:00:27+05:30,NIFTY2621026400CE,26400.0,2026-02-10,412.9,
2026-01-07 10:00:28+05:30,NIFTY2621026400CE,26400.0,2026-02-10,412.9,
2026-01-07 10:00:29+05:30,NIFTY2621026400CE,26400.0,2026-02-10,412.9,
2026-01-07 10:00:30+05:30,NIFTY2621026400CE,26400.0,2026-02-10,412.9,
2026-01-07 10:00:31+05:30,NIFTY2621026400CE,26400.0,2026-02-10,412.9,
2026-01-07 10:00:32+05:30,NIFTY2621026400CE,26400.0,2026-02-10,412.9,
2026-01-07 10:00:33+05:30,NIFTY2621026400CE,26400.0,2026-02-10,412.9,
2026-01-07 10:00:34+05:30,NIFTY2621026400CE,26400.0,2026-02-10,412.9,
2026-01-07 10:00:35+05:30,NIFTY2621026400CE,26400.0,2026-02-10,412.9,
2026-01-07 10:00:36+05:30,NIFTY2621026400CE,26400.0,2026-02-10,412.9,
2026-01-07 10:00:37+05:30,NIFTY2621026400CE,26400.0,2026-02-10,412.9,
2026-01-07 10:00:38+05:30,NIFTY2621026400CE,26400.0,2026-02-10,412.9,
2026-01-07 10:00:39+05:30,NIFTY2621026400CE,26400.0,2026-02-10,412.9,
2026-01-07 10:00:40+05:30,NIFTY2621026400CE,26400.0,2026-02-10,412.9,
2026-01-07 10:00:41+05:30,NIFTY2621026400CE,26400.0,2026-02-10,412.9,
2026-01-07 10:00:42+05:30,NIFTY2621026400CE,26400.0,2026-02-10,412.9,
2026-01-07 10:00:43+05:30,NIFTY2621026400CE,26400.0,2026-02-10,412.9,
2026-01-07 10:00:44+05:30,NIFTY2621026400CE,26400.0,2026-02-10,412.9,
2026-01-07 10:00:45+05:30,NIFTY2621026400CE,26400.0,2026-02-10,412.9,
2026-01-07 10:00:46+05:30,NIFTY2621026400CE,26400.0,2026-02-10,412.9,
2026-01-07 10:00:47+05:30,NIFTY2621026400CE,26400.0,2026-02-10,412.9,
2026-01-07 10:00:48+05:30,NIFTY2621026400CE,26400.0,2026-02-10,412.9,
2026-01-07 10:00:49+05:30,NIFTY2621026400CE,26400.0,2026-02-10,412.9,
2026-01-07 10:00:50+05:30,NIFTY2621026400CE,26400.0,2026-02-10,412.9,
2026-01-07 10:00:51+05:30,NIFTY2621026400CE,26400.0,2026-02-10,412.9,
2026-01-07 10:00:52+05:30,NIFTY2621026400CE,26400.0,2026-02-10,412.9,
2026-01-07 10:00:53+05:30,NIFTY2621026400CE,26400.0,2026-02-10,412.9,
2026-01-07 10:00:54+05:30,NIFTY2621026400CE,26400.0,2026-02-10,412.9,
2026-01-07 10:00:55+05:30,NIFTY2621026400CE,26400.0,2026-02-10,412.9,
2026-01-07 10:00:56+05:30,NIFTY2621026400CE,26400.0,2026-02-10,412.9,
2026-01-07 10:00:57+05:30,NIFTY2621026400CE,26400.0,2026-02-10,412.9,
2026-01-07 10:00:58+05:30,NIFTY2621026400CE,26400.0,2026-02-10,412.9,
2026-01-07 10:00:59+05:30,NIFTY2621026400CE,26400.0,2026-02-10,412.9,
2026-01-07 10:01:00+05:30,NIFTY2621026400CE,26400.0,2026-02-10,412.9,
2026-01-07 10:01:01+05:30,NIFTY2621026400CE,26400.0,2026-02-10,412.9,
2026-01-07 10:01:02+05:30,NIFTY2621026400CE,26400.0,2026-02-10,412.9,
2026-01-07 10:01:03+05:30,NIFTY2621026400CE,26400.0,2026-02-10,412.9,
2026-01-07 10:01:04+05:30,NIFTY2621026400CE,26400.0,2026-02-10,412.9,
2026-01-07 10:01:05+05:30,NIFTY2621026400CE,26400.0,2026-02-10,412.9,
2026-01-07 10:01:06+05:30,NIFTY2621026400CE,26400.0,2026-02-10,412.9,
2026-01-07 10:01:07+05:30,NIFTY2621026400CE,26400.0,2026-02-10,412.9,
2026-01-07 10:01:08+05:30,NIFTY2621026400CE,26400.0,2026-02-10,412.9,
2026-01-07 10:01:09+05:30,NIFTY2621026400CE,26400.0,2026-02-10,412.9,
2026-01-07 10:01:10+05:30,NIFTY2621026400CE,26400.0,2026-02-10,412.9,
2026-01-07 10:01:11+05:30,NIFTY2621026400CE,26400.0,2026-02-10,412.9,
2026-01-07 10:01:12+05:30,NIFTY2621026400CE,26400.0,2026-02-10,412.9,
2026-01-07 10:01:13+05:30,NIFTY2621026400CE,26400.0,2026-02-10,412.9,
2026-01-07 10:01:14+05:30,NIFTY2621026400CE,26400.0,2026-02-10,412.9,
2026-01-07 10:01:15+05:30,NIFTY2621026400CE,26400.0,2026-02-10,412.9,
2026-01-07 10:01:16+05:30,NIFTY2621026400CE,26400.0,2026-02-10,412.9,
2026-01-07 10:01:17+05:30,NIFTY2621026400CE,26400.0,2026-02-10,412.9,
2026-01-07 10:01:18+05:30,NIFTY2621026400CE,26400.0,2026-02-10,412.9,
2026-01-07 10:01:19+05:30,NIFTY2621026400CE,26400.0,2026-02-10,412.9,
2026-01-07 10:01:20+05:30,NIFTY2621026400CE,26400.0,2026-02-10,412.9,
2026-01-07 10:01:21+05:30,NIFTY2621026400CE,26400.0,2026-02-10,412.9,
2026-01-07 10:01:22+05:30,NIFTY2621026400CE,26400.0,2026-02-10,412.9,
2026-01-07 10:01:23+05:30,NIFTY2621026400CE,26400.0,2026-02-10,412.9,
2026-01-07 10:01:24+05:30,NIFTY2621026400CE,26400.0,2026-02-10,412.9,
2026-01-07 10:01:25+05:30,NIFTY2621026400CE,26400.0,2026-02-10,412.9,
2026-01-07 10:01:26+05:30,NIFTY2621026400CE,26400.0,2026-02-10,412.9,
2026-01-07 10:01:27+05:30,NIFTY2621026400CE,26400.0,2026-02-10,412.9,
2026-01-07 10:01:28+05:30,NIFTY2621026400CE,26400.0,2026-02-10,412.9,
2026-01-07 10:01:29+05:30,NIFTY2621026400CE,26400.0,2026-02-10,412.9,
2026-01-07 10:01:30+05:30,NIFTY2621026400CE,26400.0,2026-02-10,412.9,
2026-01-07 10:01:31+05:30,NIFTY2621026400CE,26400.0,2026-02-10,412.9,
2026-01-07 10:01:32+05:30,NIFTY2621026400CE,26400.0,2026-02-10,412.9,
2026-01-07 10:01:33+05:30,NIFTY2621026400CE,26400.0,2026-02-10,412.9,
2026-01-07 10:01:34+05:30,NIFTY2621026400CE,26400.0,2026-02-10,412.9,
2026-01-07 10:01:35+05:30,NIFTY2621026400CE,26400.0,2026-02-10,412.9,
2026-01-07 10:01:36+05:30,NIFTY2621026400CE,26400.0,2026-02-10,412.9,
2026-01-07 10:01:37+05:30,NIFTY2621026400CE,26400.0,2026-02-10,412.9,
2026-01-07 10:01:38+05:30,NIFTY2621026400CE,26400.0,2026-02-10,412.9,
2026-01-07 10:01:39+05:30,NIFTY2621026400CE,26400.0,2026-02-10,412.9,
2026-01-07 10:01:40+05:30,NIFTY2621026400CE,26400.0,2026-02-10,412.9,
2026-01-07 10:01:41+05:30,NIFTY2621026400CE,26400.0,2026-02-10,412.9,
2026-01-07 10:01:42+05:30,NIFTY2621026400CE,26400.0,2026-02-10,412.9,
2026-01-07 10:01:43+05:30,NIFTY2621026400CE,26400.0,2026-02-10,412.9,
2026-01-07 10:01:44+05:30,NIFTY2621026400CE,26400.0,2026-02-10,412.9,
2026-01-07 10:01:45+05:30,NIFTY2621026400CE,26400.0,2026-02-10,412.9,
2026-01-07 10:01:46+05:30,NIFTY2621026400CE,26400.0,2026-02-10,412.9,
2026-01-07 10:01:47+05:30,NIFTY2621026400CE,26400.0,2026-02-10,412.9,
2026-01-07 10:01:48+05:30,NIFTY2621026400CE,26400.0,2026-02-10,412.9,
2026-01-07 10:01:49+05:30,NIFTY2621026400CE,26400.0,2026-02-10,412.9,
2026-01-07 10:01:50+05:30,NIFTY2621026400CE,26400.0,2026-02-10,412.9,
2026-01-07 10:01:51+05:30,NIFTY2621026400CE,26400.0,2026-02-10,412.9,
2026-01-07 10:01:52+05:30,NIFTY2621026400CE,26400.0,2026-02-10,412.9,
2026-01-07 10:01:53+05:30,NIFTY2621026400CE,26400.0,2026-02-10,412.9,
2026-01-07 10:01:54+05:30,NIFTY2621026400CE,26400.0,2026-02-10,412.9,
2026-01-07 10:01:55+05:30,NIFTY2621026400CE,26400.0,2026-02-10,412.9,
2026-01-07 10:01:56+05:30,NIFTY2621026400CE,26400.0,2026-02-10,412.9,
2026-01-07 10:01:57+05:30,NIFTY2621026400CE,26400.0,2026-02-10,412.9,
2026-01-07 10:01:58+05:30,NIFTY2621026400CE,26400.0,2026-02-10,412.9,
2026-01-07 10:01:59+05:30,NIFTY2621026400CE,26400.0,2026-02-10,412.9,
2026-01-07 10:02:00+05:30,NIFTY2621026400CE,26400.0,2026-02-10,412.9,
2026-01-07 10:02:01+05:30,NIFTY2621026400CE,26400.0,2026-02-10,412.9,
2026-01-07 10:02:02+05:30,NIFTY2621026400CE,26400.0,2026-02-10,412.9,
2026-01-07 10:02:03+05:30,NIFTY2621026400CE,26400.0,2026-02-10,412.9,
2026-01-07 10:02:04+05:30,NIFTY2621026400CE,26400.0,2026-02-10,412.9,
2026-01-07 10:02:05+05:30,NIFTY2621026400CE,26400.0,2026-02-10,412.9,
2026-01-07 10:02:06+05:30,NIFTY2621026400CE,26400.0,2026-02-10,412.9,
2026-01-07 10:02:07+05:30,NIFTY2621026400CE,26400.0,2026-02-10,412.9,
2026-01-07 10:02:08+05:30,NIFTY2621026400CE,26400.0,2026-02-10,412.9,
2026-01-07 10:02:09+05:30,NIFTY2621026400CE,26400.0,2026-02-10,412.9,
2026-01-07 10:02:10+05:30,NIFTY2621026400CE,26400.0,2026-02-10,412.9,
2026-01-07 10:02:11+05:30,NIFTY2621026400CE,26400.0,2026-02-10,412.9,
2026-01-07 10:02:12+05:30,NIFTY2621026400CE,26400.0,2026-02-10,412.9,
2026-01-07 10:02:13+05:30,NIFTY2621026400CE,26400.0,2026-02-10,412.9,
2026-01-07 10:02:14+05:30,NIFTY2621026400CE,26400.0,2026-02-10,412.9,
2026-01-07 10:02:15+05:30,NIFTY2621026400CE,26400.0,2026-02-10,412.9,
2026-01-07 10:02:16+05:30,NIFTY2621026400CE,26400.0,2026-02-10,412.9,
2026-01-07 10:02:17+05:30,NIFTY2621026400CE,26400.0,2026-02-10,412.9,
2026-01-07 10:02:18+05:30,NIFTY2621026400CE,26400.0,2026-02-10,412.9,
2026-01-07 10:02:19+05:30,NIFTY2621026400CE,26400.0,2026-02-10,412.9,
2026-01-07 10:02:20+05:30,NIFTY2621026400CE,26400.0,2026-02-10,412.9,
2026-01-07 10:02:21+05:30,NIFTY2621026400CE,26400.0,2026-02-10,412.9,
2026-01-07 10:02:22+05:30,NIFTY2621026400CE,26400.0,2026-02-10,412.9,
2026-01-07 10:02:23+05:30,NIFTY2621026400CE,26400.0,2026-02-10,412.9,
2026-01-07 10:02:24+05:30,NIFTY2621026400CE,26400.0,2026-02-10,412.9,
2026-01-07 10:02:25+05:30,NIFTY2621026400CE,26400.0,2026-02-10,412.9,
2026-01-07 10:02:26+05:30,NIFTY2621026400CE,26400.0,2026-02-10,412.9,
2026-01-07 10:02:27+05:30,NIFTY2621026400CE,26400.0,2026-02-10,412.9,
2026-01-07 10:02:28+05:30,NIFTY2621026400CE,26400.0,2026-02-10,412.9,
2026-01-07 10:02:29+05:30,NIFTY2621026400CE,26400.0,2026-02-10,412.9,
2026-01-07 10:02:30+05:30,NIFTY2621026400CE,26400.0,2026-02-10,412.9,
2026-01-07 10:02:31+05:30,NIFTY2621026400CE,26400.0,2026-02-10,412.9,
2026-01-07 10:02:32+05:30,NIFTY2621026400CE,26400.0,2026-02-10,412.9,
2026-01-07 10:02:33+05:30,NIFTY2621026400CE,26400.0,2026-02-10,412.9,
2026-01-07 10:02:34+05:30,NIFTY2621026400CE,26400.0,2026-02-10,412.9,
2026-01-07 10:02:35+05:30,NIFTY2621026400CE,26400.0,2026-02-10,412.9,
2026-01-07 10:02:36+05:30,NIFTY2621026400CE,26400.0,2026-02-10,412.9,
2026-01-07 10:02:37+05:30,NIFTY2621026400CE,26400.0,2026-02-10,412.9,
2026-01-07 10:02:38+05:30,NIFTY2621026400CE,26400.0,2026-02-10,412.9,
2026-01-07 10:02:39+05:30,NIFTY2621026400CE,26400.0,2026-02-10,412.9,
2026-01-07 10:02:40+05:30,NIFTY2621026400CE,26400.0,2026-02-10,412.9,
2026-01-07 10:02:41+05:30,NIFTY2621026400CE,26400.0,2026-02-10,412.9,
2026-01-07 10:02:42+05:30,NIFTY2621026400CE,26400.0,2026-02-10,412.9,
2026-01-07 10:02:43+05:30,NIFTY2621026400CE,26400.0,2026-02-10,412.9,
2026-01-07 10:02:44+05:30,NIFTY2621026400CE,26400.0,2026-02-10,412.9,
2026-01-07 10:02:45+05:30,NIFTY2621026400CE,26400.0,2026-02-10,412.9,
2026-01-07 10:02:46+05:30,NIFTY2621026400CE,26400.0,2026-02-10,412.9,
2026-01-07 10:02:47+05:30,NIFTY2621026400CE,26400.0,2026-02-10,412.9,
2026-01-07 10:02:48+05:30,NIFTY2621026400CE,26400.0,2026-02-10,412.9,
2026-01-07 10:02:49+05:30,NIFTY2621026400CE,26400.0,2026-02-10,412.9,
2026-01-07 10:02:50+05:30,NIFTY2621026400CE,26400.0,2026-02-10,412.9,
2026-01-07 10:02:51+05:30,NIFTY2621026400CE,26400.0,2026-02-10,412.9,
2026-01-07 10:02:52+05:30,NIFTY2621026400CE,26400.0,2026-02-10,412.9,
2026-01-07 10:02:53+05:30,NIFTY2621026400CE,26400.0,2026-02-10,412.9,
2026-01-07 10:02:54+05:30,NIFTY2621026400CE,26400.0,2026-02-10,412.9,
2026-01-07 10:02:55+05:30,NIFTY2621026400CE,26400.0,2026-02-10,412.9,
2026-01-07 10:02:56+05:30,NIFTY2621026400CE,26400.0,2026-02-10,412.9,
2026-01-07 10:02:57+05:30,NIFTY2621026400CE,26400.0,2026-02-10,412.9,
2026-01-07 10:02:58+05:30,NIFTY2621026400CE,26400.0,2026-02-10,412.9,
2026-01-07 10:02:59+05:30,NIFTY2621026400CE,26400.0,2026-02-10,412.9,
2026-01-07 10:03:00+05:30,NIFTY2621026400CE,26400.0,2026-02-10,412.9,
2026-01-07 10:03:01+05:30,NIFTY2621026400CE,26400.0,2026-02-10,412.9,
2026-01-07 10:03:02+05:30,NIFTY2621026400CE,26400.0,2026-02-10,412.9,
2026-01-07 10:03:03+05:30,NIFTY2621026400CE,26400.0,2026-02-10,412.9,
2026-01-07 10:03:04+05:30,NIFTY2621026400CE,26400.0,2026-02-10,412.9,
2026-01-07 10:03:05+05:30,NIFTY2621026400CE,26400.0,2026-02-10,412.9,
2026-01-07 10:03:06+05:30,NIFTY2621026400CE,26400.0,2026-02-10,412.9,
2026-01-07 10:03:07+05:30,NIFTY2621026400CE,26400.0,2026-02-10,412.9,
2026-01-07 10:03:08+05:30,NIFTY2621026400CE,26400.0,2026-02-10,412.9,
2026-01-07 10:03:09+05:30,NIFTY2621026400CE,26400.0,2026-02-10,412.9,
2026-01-07 10:03:10+05:30,NIFTY2621026400CE,26400.0,2026-02-10,412.9,
2026-01-07 10:03:11+05:30,NIFTY2621026400CE,26400.0,2026-02-10,412.9,
2026-01-07 10:03:12+05:30,NIFTY2621026400CE,26400.0,2026-02-10,412.9,
2026-01-07 10:03:13+05:30,NIFTY2621026400CE,26400.0,2026-02-10,412.9,
2026-01-07 10:03:14+05:30,NIFTY2621026400CE,26400.0,2026-02-10,412.9,
2026-01-07 10:03:15+05:30,NIFTY2621026400CE,26400.0,2026-02-10,412.9,
2026-01-07 10:03:16+05:30,NIFTY2621026400CE,26400.0,2026-02-10,412.9,
2026-01-07 10:03:17+05:30,NIFTY2621026400CE,26400.0,2026-02-10,412.9,
2026-01-07 10:03:18+05:30,NIFTY2621026400CE,26400.0,2026-02-10,412.9,
2026-01-07 10:03:19+05:30,NIFTY2621026400CE,26400.0,2026-02-10,412.9,
2026-01-07 10:03:20+05:30,NIFTY2621026400CE,26400.0,2026-02-10,412.9,
2026-01-07 10:03:21+05:30,NIFTY2621026400CE,26400.0,2026-02-10,412.9,
2026-01-07 10:03:22+05:30,NIFTY2621026400CE,26400.0,2026-02-10,412.9,
2026-01-07 10:03:23+05:30,NIFTY2621026400CE,26400.0,2026-02-10,412.9,
2026-01-07 10:03:24+05:30,NIFTY2621026400CE,26400.0,2026-02-10,412.9,
2026-01-07 10:03:25+05:30,NIFTY2621026400CE,26400.0,2026-02-10,412.9,
2026-01-07 10:03:26+05:30,NIFTY2621026400CE,26400.0,2026-02-10,412.9,
2026-01-07 10:03:27+05:30,NIFTY2621026400CE,26400.0,2026-02-10,412.9,
2026-01-07 10:03:28+05:30,NIFTY2621026400CE,26400.0,2026-02-10,412.9,
2026-01-07 10:03:29+05:30,NIFTY2621026400CE,26400.0,2026-02-10,412.9,
2026-01-07 10:03:30+05:30,NIFTY2621026400CE,26400.0,2026-02-10,412.9,
2026-01-07 10:03:31+05:30,NIFTY2621026400CE,26400.0,2026-02-10,412.9,
2026-01-07 10:03:32+05:30,NIFTY2621026400CE,26400.0,2026-02-10,412.9,
2026-01-07 10:03:33+05:30,NIFTY2621026400CE,26400.0,2026-02-10,412.9,
2026-01-07 10:03:34+05:30,NIFTY2621026400CE,26400.0,2026-02-10,412.9,
2026-01-07 10:03:35+05:30,NIFTY2621026400CE,26400.0,2026-02-10,412.9,
2026-01-07 10:03:36+05:30,NIFTY2621026400CE,26400.0,2026-02-10,412.9,
2026-01-07 10:03:37+05:30,NIFTY2621026400CE,26400.0,2026-02-10,412.9,
2026-01-07 10:03:38+05:30,NIFTY2621026400CE,26400.0,2026-02-10,412.9,
2026-01-07 10:03:39+05:30,NIFTY2621026400CE,26400.0,2026-02-10,412.9,
2026-01-07 10:03:40+05:30,NIFTY2621026400CE,26400.0,2026-02-10,412.9,
2026-01-07 10:03:41+05:30,NIFTY2621026400CE,26400.0,2026-02-10,412.9,
2026-01-07 10:03:42+05:30,NIFTY2621026400CE,26400.0,2026-02-10,412.9,
2026-01-07 10:03:43+05:30,NIFTY2621026400CE,26400.0,2026-02-10,412.9,
2026-01-07 10:03:44+05:30,NIFTY2621026400CE,26400.0,2026-02-10,412.9,
2026-01-07 10:03:45+05:30,NIFTY2621026400CE,26400.0,2026-02-10,412.9,
2026-01-07 10:03:46+05:30,NIFTY2621026400CE,26400.0,2026-02-10,412.9,
2026-01-07 10:03:47+05:30,NIFTY2621026400CE,26400.0,2026-02-10,412.9,
2026-01-07 10:03:48+05:30,NIFTY2621026400CE,26400.0,2026-02-10,412.9,
2026-01-07 10:03:49+05:30,NIFTY2621026400CE,26400.0,2026-02-10,412.9,
2026-01-07 10:03:50+05:30,NIFTY2621026400CE,26400.0,2026-02-10,412.9,
2026-01-07 10:03:51+05:30,NIFTY2621026400CE,26400.0,2026-02-10,412.9,
2026-01-07 10:03:52+05:30,NIFTY2621026400CE,26400.0,2026-02-10,412.9,
2026-01-07 10:03:53+05:30,NIFTY2621026400CE,26400.0,2026-02-10,412.9,
2026-01-07 10:03:54+05:30,NIFTY2621026400CE,26400.0,2026-02-10,412.9,
2026-01-07 10:03:55+05:30,NIFTY2621026400CE,26400.0,2026-02-10,412.9,
2026-01-07 10:03:56+05:30,NIFTY2621026400CE,26400.0,2026-02-10,412.9,
2026-01-07 10:03:57+05:30,NIFTY2621026400CE,26400.0,2026-02-10,412.9,
2026-01-07 10:03:58+05:30,NIFTY2621026400CE,26400.0,2026-02-10,412.9,
2026-01-07 10:03:59+05:30,NIFTY2621026400CE,26400.0,2026-02-10,412.9,
2026-01-07 10:04:00+05:30,NIFTY2621026400CE,26400.0,2026-02-10,412.9,
2026-01-07 10:04:01+05:30,NIFTY2621026400CE,26400.0,2026-02-10,412.9,
2026-01-07 10:04:02+05:30,NIFTY2621026400CE,26400.0,2026-02-10,412.9,
2026-01-07 10:04:03+05:30,NIFTY2621026400CE,26400.0,2026-02-10,412.9,
2026-01-07 10:04:04+05:30,NIFTY2621026400CE,26400.0,2026-02-10,412.9,
2026-01-07 10:04:05+05:30,NIFTY2621026400CE,26400.0,2026-02-10,412.9,
2026-01-07 10:04:06+05:30,NIFTY2621026400CE,26400.0,2026-02-10,412.9,
2026-01-07 10:04:07+05:30,NIFTY2621026400CE,26400.0,2026-02-10,412.9,
2026-01-07 10:04:08+05:30,NIFTY2621026400CE,26400.0,2026-02-10,412.9,
2026-01-07 10:04:09+05:30,NIFTY2621026400CE,26400.0,2026-02-10,412.9,
2026-01-07 10:04:10+05:30,NIFTY2621026400CE,26400.0,2026-02-10,412.9,
2026-01-07 10:04:11+05:30,NIFTY2621026400CE,26400.0,2026-02-10,412.9,
2026-01-07 10:04:12+05:30,NIFTY2621026400CE,26400.0,2026-02-10,412.9,
2026-01-07 10:04:13+05:30,NIFTY2621026400CE,26400.0,2026-02-10,412.9,
2026-01-07 10:04:14+05:30,NIFTY2621026400CE,26400.0,2026-02-10,412.9,
2026-01-07 10:04:15+05:30,NIFTY2621026400CE,26400.0,2026-02-10,412.9,
2026-01-07 10:04:16+05:30,NIFTY2621026400CE,26400.0,2026-02-10,412.9,
2026-01-07 10:04:17+05:30,NIFTY2621026400CE,26400.0,2026-02-10,412.9,
2026-01-07 10:04:18+05:30,NIFTY2621026400CE,26400.0,2026-02-10,412.9,
2026-01-07 10:04:19+05:30,NIFTY2621026400CE,26400.0,2026-02-10,412.9,
2026-01-07 10:04:20+05:30,NIFTY2621026400CE,26400.0,2026-02-10,412.9,
2026-01-07 10:04:21+05:30,NIFTY2621026400CE,26400.0,2026-02-10,412.9,
2026-01-07 10:04:22+05:30,NIFTY2621026400CE,26400.0,2026-02-10,412.9,
2026-01-07 10:04:23+05:30,NIFTY2621026400CE,26400.0,2026-02-10,412.9,
2026-01-07 10:04:24+05:30,NIFTY2621026400CE,26400.0,2026-02-10,412.9,
2026-01-07 10:04:25+05:30,NIFTY2621026400CE,26400.0,2026-02-10,412.9,
2026-01-07 10:04:26+05:30,NIFTY2621026400CE,26400.0,2026-02-10,412.9,
2026-01-07 10:04:27+05:30,NIFTY2621026400CE,26400.0,2026-02-10,412.9,
2026-01-07 10:04:28+05:30,NIFTY2621026400CE,26400.0,2026-02-10,412.9,
2026-01-07 10:04:29+05:30,NIFTY2621026400CE,26400.0,2026-02-10,412.9,
2026-01-07 10:04:30+05:30,NIFTY2621026400CE,26400.0,2026-02-10,412.9,
2026-01-07 10:04:31+05:30,NIFTY2621026400CE,26400.0,2026-02-10,412.9,
2026-01-07 10:04:32+05:30,NIFTY2621026400CE,26400.0,2026-02-10,412.9,
2026-01-07 10:04:33+05:30,NIFTY2621026400CE,26400.0,2026-02-10,412.9,
2026-01-07 10:04:34+05:30,NIFTY2621026400CE,26400.0,2026-02-10,412.9,
2026-01-07 10:04:35+05:30,NIFTY2621026400CE,26400.0,2026-02-10,412.9,
2026-01-07 10:04:36+05:30,NIFTY2621026400CE,26400.0,2026-02-10,412.9,
2026-01-07 10:04:37+05:30,NIFTY2621026400CE,26400.0,2026-02-10,412.9,
2026-01-07 10:04:38+05:30,NIFTY2621026400CE,26400.0,2026-02-10,412.9,
2026-01-07 10:04:39+05:30,NIFTY2621026400CE,26400.0,2026-02-10,412.9,
2026-01-07 10:04:40+05:30,NIFTY2621026400CE,26400.0,2026-02-10,412.9,
2026-01-07 10:04:41+05:30,NIFTY2621026400CE,26400.0,2026-02-10,412.9,
2026-01-07 10:04:42+05:30,NIFTY2621026400CE,26400.0,2026-02-10,412.9,
2026-01-07 10:04:43+05:30,NIFTY2621026400CE,26400.0,2026-02-10,412.9,
2026-01-07 10:04:44+05:30,NIFTY2621026400CE,26400.0,2026-02-10,412.9,
2026-01-07 10:04:45+05:30,NIFTY2621026400CE,26400.0,2026-02-10,412.9,
2026-01-07 10:04:46+05:30,NIFTY2621026400CE,26400.0,2026-02-10,412.9,
2026-01-07 10:04:47+05:30,NIFTY2621026400CE,26400.0,2026-02-10,412.9,
2026-01-07 10:04:48+05:30,NIFTY2621026400CE,26400.0,2026-02-10,412.9,
2026-01-07 10:04:49+05:30,NIFTY2621026400CE,26400.0,2026-02-10,412.9,
2026-01-07 10:04:50+05:30,NIFTY2621026400CE,26400.0,2026-02-10,412.9,
2026-01-07 10:04:51+05:30,NIFTY2621026400CE,26400.0,2026-02-10,412.9,
2026-01-07 10:04:52+05:30,NIFTY2621026400CE,26400.0,2026-02-10,412.9,
2026-01-07 10:04:53+05:30,NIFTY2621026400CE,26400.0,2026-02-10,412.9,
2026-01-07 10:04:54+05:30,NIFTY2621026400CE,26400.0,2026-02-10,412.9,
2026-01-07 10:04:55+05:30,NIFTY2621026400CE,26400.0,2026-02-10,412.9,
2026-01-07 10:04:56+05:30,NIFTY2621026400CE,26400.0,2026-02-10,412.9,
2026-01-07 10:04:57+05:30,NIFTY2621026400CE,26400.0,2026-02-10,412.9,
2026-01-07 10:04:58+05:30,NIFTY2621026400CE,26400.0,2026-02-10,412.9,
2026-01-07 10:04:59+05:30,NIFTY2621026400CE,26400.0,2026-02-10,412.9,
2026-01-07 10:05:00+05:30,NIFTY2621026400CE,26400.0,2026-02-10,412.9,
2026-01-07 10:05:01+05:30,NIFTY2621026400CE,26400.0,2026-02-10,412.9,
2026-01-07 10:05:02+05:30,NIFTY2621026400CE,26400.0,2026-02-10,412.9,
2026-01-07 10:05:03+05:30,NIFTY2621026400CE,26400.0,2026-02-10,412.9,
2026-01-07 10:05:04+05:30,NIFTY2621026400CE,26400.0,2026-02-10,412.9,
2026-01-07 10:05:05+05:30,NIFTY2621026400CE,26400.0,2026-02-10,412.9,
2026-01-07 10:05:06+05:30,NIFTY2621026400CE,26400.0,2026-02-10,412.9,
2026-01-07 10:05:07+05:30,NIFTY2621026400CE,26400.0,2026-02-10,412.9,
2026-01-07 10:05:08+05:30,NIFTY2621026400CE,26400.0,2026-02-10,412.9,
2026-01-07 10:05:09+05:30,NIFTY2621026400CE,26400.0,2026-02-10,412.9,
2026-01-07 10:05:10+05:30,NIFTY2621026400CE,26400.0,2026-02-10,412.9,
2026-01-07 10:05:11+05:30,NIFTY2621026400CE,26400.0,2026-02-10,412.9,
2026-01-07 10:05:12+05:30,NIFTY2621026400CE,26400.0,2026-02-10,412.9,
2026-01-07 10:05:13+05:30,NIFTY2621026400CE,26400.0,2026-02-10,412.9,
2026-01-07 10:05:14+05:30,NIFTY2621026400CE,26400.0,2026-02-10,412.9,
2026-01-07 10:05:15+05:30,NIFTY2621026400CE,26400.0,2026-02-10,412.9,
2026-01-07 10:05:16+05:30,NIFTY2621026400CE,26400.0,2026-02-10,412.9,
2026-01-07 10:05:17+05:30,NIFTY2621026400CE,26400.0,2026-02-10,412.9,
2026-01-07 10:05:18+05:30,NIFTY2621026400CE,26400.0,2026-02-10,412.9,
2026-01-07 10:05:19+05:30,NIFTY2621026400CE,26400.0,2026-02-10,412.9,
2026-01-07 10:05:20+05:30,NIFTY2621026400CE,26400.0,2026-02-10,412.9,
2026-01-07 10:05:21+05:30,NIFTY2621026400CE,26400.0,2026-02-10,412.9,
2026-01-07 10:05:22+05:30,NIFTY2621026400CE,26400.0,2026-02-10,412.9,
2026-01-07 10:05:23+05:30,NIFTY2621026400CE,26400.0,2026-02-10,412.9,
2026-01-07 10:05:24+05:30,NIFTY2621026400CE,26400.0,2026-02-10,412.9,
2026-01-07 10:05:25+05:30,NIFTY2621026400CE,26400.0,2026-02-10,412.9,
2026-01-07 10:05:26+05:30,NIFTY2621026400CE,26400.0,2026-02-10,412.9,
2026-01-07 10:05:27+05:30,NIFTY2621026400CE,26400.0,2026-02-10,412.9,
2026-01-07 10:05:28+05:30,NIFTY2621026400CE,26400.0,2026-02-10,412.9,
2026-01-07 10:05:29+05:30,NIFTY2621026400CE,26400.0,2026-02-10,412.9,
2026-01-07 10:05:30+05:30,NIFTY2621026400CE,26400.0,2026-02-10,412.9,
2026-01-07 10:05:31+05:30,NIFTY2621026400CE,26400.0,2026-02-10,412.9,
2026-01-07 10:05:32+05:30,NIFTY2621026400CE,26400.0,2026-02-10,412.9,
2026-01-07 10:05:33+05:30,NIFTY2621026400CE,26400.0,2026-02-10,412.9,
2026-01-07 10:05:34+05:30,NIFTY2621026400CE,26400.0,2026-02-10,412.9,
2026-01-07 10:05:35+05:30,NIFTY2621026400CE,26400.0,2026-02-10,412.9,
2026-01-07 10:05:36+05:30,NIFTY2621026400CE,26400.0,2026-02-10,412.9,
2026-01-07 10:05:37+05:30,NIFTY2621026400CE,26400.0,2026-02-10,412.9,
2026-01-07 10:05:38+05:30,NIFTY2621026400CE,26400.0,2026-02-10,412.9,
2026-01-07 10:05:39+05:30,NIFTY2621026400CE,26400.0,2026-02-10,412.9,
2026-01-07 10:05:40+05:30,NIFTY2621026400CE,26400.0,2026-02-10,412.9,
2026-01-07 10:05:41+05:30,NIFTY2621026400CE,26400.0,2026-02-10,412.9,
2026-01-07 10:05:42+05:30,NIFTY2621026400CE,26400.0,2026-02-10,412.9,
2026-01-07 10:05:43+05:30,NIFTY2621026400CE,26400.0,2026-02-10,412.9,
2026-01-07 10:05:44+05:30,NIFTY2621026400CE,26400.0,2026-02-10,412.9,
2026-01-07 10:05:45+05:30,NIFTY2621026400CE,26400.0,2026-02-10,412.9,
2026-01-07 10:05:46+05:30,NIFTY2621026400CE,26400.0,2026-02-10,412.9,
2026-01-07 10:05:47+05:30,NIFTY2621026400CE,26400.0,2026-02-10,412.9,
2026-01-07 10:05:48+05:30,NIFTY2621026400CE,26400.0,2026-02-10,412.9,
2026-01-07 10:05:49+05:30,NIFTY2621026400CE,26400.0,2026-02-10,412.9,
2026-01-07 10:05:50+05:30,NIFTY2621026400CE,26400.0,2026-02-10,412.9,
2026-01-07 10:05:51+05:30,NIFTY2621026400CE,26400.0,2026-02-10,412.9,
2026-01-07 10:05:52+05:30,NIFTY2621026400CE,26400.0,2026-02-10,412.9,
2026-01-07 10:05:53+05:30,NIFTY2621026400CE,26400.0,2026-02-10,412.9,
2026-01-07 10:05:54+05:30,NIFTY2621026400CE,26400.0,2026-02-10,412.9,
2026-01-07 10:05:55+05:30,NIFTY2621026400CE,26400.0,2026-02-10,412.9,
2026-01-07 10:05:56+05:30,NIFTY2621026400CE,26400.0,2026-02-10,412.9,
2026-01-07 10:05:57+05:30,NIFTY2621026400CE,26400.0,2026-02-10,412.9,
2026-01-07 10:05:58+05:30,NIFTY2621026400CE,26400.0,2026-02-10,412.9,
2026-01-07 10:05:59+05:30,NIFTY2621026400CE,26400.0,2026-02-10,412.9,
2026-01-07 10:06:00+05:30,NIFTY2621026400CE,26400.0,2026-02-10,412.9,
2026-01-07 10:06:01+05:30,NIFTY2621026400CE,26400.0,2026-02-10,412.9,
2026-01-07 10:06:02+05:30,NIFTY2621026400CE,26400.0,2026-02-10,412.9,
2026-01-07 10:06:03+05:30,NIFTY2621026400CE,26400.0,2026-02-10,412.9,
2026-01-07 10:06:04+05:30,NIFTY2621026400CE,26400.0,2026-02-10,412.9,
2026-01-07 10:06:05+05:30,NIFTY2621026400CE,26400.0,2026-02-10,412.9,
2026-01-07 10:06:06+05:30,NIFTY2621026400CE,26400.0,2026-02-10,412.9,
2026-01-07 10:06:07+05:30,NIFTY2621026400CE,26400.0,2026-02-10,412.9,
2026-01-07 10:06:08+05:30,NIFTY2621026400CE,26400.0,2026-02-10,412.9,
2026-01-07 10:06:09+05:30,NIFTY2621026400CE,26400.0,2026-02-10,412.9,
2026-01-07 10:06:10+05:30,NIFTY2621026400CE,26400.0,2026-02-10,412.9,
2026-01-07 10:06:11+05:30,NIFTY2621026400CE,26400.0,2026-02-10,412.9,
2026-01-07 10:06:12+05:30,NIFTY2621026400CE,26400.0,2026-02-10,412.9,
2026-01-07 10:06:13+05:30,NIFTY2621026400CE,26400.0,2026-02-10,412.9,
2026-01-07 10:06:14+05:30,NIFTY2621026400CE,26400.0,2026-02-10,412.9,
2026-01-07 10:06:15+05:30,NIFTY2621026400CE,26400.0,2026-02-10,412.9,
2026-01-07 10:06:16+05:30,NIFTY2621026400CE,26400.0,2026-02-10,412.9,
2026-01-07 10:06:17+05:30,NIFTY2621026400CE,26400.0,2026-02-10,412.9,
2026-01-07 10:06:18+05:30,NIFTY2621026400CE,26400.0,2026-02-10,412.9,
2026-01-07 10:06:19+05:30,NIFTY2621026400CE,26400.0,2026-02-10,412.9,
2026-01-07 10:06:20+05:30,NIFTY2621026400CE,26400.0,2026-02-10,412.9,
2026-01-07 10:06:21+05:30,NIFTY2621026400CE,26400.0,2026-02-10,412.9,
2026-01-07 10:06:22+05:30,NIFTY2621026400CE,26400.0,2026-02-10,412.9,
2026-01-07 10:06:23+05:30,NIFTY2621026400CE,26400.0,2026-02-10,412.9,
2026-01-07 10:06:24+05:30,NIFTY2621026400CE,26400.0,2026-02-10,412.9,
2026-01-07 10:06:25+05:30,NIFTY2621026400CE,26400.0,2026-02-10,412.9,
2026-01-07 10:06:26+05:30,NIFTY2621026400CE,26400.0,2026-02-10,412.9,
2026-01-07 10:06:27+05:30,NIFTY2621026400CE,26400.0,2026-02-10,412.9,
2026-01-07 10:06:28+05:30,NIFTY2621026400CE,26400.0,2026-02-10,412.9,
2026-01-07 10:06:29+05:30,NIFTY2621026400CE,26400.0,2026-02-10,412.9,
2026-01-07 10:06:30+05:30,NIFTY2621026400CE,26400.0,2026-02-10,412.9,
2026-01-07 10:06:31+05:30,NIFTY2621026400CE,26400.0,2026-02-10,412.9,
2026-01-07 10:06:32+05:30,NIFTY2621026400CE,26400.0,2026-02-10,412.9,
2026-01-07 10:06:33+05:30,NIFTY2621026400CE,26400.0,2026-02-10,412.9,
2026-01-07 10:06:34+05:30,NIFTY2621026400CE,26400.0,2026-02-10,412.9,
2026-01-07 10:06:35+05:30,NIFTY2621026400CE,26400.0,2026-02-10,412.9,
2026-01-07 10:06:36+05:30,NIFTY2621026400CE,26400.0,2026-02-10,412.9,
2026-01-07 10:06:37+05:30,NIFTY2621026400CE,26400.0,2026-02-10,412.9,
2026-01-07 10:06:38+05:30,NIFTY2621026400CE,26400.0,2026-02-10,412.9,
2026-01-07 10:06:39+05:30,NIFTY2621026400CE,26400.0,2026-02-10,412.9,
2026-01-07 10:06:40+05:30,NIFTY2621026400CE,26400.0,2026-02-10,412.9,
2026-01-07 10:06:41+05:30,NIFTY2621026400CE,26400.0,2026-02-10,412.9,
2026-01-07 10:06:42+05:30,NIFTY2621026400CE,26400.0,2026-02-10,412.9,
2026-01-07 10:06:43+05:30,NIFTY2621026400CE,26400.0,2026-02-10,412.9,
2026-01-07 10:06:44+05:30,NIFTY2621026400CE,26400.0,2026-02-10,412.9,
2026-01-07 10:06:45+05:30,NIFTY2621026400CE,26400.0,2026-02-10,412.9,
2026-01-07 10:06:46+05:30,NIFTY2621026400CE,26400.0,2026-02-10,412.9,
2026-01-07 10:06:47+05:30,NIFTY2621026400CE,26400.0,2026-02-10,412.9,
2026-01-07 10:06:48+05:30,NIFTY2621026400CE,26400.0,2026-02-10,412.9,
2026-01-07 10:06:49+05:30,NIFTY2621026400CE,26400.0,2026-02-10,412.9,
2026-01-07 10:06:50+05:30,NIFTY2621026400CE,26400.0,2026-02-10,412.9,
2026-01-07 10:06:51+05:30,NIFTY2621026400CE,26400.0,2026-02-10,412.9,
2026-01-07 10:06:52+05:30,NIFTY2621026400CE,26400.0,2026-02-10,412.9,
2026-01-07 10:06:53+05:30,NIFTY2621026400CE,26400.0,2026-02-10,412.9,
2026-01-07 10:06:54+05:30,NIFTY2621026400CE,26400.0,2026-02-10,412.9,
2026-01-07 10:06:55+05:30,NIFTY2621026400CE,26400.0,2026-02-10,412.9,
2026-01-07 10:06:56+05:30,NIFTY2621026400CE,26400.0,2026-02-10,412.9,
2026-01-07 10:06:57+05:30,NIFTY2621026400CE,26400.0,2026-02-10,412.9,
2026-01-07 10:06:58+05:30,NIFTY2621026400CE,26400.0,2026-02-10,412.9,
2026-01-07 10:06:59+05:30,NIFTY2621026400CE,26400.0,2026-02-10,412.9,
2026-01-07 10:07:00+05:30,NIFTY2621026400CE,26400.0,2026-02-10,412.9,
2026-01-07 10:07:01+05:30,NIFTY2621026400CE,26400.0,2026-02-10,412.9,
2026-01-07 10:07:02+05:30,NIFTY2621026400CE,26400.0,2026-02-10,412.9,
2026-01-07 10:07:03+05:30,NIFTY2621026400CE,26400.0,2026-02-10,412.9,
2026-01-07 10:07:04+05:30,NIFTY2621026400CE,26400.0,2026-02-10,412.9,
2026-01-07 10:07:05+05:30,NIFTY2621026400CE,26400.0,2026-02-10,412.9,
2026-01-07 10:07:06+05:30,NIFTY2621026400CE,26400.0,2026-02-10,412.9,
2026-01-07 10:07:07+05:30,NIFTY2621026400CE,26400.0,2026-02-10,412.9,
2026-01-07 10:07:08+05:30,NIFTY2621026400CE,26400.0,2026-02-10,412.9,
2026-01-07 10:07:09+05:30,NIFTY2621026400CE,26400.0,2026-02-10,412.9,
2026-01-07 10:07:10+05:30,NIFTY2621026400CE,26400.0,2026-02-10,412.9,
2026-01-07 10:07:11+05:30,NIFTY2621026400CE,26400.0,2026-02-10,412.9,
2026-01-07 10:07:12+05:30,NIFTY2621026400CE,26400.0,2026-02-10,412.9,
2026-01-07 10:07:13+05:30,NIFTY2621026400CE,26400.0,2026-02-10,412.9,
2026-01-07 10:07:14+05:30,NIFTY2621026400CE,26400.0,2026-02-10,412.9,
2026-01-07 10:07:15+05:30,NIFTY2621026400CE,26400.0,2026-02-10,412.9,
2026-01-07 10:07:16+05:30,NIFTY2621026400CE,26400.0,2026-02-10,412.9,
2026-01-07 10:07:17+05:30,NIFTY2621026400CE,26400.0,2026-02-10,412.9,
2026-01-07 10:07:18+05:30,NIFTY2621026400CE,26400.0,2026-02-10,412.9,
2026-01-07 10:07:19+05:30,NIFTY2621026400CE,26400.0,2026-02-10,412.9,
2026-01-07 10:07:20+05:30,NIFTY2621026400CE,26400.0,2026-02-10,412.9,
2026-01-07 10:07:21+05:30,NIFTY2621026400CE,26400.0,2026-02-10,412.9,
2026-01-07 10:07:22+05:30,NIFTY2621026400CE,26400.0,2026-02-10,412.9,
2026-01-07 10:07:23+05:30,NIFTY2621026400CE,26400.0,2026-02-10,412.9,
2026-01-07 10:07:24+05:30,NIFTY2621026400CE,26400.0,2026-02-10,412.9,
2026-01-07 10:07:25+05:30,NIFTY2621026400CE,26400.0,2026-02-10,412.9,
2026-01-07 10:07:26+05:30,NIFTY2621026400CE,26400.0,2026-02-10,412.9,
2026-01-07 10:07:27+05:30,NIFTY2621026400CE,26400.0,2026-02-10,412.9,
2026-01-07 10:07:28+05:30,NIFTY2621026400CE,26400.0,2026-02-10,412.9,
2026-01-07 10:07:29+05:30,NIFTY2621026400CE,26400.0,2026-02-10,412.9,
2026-01-07 10:07:30+05:30,NIFTY2621026400CE,26400.0,2026-02-10,412.9,
2026-01-07 10:07:31+05:30,NIFTY2621026400CE,26400.0,2026-02-10,412.9,
2026-01-07 10:07:32+05:30,NIFTY2621026400CE,26400.0,2026-02-10,412.9,
2026-01-07 10:07:33+05:30,NIFTY2621026400CE,26400.0,2026-02-10,412.9,
2026-01-07 10:07:34+05:30,NIFTY2621026400CE,26400.0,2026-02-10,412.9,
2026-01-07 10:07:35+05:30,NIFTY2621026400CE,26400.0,2026-02-10,412.9,
2026-01-07 10:07:36+05:30,NIFTY2621026400CE,26400.0,2026-02-10,412.9,
2026-01-07 10:07:37+05:30,NIFTY2621026400CE,26400.0,2026-02-10,412.9,
2026-01-07 10:07:38+05:30,NIFTY2621026400CE,26400.0,2026-02-10,412.9,
2026-01-07 10:07:39+05:30,NIFTY2621026400CE,26400.0,2026-02-10,412.9,
2026-01-07 10:07:40+05:30,NIFTY2621026400CE,26400.0,2026-02-10,412.9,
2026-01-07 10:07:41+05:30,NIFTY2621026400CE,26400.0,2026-02-10,412.9,
2026-01-07 10:07:42+05:30,NIFTY2621026400CE,26400.0,2026-02-10,412.9,
2026-01-07 10:07:43+05:30,NIFTY2621026400CE,26400.0,2026-02-10,412.9,
2026-01-07 10:07:44+05:30,NIFTY2621026400CE,26400.0,2026-02-10,412.9,
2026-01-07 10:07:45+05:30,NIFTY2621026400CE,26400.0,2026-02-10,412.9,
2026-01-07 10:07:46+05:30,NIFTY2621026400CE,26400.0,2026-02-10,412.9,
2026-01-07 10:07:47+05:30,NIFTY2621026400CE,26400.0,2026-02-10,412.9,
2026-01-07 10:07:48+05:30,NIFTY2621026400CE,26400.0,2026-02-10,412.9,
2026-01-07 10:07:49+05:30,NIFTY2621026400CE,26400.0,2026-02-10,412.9,
2026-01-07 10:07:50+05:30,NIFTY2621026400CE,26400.0,2026-02-10,412.9,
2026-01-07 10:07:51+05:30,NIFTY2621026400CE,26400.0,2026-02-10,412.9,
2026-01-07 10:07:52+05:30,NIFTY2621026400CE,26400.0,2026-02-10,412.9,
2026-01-07 10:07:53+05:30,NIFTY2621026400CE,26400.0,2026-02-10,412.9,
2026-01-07 10:07:54+05:30,NIFTY2621026400CE,26400.0,2026-02-10,412.9,
2026-01-07 10:07:55+05:30,NIFTY2621026400CE,26400.0,2026-02-10,412.9,
2026-01-07 10:07:56+05:30,NIFTY2621026400CE,26400.0,2026-02-10,412.9,
2026-01-07 10:07:57+05:30,NIFTY2621026400CE,26400.0,2026-02-10,412.9,
2026-01-07 10:07:58+05:30,NIFTY2621026400CE,26400.0,2026-02-10,412.9,
2026-01-07 10:07:59+05:30,NIFTY2621026400CE,26400.0,2026-02-10,412.9,
2026-01-07 10:08:00+05:30,NIFTY2621026400CE,26400.0,2026-02-10,412.9,
2026-01-07 10:08:01+05:30,NIFTY2621026400CE,26400.0,2026-02-10,412.9,
2026-01-07 10:08:02+05:30,NIFTY2621026400CE,26400.0,2026-02-10,412.9,
2026-01-07 10:08:03+05:30,NIFTY2621026400CE,26400.0,2026-02-10,412.9,
2026-01-07 10:08:04+05:30,NIFTY2621026400CE,26400.0,2026-02-10,412.9,
2026-01-07 10:08:05+05:30,NIFTY2621026400CE,26400.0,2026-02-10,412.9,
2026-01-07 10:08:06+05:30,NIFTY2621026400CE,26400.0,2026-02-10,412.9,
2026-01-07 10:08:07+05:30,NIFTY2621026400CE,26400.0,2026-02-10,412.9,
2026-01-07 10:08:08+05:30,NIFTY2621026400CE,26400.0,2026-02-10,412.9,
2026-01-07 10:08:09+05:30,NIFTY2621026400CE,26400.0,2026-02-10,412.9,
2026-01-07 10:08:10+05:30,NIFTY2621026400CE,26400.0,2026-02-10,412.9,
2026-01-07 10:08:11+05:30,NIFTY2621026400CE,26400.0,2026-02-10,412.9,
2026-01-07 10:08:12+05:30,NIFTY2621026400CE,26400.0,2026-02-10,412.9,
2026-01-07 10:08:13+05:30,NIFTY2621026400CE,26400.0,2026-02-10,412.9,
2026-01-07 10:08:14+05:30,NIFTY2621026400CE,26400.0,2026-02-10,412.9,
2026-01-07 10:08:15+05:30,NIFTY2621026400CE,26400.0,2026-02-10,412.9,
2026-01-07 10:08:16+05:30,NIFTY2621026400CE,26400.0,2026-02-10,412.9,
2026-01-07 10:08:17+05:30,NIFTY2621026400CE,26400.0,2026-02-10,412.9,
2026-01-07 10:08:18+05:30,NIFTY2621026400CE,26400.0,2026-02-10,412.9,
2026-01-07 10:08:19+05:30,NIFTY2621026400CE,26400.0,2026-02-10,412.9,
2026-01-07 10:08:20+05:30,NIFTY2621026400CE,26400.0,2026-02-10,412.9,
2026-01-07 10:08:21+05:30,NIFTY2621026400CE,26400.0,2026-02-10,412.9,
2026-01-07 10:08:22+05:30,NIFTY2621026400CE,26400.0,2026-02-10,412.9,
2026-01-07 10:08:23+05:30,NIFTY2621026400CE,26400.0,2026-02-10,412.9,
2026-01-07 10:08:24+05:30,NIFTY2621026400CE,26400.0,2026-02-10,412.9,
2026-01-07 10:08:25+05:30,NIFTY2621026400CE,26400.0,2026-02-10,412.9,
2026-01-07 10:08:26+05:30,NIFTY2621026400CE,26400.0,2026-02-10,412.9,
2026-01-07 10:08:27+05:30,NIFTY2621026400CE,26400.0,2026-02-10,412.9,
2026-01-07 10:08:28+05:30,NIFTY2621026400CE,26400.0,2026-02-10,412.9,
2026-01-07 10:08:29+05:30,NIFTY2621026400CE,26400.0,2026-02-10,412.9,
2026-01-07 10:08:30+05:30,NIFTY2621026400CE,26400.0,2026-02-10,412.9,
2026-01-07 10:08:31+05:30,NIFTY2621026400CE,26400.0,2026-02-10,412.9,
2026-01-07 10:08:32+05:30,NIFTY2621026400CE,26400.0,2026-02-10,412.9,
2026-01-07 10:08:33+05:30,NIFTY2621026400CE,26400.0,2026-02-10,412.9,
2026-01-07 10:08:34+05:30,NIFTY2621026400CE,26400.0,2026-02-10,412.9,
2026-01-07 10:08:35+05:30,NIFTY2621026400CE,26400.0,2026-02-10,412.9,
2026-01-07 10:08:36+05:30,NIFTY2621026400CE,26400.0,2026-02-10,412.9,
2026-01-07 10:08:37+05:30,NIFTY2621026400CE,26400.0,2026-02-10,412.9,
2026-01-07 10:08:38+05:30,NIFTY2621026400CE,26400.0,2026-02-10,412.9,
2026-01-07 10:08:39+05:30,NIFTY2621026400CE,26400.0,2026-02-10,412.9,
2026-01-07 10:08:40+05:30,NIFTY2621026400CE,26400.0,2026-02-10,412.9,
2026-01-07 10:08:41+05:30,NIFTY2621026400CE,26400.0,2026-02-10,412.9,
2026-01-07 10:08:42+05:30,NIFTY2621026400CE,26400.0,2026-02-10,412.9,
2026-01-07 10:08:43+05:30,NIFTY2621026400CE,26400.0,2026-02-10,412.9,
2026-01-07 10:08:44+05:30,NIFTY2621026400CE,26400.0,2026-02-10,412.9,
2026-01-07 10:08:45+05:30,NIFTY2621026400CE,26400.0,2026-02-10,412.9,
2026-01-07 10:08:46+05:30,NIFTY2621026400CE,26400.0,2026-02-10,412.9,
2026-01-07 10:08:47+05:30,NIFTY2621026400CE,26400.0,2026-02-10,412.9,
2026-01-07 10:08:48+05:30,NIFTY2621026400CE,26400.0,2026-02-10,412.9,
2026-01-07 10:08:49+05:30,NIFTY2621026400CE,26400.0,2026-02-10,412.9,
2026-01-07 10:08:50+05:30,NIFTY2621026400CE,26400.0,2026-02-10,412.9,
2026-01-07 10:08:51+05:30,NIFTY2621026400CE,26400.0,2026-02-10,412.9,
2026-01-07 10:08:52+05:30,NIFTY2621026400CE,26400.0,2026-02-10,412.9,
2026-01-07 10:08:53+05:30,NIFTY2621026400CE,26400.0,2026-02-10,412.9,
2026-01-07 10:08:54+05:30,NIFTY2621026400CE,26400.0,2026-02-10,412.9,
2026-01-07 10:08:55+05:30,NIFTY2621026400CE,26400.0,2026-02-10,412.9,
2026-01-07 10:08:56+05:30,NIFTY2621026400CE,26400.0,2026-02-10,412.9,
2026-01-07 10:08:57+05:30,NIFTY2621026400CE,26400.0,2026-02-10,412.9,
2026-01-07 10:08:58+05:30,NIFTY2621026400CE,26400.0,2026-02-10,412.9,
2026-01-07 10:08:59+05:30,NIFTY2621026400CE,26400.0,2026-02-10,412.9,
2026-01-07 10:09:00+05:30,NIFTY2621026400CE,26400.0,2026-02-10,412.9,
2026-01-07 10:09:01+05:30,NIFTY2621026400CE,26400.0,2026-02-10,412.9,
2026-01-07 10:09:02+05:30,NIFTY2621026400CE,26400.0,2026-02-10,412.9,
2026-01-07 10:09:03+05:30,NIFTY2621026400CE,26400.0,2026-02-10,412.9,
2026-01-07 10:09:04+05:30,NIFTY2621026400CE,26400.0,2026-02-10,412.9,
2026-01-07 10:09:05+05:30,NIFTY2621026400CE,26400.0,2026-02-10,412.9,
2026-01-07 10:09:06+05:30,NIFTY2621026400CE,26400.0,2026-02-10,412.9,
2026-01-07 10:09:07+05:30,NIFTY2621026400CE,26400.0,2026-02-10,412.9,
2026-01-07 10:09:08+05:30,NIFTY2621026400CE,26400.0,2026-02-10,412.9,
2026-01-07 10:09:09+05:30,NIFTY2621026400CE,26400.0,2026-02-10,412.9,
2026-01-07 10:09:10+05:30,NIFTY2621026400CE,26400.0,2026-02-10,412.9,
2026-01-07 10:09:11+05:30,NIFTY2621026400CE,26400.0,2026-02-10,412.9,
2026-01-07 10:09:12+05:30,NIFTY2621026400CE,26400.0,2026-02-10,412.9,
2026-01-07 10:09:13+05:30,NIFTY2621026400CE,26400.0,2026-02-10,412.9,
2026-01-07 10:09:14+05:30,NIFTY2621026400CE,26400.0,2026-02-10,412.9,
2026-01-07 10:09:15+05:30,NIFTY2621026400CE,26400.0,2026-02-10,412.9,
2026-01-07 10:09:16+05:30,NIFTY2621026400CE,26400.0,2026-02-10,412.9,
2026-01-07 10:09:17+05:30,NIFTY2621026400CE,26400.0,2026-02-10,412.9,
2026-01-07 10:09:18+05:30,NIFTY2621026400CE,26400.0,2026-02-10,412.9,
2026-01-07 10:09:19+05:30,NIFTY2621026400CE,26400.0,2026-02-10,412.9,
2026-01-07 10:09:20+05:30,NIFTY2621026400CE,26400.0,2026-02-10,412.9,
2026-01-07 10:09:21+05:30,NIFTY2621026400CE,26400.0,2026-02-10,412.9,
2026-01-07 10:09:22+05:30,NIFTY2621026400CE,26400.0,2026-02-10,412.9,
2026-01-07 10:09:23+05:30,NIFTY2621026400CE,26400.0,2026-02-10,412.9,
2026-01-07 10:09:24+05:30,NIFTY2621026400CE,26400.0,2026-02-10,412.9,
2026-01-07 10:09:25+05:30,NIFTY2621026400CE,26400.0,2026-02-10,412.9,
2026-01-07 10:09:26+05:30,NIFTY2621026400CE,26400.0,2026-02-10,412.9,
2026-01-07 10:09:27+05:30,NIFTY2621026400CE,26400.0,2026-02-10,412.9,
2026-01-07 10:09:28+05:30,NIFTY2621026400CE,26400.0,2026-02-10,412.9,
2026-01-07 10:09:29+05:30,NIFTY2621026400CE,26400.0,2026-02-10,412.9,
2026-01-07 10:09:30+05:30,NIFTY2621026400CE,26400.0,2026-02-10,412.9,
2026-01-07 10:09:31+05:30,NIFTY2621026400CE,26400.0,2026-02-10,412.9,
2026-01-07 10:09:32+05:30,NIFTY2621026400CE,26400.0,2026-02-10,412.9,
2026-01-07 10:09:33+05:30,NIFTY2621026400CE,26400.0,2026-02-10,412.9,
2026-01-07 10:09:34+05:30,NIFTY2621026400CE,26400.0,2026-02-10,412.9,
2026-01-07 10:09:35+05:30,NIFTY2621026400CE,26400.0,2026-02-10,412.9,
2026-01-07 10:09:36+05:30,NIFTY2621026400CE,26400.0,2026-02-10,412.9,
2026-01-07 10:09:37+05:30,NIFTY2621026400CE,26400.0,2026-02-10,412.9,
2026-01-07 10:09:38+05:30,NIFTY2621026400CE,26400.0,2026-02-10,412.9,
2026-01-07 10:09:39+05:30,NIFTY2621026400CE,26400.0,2026-02-10,412.9,
2026-01-07 10:09:40+05:30,NIFTY2621026400CE,26400.0,2026-02-10,412.9,
2026-01-07 10:09:41+05:30,NIFTY2621026400CE,26400.0,2026-02-10,412.9,
2026-01-07 10:09:42+05:30,NIFTY2621026400CE,26400.0,2026-02-10,412.9,
2026-01-07 10:09:43+05:30,NIFTY2621026400CE,26400.0,2026-02-10,412.9,
2026-01-07 10:09:44+05:30,NIFTY2621026400CE,26400.0,2026-02-10,412.9,
2026-01-07 10:09:45+05:30,NIFTY2621026400CE,26400.0,2026-02-10,412.9,
2026-01-07 10:09:46+05:30,NIFTY2621026400CE,26400.0,2026-02-10,412.9,
2026-01-07 10:09:47+05:30,NIFTY2621026400CE,26400.0,2026-02-10,412.9,
2026-01-07 10:09:48+05:30,NIFTY2621026400CE,26400.0,2026-02-10,412.9,
2026-01-07 10:09:49+05:30,NIFTY2621026400CE,26400.0,2026-02-10,412.9,
2026-01-07 10:09:50+05:30,NIFTY2621026400CE,26400.0,2026-02-10,412.9,
2026-01-07 10:09:51+05:30,NIFTY2621026400CE,26400.0,2026-02-10,412.9,
2026-01-07 10:09:52+05:30,NIFTY2621026400CE,26400.0,2026-02-10,412.9,
2026-01-07 10:09:53+05:30,NIFTY2621026400CE,26400.0,2026-02-10,412.9,
2026-01-07 10:09:54+05:30,NIFTY2621026400CE,26400.0,2026-02-10,412.9,
2026-01-07 10:09:55+05:30,NIFTY2621026400CE,26400.0,2026-02-10,412.9,
2026-01-07 10:09:56+05:30,NIFTY2621026400CE,26400.0,2026-02-10,412.9,
2026-01-07 10:09:57+05:30,NIFTY2621026400CE,26400.0,2026-02-10,412.9,
2026-01-07 10:09:58+05:30,NIFTY2621026400CE,26400.0,2026-02-10,412.9,
2026-01-07 10:09:59+05:30,NIFTY2621026400CE,26400.0,2026-02-10,412.9,
2026-01-07 10:10:00+05:30,NIFTY2621026400CE,26400.0,2026-02-10,412.9,
2026-01-07 10:10:01+05:30,NIFTY2621026400CE,26400.0,2026-02-10,412.9,
2026-01-07 10:10:02+05:30,NIFTY2621026400CE,26400.0,2026-02-10,412.9,
2026-01-07 10:10:03+05:30,NIFTY2621026400CE,26400.0,2026-02-10,412.9,
2026-01-07 10:10:04+05:30,NIFTY2621026400CE,26400.0,2026-02-10,412.9,
2026-01-07 10:10:05+05:30,NIFTY2621026400CE,26400.0,2026-02-10,412.9,
2026-01-07 10:10:06+05:30,NIFTY2621026400CE,26400.0,2026-02-10,412.9,
2026-01-07 10:10:07+05:30,NIFTY2621026400CE,26400.0,2026-02-10,412.9,
2026-01-07 10:10:08+05:30,NIFTY2621026400CE,26400.0,2026-02-10,412.9,
2026-01-07 10:10:09+05:30,NIFTY2621026400CE,26400.0,2026-02-10,412.9,
2026-01-07 10:10:10+05:30,NIFTY2621026400CE,26400.0,2026-02-10,412.9,
2026-01-07 10:10:11+05:30,NIFTY2621026400CE,26400.0,2026-02-10,412.9,
2026-01-07 10:10:12+05:30,NIFTY2621026400CE,26400.0,2026-02-10,412.9,
2026-01-07 10:10:13+05:30,NIFTY2621026400CE,26400.0,2026-02-10,412.9,
2026-01-07 10:10:14+05:30,NIFTY2621026400CE,26400.0,2026-02-10,412.9,
2026-01-07 10:10:15+05:30,NIFTY2621026400CE,26400.0,2026-02-10,412.9,
2026-01-07 10:10:16+05:30,NIFTY2621026400CE,26400.0,2026-02-10,412.9,
2026-01-07 10:10:17+05:30,NIFTY2621026400CE,26400.0,2026-02-10,412.9,
2026-01-07 10:10:18+05:30,NIFTY2621026400CE,26400.0,2026-02-10,412.9,
2026-01-07 10:10:19+05:30,NIFTY2621026400CE,26400.0,2026-02-10,412.9,
2026-01-07 10:10:20+05:30,NIFTY2621026400CE,26400.0,2026-02-10,412.9,
2026-01-07 10:10:21+05:30,NIFTY2621026400CE,26400.0,2026-02-10,412.9,
2026-01-07 10:10:22+05:30,NIFTY2621026400CE,26400.0,2026-02-10,412.9,
2026-01-07 10:10:23+05:30,NIFTY2621026400CE,26400.0,2026-02-10,412.9,
2026-01-07 10:10:24+05:30,NIFTY2621026400CE,26400.0,2026-02-10,412.9,
2026-01-07 10:10:25+05:30,NIFTY2621026400CE,26400.0,2026-02-10,412.9,
2026-01-07 10:10:26+05:30,NIFTY2621026400CE,26400.0,2026-02-10,412.9,
2026-01-07 10:10:27+05:30,NIFTY2621026400CE,26400.0,2026-02-10,412.9,
2026-01-07 10:10:28+05:30,NIFTY2621026400CE,26400.0,2026-02-10,412.9,
2026-01-07 10:10:29+05:30,NIFTY2621026400CE,26400.0,2026-02-10,412.9,
2026-01-07 10:10:30+05:30,NIFTY2621026400CE,26400.0,2026-02-10,412.9,
2026-01-07 10:10:31+05:30,NIFTY2621026400CE,26400.0,2026-02-10,412.9,
2026-01-07 10:10:32+05:30,NIFTY2621026400CE,26400.0,2026-02-10,412.9,
2026-01-07 10:10:33+05:30,NIFTY2621026400CE,26400.0,2026-02-10,412.9,
2026-01-07 10:10:34+05:30,NIFTY2621026400CE,26400.0,2026-02-10,412.9,
2026-01-07 10:10:35+05:30,NIFTY2621026400CE,26400.0,2026-02-10,412.9,
2026-01-07 10:10:36+05:30,NIFTY2621026400CE,26400.0,2026-02-10,412.9,
2026-01-07 10:10:37+05:30,NIFTY2621026400CE,26400.0,2026-02-10,412.9,
2026-01-07 10:10:38+05:30,NIFTY2621026400CE,26400.0,2026-02-10,412.9,
2026-01-07 10:10:39+05:30,NIFTY2621026400CE,26400.0,2026-02-10,412.9,
2026-01-07 10:10:40+05:30,NIFTY2621026400CE,26400.0,2026-02-10,412.9,
2026-01-07 10:10:41+05:30,NIFTY2621026400CE,26400.0,2026-02-10,412.9,
2026-01-07 10:10:42+05:30,NIFTY2621026400CE,26400.0,2026-02-10,412.9,
2026-01-07 10:10:43+05:30,NIFTY2621026400CE,26400.0,2026-02-10,412.9,
2026-01-07 10:10:44+05:30,NIFTY2621026400CE,26400.0,2026-02-10,412.9,
2026-01-07 10:10:45+05:30,NIFTY2621026400CE,26400.0,2026-02-10,412.9,
2026-01-07 10:10:46+05:30,NIFTY2621026400CE,26400.0,2026-02-10,412.9,
2026-01-07 10:10:47+05:30,NIFTY2621026400CE,26400.0,2026-02-10,412.9,
2026-01-07 10:10:48+05:30,NIFTY2621026400CE,26400.0,2026-02-10,412.9,
2026-01-07 10:10:49+05:30,NIFTY2621026400CE,26400.0,2026-02-10,412.9,
2026-01-07 10:10:50+05:30,NIFTY2621026400CE,26400.0,2026-02-10,412.9,
2026-01-07 10:10:51+05:30,NIFTY2621026400CE,26400.0,2026-02-10,412.9,
2026-01-07 10:10:52+05:30,NIFTY2621026400CE,26400.0,2026-02-10,412.9,
2026-01-07 10:10:53+05:30,NIFTY2621026400CE,26400.0,2026-02-10,412.9,
2026-01-07 10:10:54+05:30,NIFTY2621026400CE,26400.0,2026-02-10,412.9,
2026-01-07 10:10:55+05:30,NIFTY2621026400CE,26400.0,2026-02-10,412.9,
2026-01-07 10:10:56+05:30,NIFTY2621026400CE,26400.0,2026-02-10,412.9,
2026-01-07 10:10:57+05:30,NIFTY2621026400CE,26400.0,2026-02-10,412.9,
2026-01-07 10:10:58+05:30,NIFTY2621026400CE,26400.0,2026-02-10,412.9,
2026-01-07 10:10:59+05:30,NIFTY2621026400CE,26400.0,2026-02-10,412.9,
2026-01-07 10:11:00+05:30,NIFTY2621026400CE,26400.0,2026-02-10,412.9,
2026-01-07 10:11:01+05:30,NIFTY2621026400CE,26400.0,2026-02-10,412.9,
2026-01-07 10:11:02+05:30,NIFTY2621026400CE,26400.0,2026-02-10,412.9,
2026-01-07 10:11:03+05:30,NIFTY2621026400CE,26400.0,2026-02-10,412.9,
2026-01-07 10:11:04+05:30,NIFTY2621026400CE,26400.0,2026-02-10,412.9,
2026-01-07 10:11:05+05:30,NIFTY2621026400CE,26400.0,2026-02-10,412.9,
2026-01-07 10:11:06+05:30,NIFTY2621026400CE,26400.0,2026-02-10,412.9,
2026-01-07 10:11:07+05:30,NIFTY2621026400CE,26400.0,2026-02-10,412.9,
2026-01-07 10:11:08+05:30,NIFTY2621026400CE,26400.0,2026-02-10,412.9,
2026-01-07 10:11:09+05:30,NIFTY2621026400CE,26400.0,2026-02-10,412.9,
2026-01-07 10:11:10+05:30,NIFTY2621026400CE,26400.0,2026-02-10,412.9,
2026-01-07 10:11:11+05:30,NIFTY2621026400CE,26400.0,2026-02-10,412.9,
2026-01-07 10:11:12+05:30,NIFTY2621026400CE,26400.0,2026-02-10,412.9,
2026-01-07 10:11:13+05:30,NIFTY2621026400CE,26400.0,2026-02-10,412.9,
2026-01-07 10:11:14+05:30,NIFTY2621026400CE,26400.0,2026-02-10,412.9,
2026-01-07 10:11:15+05:30,NIFTY2621026400CE,26400.0,2026-02-10,412.9,
2026-01-07 10:11:16+05:30,NIFTY2621026400CE,26400.0,2026-02-10,412.9,
2026-01-07 10:11:17+05:30,NIFTY2621026400CE,26400.0,2026-02-10,412.9,
2026-01-07 10:11:18+05:30,NIFTY2621026400CE,26400.0,2026-02-10,412.9,
2026-01-07 10:11:19+05:30,NIFTY2621026400CE,26400.0,2026-02-10,412.9,
2026-01-07 10:11:20+05:30,NIFTY2621026400CE,26400.0,2026-02-10,412.9,
2026-01-07 10:11:21+05:30,NIFTY2621026400CE,26400.0,2026-02-10,412.9,
2026-01-07 10:11:22+05:30,NIFTY2621026400CE,26400.0,2026-02-10,412.9,
2026-01-07 10:11:23+05:30,NIFTY2621026400CE,26400.0,2026-02-10,412.9,
2026-01-07 10:11:24+05:30,NIFTY2621026400CE,26400.0,2026-02-10,412.9,
2026-01-07 10:11:25+05:30,NIFTY2621026400CE,26400.0,2026-02-10,412.9,
2026-01-07 10:11:26+05:30,NIFTY2621026400CE,26400.0,2026-02-10,412.9,
2026-01-07 10:11:27+05:30,NIFTY2621026400CE,26400.0,2026-02-10,412.9,
2026-01-07 10:11:28+05:30,NIFTY2621026400CE,26400.0,2026-02-10,412.9,
2026-01-07 10:11:29+05:30,NIFTY2621026400CE,26400.0,2026-02-10,412.9,
2026-01-07 10:11:30+05:30,NIFTY2621026400CE,26400.0,2026-02-10,412.9,
2026-01-07 10:11:31+05:30,NIFTY2621026400CE,26400.0,2026-02-10,412.9,
2026-01-07 10:11:32+05:30,NIFTY2621026400CE,26400.0,2026-02-10,412.9,
2026-01-07 10:11:33+05:30,NIFTY2621026400CE,26400.0,2026-02-10,412.9,
2026-01-07 10:11:34+05:30,NIFTY2621026400CE,26400.0,2026-02-10,412.9,
2026-01-07 10:11:35+05:30,NIFTY2621026400CE,26400.0,2026-02-10,412.9,
2026-01-07 10:11:36+05:30,NIFTY2621026400CE,26400.0,2026-02-10,412.9,
2026-01-07 10:11:37+05:30,NIFTY2621026400CE,26400.0,2026-02-10,412.9,
2026-01-07 10:11:38+05:30,NIFTY2621026400CE,26400.0,2026-02-10,412.9,
2026-01-07 10:11:39+05:30,NIFTY2621026400CE,26400.0,2026-02-10,412.9,
2026-01-07 10:11:40+05:30,NIFTY2621026400CE,26400.0,2026-02-10,412.9,
2026-01-07 10:11:41+05:30,NIFTY2621026400CE,26400.0,2026-02-10,412.9,
2026-01-07 10:11:42+05:30,NIFTY2621026400CE,26400.0,2026-02-10,412.9,
2026-01-07 10:11:43+05:30,NIFTY2621026400CE,26400.0,2026-02-10,412.9,
2026-01-07 10:11:44+05:30,NIFTY2621026400CE,26400.0,2026-02-10,412.9,
2026-01-07 10:11:45+05:30,NIFTY2621026400CE,26400.0,2026-02-10,412.9,
2026-01-07 10:11:46+05:30,NIFTY2621026400CE,26400.0,2026-02-10,412.9,
2026-01-07 10:11:47+05:30,NIFTY2621026400CE,26400.0,2026-02-10,412.9,
2026-01-07 10:11:48+05:30,NIFTY2621026400CE,26400.0,2026-02-10,412.9,
2026-01-07 10:11:49+05:30,NIFTY2621026400CE,26400.0,2026-02-10,412.9,
2026-01-07 10:11:50+05:30,NIFTY2621026400CE,26400.0,2026-02-10,412.9,
2026-01-07 10:11:51+05:30,NIFTY2621026400CE,26400.0,2026-02-10,412.9,
2026-01-07 10:11:52+05:30,NIFTY2621026400CE,26400.0,2026-02-10,412.9,
2026-01-07 10:11:53+05:30,NIFTY2621026400CE,26400.0,2026-02-10,412.9,
2026-01-07 10:11:54+05:30,NIFTY2621026400CE,26400.0,2026-02-10,412.9,
2026-01-07 10:11:55+05:30,NIFTY2621026400CE,26400.0,2026-02-10,412.9,
2026-01-07 10:11:56+05:30,NIFTY2621026400CE,26400.0,2026-02-10,412.9,
2026-01-07 10:11:57+05:30,NIFTY2621026400CE,26400.0,2026-02-10,412.9,
2026-01-07 10:11:58+05:30,NIFTY2621026400CE,26400.0,2026-02-10,412.9,
2026-01-07 10:11:59+05:30,NIFTY2621026400CE,26400.0,2026-02-10,412.9,
2026-01-07 10:12:00+05:30,NIFTY2621026400CE,26400.0,2026-02-10,412.9,
2026-01-07 10:12:01+05:30,NIFTY2621026400CE,26400.0,2026-02-10,412.9,
2026-01-07 10:12:02+05:30,NIFTY2621026400CE,26400.0,2026-02-10,412.9,
2026-01-07 10:12:03+05:30,NIFTY2621026400CE,26400.0,2026-02-10,412.9,
2026-01-07 10:12:04+05:30,NIFTY2621026400CE,26400.0,2026-02-10,412.9,
2026-01-07 10:12:05+05:30,NIFTY2621026400CE,26400.0,2026-02-10,412.9,
2026-01-07 10:12:06+05:30,NIFTY2621026400CE,26400.0,2026-02-10,412.9,
2026-01-07 10:12:07+05:30,NIFTY2621026400CE,26400.0,2026-02-10,412.9,
2026-01-07 10:12:08+05:30,NIFTY2621026400CE,26400.0,2026-02-10,412.9,
2026-01-07 10:12:09+05:30,NIFTY2621026400CE,26400.0,2026-02-10,412.9,
2026-01-07 10:12:10+05:30,NIFTY2621026400CE,26400.0,2026-02-10,412.9,
2026-01-07 10:12:11+05:30,NIFTY2621026400CE,26400.0,2026-02-10,412.9,
2026-01-07 10:12:12+05:30,NIFTY2621026400CE,26400.0,2026-02-10,412.9,
2026-01-07 10:12:13+05:30,NIFTY2621026400CE,26400.0,2026-02-10,412.9,
2026-01-07 10:12:14+05:30,NIFTY2621026400CE,26400.0,2026-02-10,412.9,
2026-01-07 10:12:15+05:30,NIFTY2621026400CE,26400.0,2026-02-10,412.9,
2026-01-07 10:12:16+05:30,NIFTY2621026400CE,26400.0,2026-02-10,412.9,
2026-01-07 10:12:17+05:30,NIFTY2621026400CE,26400.0,2026-02-10,412.9,
2026-01-07 10:12:18+05:30,NIFTY2621026400CE,26400.0,2026-02-10,412.9,
2026-01-07 10:12:19+05:30,NIFTY2621026400CE,26400.0,2026-02-10,412.9,
2026-01-07 10:12:20+05:30,NIFTY2621026400CE,26400.0,2026-02-10,412.9,
2026-01-07 10:12:21+05:30,NIFTY2621026400CE,26400.0,2026-02-10,412.9,
2026-01-07 10:12:22+05:30,NIFTY2621026400CE,26400.0,2026-02-10,412.9,
2026-01-07 10:12:23+05:30,NIFTY2621026400CE,26400.0,2026-02-10,412.9,
2026-01-07 10:12:24+05:30,NIFTY2621026400CE,26400.0,2026-02-10,412.9,
2026-01-07 10:12:25+05:30,NIFTY2621026400CE,26400.0,2026-02-10,412.9,
2026-01-07 10:12:26+05:30,NIFTY2621026400CE,26400.0,2026-02-10,412.9,
2026-01-07 10:12:27+05:30,NIFTY2621026400CE,26400.0,2026-02-10,412.9,
2026-01-07 10:12:28+05:30,NIFTY2621026400CE,26400.0,2026-02-10,412.9,
2026-01-07 10:12:29+05:30,NIFTY2621026400CE,26400.0,2026-02-10,412.9,
2026-01-07 10:12:30+05:30,NIFTY2621026400CE,26400.0,2026-02-10,412.9,
2026-01-07 10:12:31+05:30,NIFTY2621026400CE,26400.0,2026-02-10,412.9,
2026-01-07 10:12:32+05:30,NIFTY2621026400CE,26400.0,2026-02-10,412.9,
2026-01-07 10:12:33+05:30,NIFTY2621026400CE,26400.0,2026-02-10,412.9,
2026-01-07 10:12:34+05:30,NIFTY2621026400CE,26400.0,2026-02-10,412.9,
2026-01-07 10:12:35+05:30,NIFTY2621026400CE,26400.0,2026-02-10,412.9,
2026-01-07 10:12:36+05:30,NIFTY2621026400CE,26400.0,2026-02-10,412.9,
2026-01-07 10:12:37+05:30,NIFTY2621026400CE,26400.0,2026-02-10,412.9,
2026-01-07 10:12:38+05:30,NIFTY2621026400CE,26400.0,2026-02-10,412.9,
2026-01-07 10:12:39+05:30,NIFTY2621026400CE,26400.0,2026-02-10,412.9,
2026-01-07 10:12:40+05:30,NIFTY2621026400CE,26400.0,2026-02-10,412.9,
2026-01-07 10:12:41+05:30,NIFTY2621026400CE,26400.0,2026-02-10,412.9,
2026-01-07 10:12:42+05:30,NIFTY2621026400CE,26400.0,2026-02-10,412.9,
2026-01-07 10:12:43+05:30,NIFTY2621026400CE,26400.0,2026-02-10,412.9,
2026-01-07 10:12:44+05:30,NIFTY2621026400CE,26400.0,2026-02-10,412.9,
2026-01-07 10:12:45+05:30,NIFTY2621026400CE,26400.0,2026-02-10,412.9,
2026-01-07 10:12:46+05:30,NIFTY2621026400CE,26400.0,2026-02-10,412.9,
2026-01-07 10:12:47+05:30,NIFTY2621026400CE,26400.0,2026-02-10,412.9,
2026-01-07 10:12:48+05:30,NIFTY2621026400CE,26400.0,2026-02-10,412.9,
2026-01-07 10:12:49+05:30,NIFTY2621026400CE,26400.0,2026-02-10,412.9,
2026-01-07 10:12:50+05:30,NIFTY2621026400CE,26400.0,2026-02-10,412.9,
2026-01-07 10:12:51+05:30,NIFTY2621026400CE,26400.0,2026-02-10,412.9,
2026-01-07 10:12:52+05:30,NIFTY2621026400CE,26400.0,2026-02-10,412.9,
2026-01-07 10:12:53+05:30,NIFTY2621026400CE,26400.0,2026-02-10,412.9,
2026-01-07 10:12:54+05:30,NIFTY2621026400CE,26400.0,2026-02-10,412.9,
2026-01-07 10:12:55+05:30,NIFTY2621026400CE,26400.0,2026-02-10,412.9,
2026-01-07 10:12:56+05:30,NIFTY2621026400CE,26400.0,2026-02-10,412.9,
2026-01-07 10:12:57+05:30,NIFTY2621026400CE,26400.0,2026-02-10,412.9,
2026-01-07 10:12:58+05:30,NIFTY2621026400CE,26400.0,2026-02-10,412.9,
2026-01-07 10:12:59+05:30,NIFTY2621026400CE,26400.0,2026-02-10,412.9,
2026-01-07 10:13:00+05:30,NIFTY2621026400CE,26400.0,2026-02-10,412.9,
2026-01-07 10:13:01+05:30,NIFTY2621026400CE,26400.0,2026-02-10,412.9,
2026-01-07 10:13:02+05:30,NIFTY2621026400CE,26400.0,2026-02-10,412.9,
2026-01-07 10:13:03+05:30,NIFTY2621026400CE,26400.0,2026-02-10,412.9,
2026-01-07 10:13:04+05:30,NIFTY2621026400CE,26400.0,2026-02-10,412.9,
2026-01-07 10:13:05+05:30,NIFTY2621026400CE,26400.0,2026-02-10,412.9,
2026-01-07 10:13:06+05:30,NIFTY2621026400CE,26400.0,2026-02-10,412.9,
2026-01-07 10:13:07+05:30,NIFTY2621026400CE,26400.0,2026-02-10,412.9,
2026-01-07 10:13:08+05:30,NIFTY2621026400CE,26400.0,2026-02-10,412.9,
2026-01-07 10:13:09+05:30,NIFTY2621026400CE,26400.0,2026-02-10,412.9,
2026-01-07 10:13:10+05:30,NIFTY2621026400CE,26400.0,2026-02-10,412.9,
2026-01-07 10:13:11+05:30,NIFTY2621026400CE,26400.0,2026-02-10,412.9,
2026-01-07 10:13:12+05:30,NIFTY2621026400CE,26400.0,2026-02-10,412.9,
2026-01-07 10:13:13+05:30,NIFTY2621026400CE,26400.0,2026-02-10,412.9,
2026-01-07 10:13:14+05:30,NIFTY2621026400CE,26400.0,2026-02-10,412.9,
2026-01-07 10:13:15+05:30,NIFTY2621026400CE,26400.0,2026-02-10,412.9,
2026-01-07 10:13:16+05:30,NIFTY2621026400CE,26400.0,2026-02-10,412.9,
2026-01-07 10:13:17+05:30,NIFTY2621026400CE,26400.0,2026-02-10,412.9,
2026-01-07 10:13:18+05:30,NIFTY2621026400CE,26400.0,2026-02-10,412.9,
2026-01-07 10:13:19+05:30,NIFTY2621026400CE,26400.0,2026-02-10,412.9,
2026-01-07 10:13:20+05:30,NIFTY2621026400CE,26400.0,2026-02-10,412.9,
2026-01-07 10:13:21+05:30,NIFTY2621026400CE,26400.0,2026-02-10,412.9,
2026-01-07 10:13:22+05:30,NIFTY2621026400CE,26400.0,2026-02-10,412.9,
2026-01-07 10:13:23+05:30,NIFTY2621026400CE,26400.0,2026-02-10,412.9,
2026-01-07 10:13:24+05:30,NIFTY2621026400CE,26400.0,2026-02-10,412.9,
2026-01-07 10:13:25+05:30,NIFTY2621026400CE,26400.0,2026-02-10,412.9,
2026-01-07 10:13:26+05:30,NIFTY2621026400CE,26400.0,2026-02-10,412.9,
2026-01-07 10:13:27+05:30,NIFTY2621026400CE,26400.0,2026-02-10,412.9,
2026-01-07 10:13:28+05:30,NIFTY2621026400CE,26400.0,2026-02-10,412.9,
2026-01-07 10:13:29+05:30,NIFTY2621026400CE,26400.0,2026-02-10,412.9,
2026-01-07 10:13:30+05:30,NIFTY2621026400CE,26400.0,2026-02-10,412.9,
2026-01-07 10:13:31+05:30,NIFTY2621026400CE,26400.0,2026-02-10,412.9,
2026-01-07 10:13:32+05:30,NIFTY2621026400CE,26400.0,2026-02-10,412.9,
2026-01-07 10:13:33+05:30,NIFTY2621026400CE,26400.0,2026-02-10,412.9,
2026-01-07 10:13:34+05:30,NIFTY2621026400CE,26400.0,2026-02-10,412.9,
2026-01-07 10:13:35+05:30,NIFTY2621026400CE,26400.0,2026-02-10,412.9,
2026-01-07 10:13:36+05:30,NIFTY2621026400CE,26400.0,2026-02-10,412.9,
2026-01-07 10:13:37+05:30,NIFTY2621026400CE,26400.0,2026-02-10,412.9,
2026-01-07 10:13:38+05:30,NIFTY2621026400CE,26400.0,2026-02-10,412.9,
2026-01-07 10:13:39+05:30,NIFTY2621026400CE,26400.0,2026-02-10,412.9,
2026-01-07 10:13:40+05:30,NIFTY2621026400CE,26400.0,2026-02-10,412.9,
2026-01-07 10:13:41+05:30,NIFTY2621026400CE,26400.0,2026-02-10,412.9,
2026-01-07 10:13:42+05:30,NIFTY2621026400CE,26400.0,2026-02-10,412.9,
2026-01-07 10:13:43+05:30,NIFTY2621026400CE,26400.0,2026-02-10,412.9,
2026-01-07 10:13:44+05:30,NIFTY2621026400CE,26400.0,2026-02-10,412.9,
2026-01-07 10:13:45+05:30,NIFTY2621026400CE,26400.0,2026-02-10,412.9,
2026-01-07 10:13:46+05:30,NIFTY2621026400CE,26400.0,2026-02-10,412.9,
2026-01-07 10:13:47+05:30,NIFTY2621026400CE,26400.0,2026-02-10,412.9,
2026-01-07 10:13:48+05:30,NIFTY2621026400CE,26400.0,2026-02-10,412.9,
2026-01-07 10:13:49+05:30,NIFTY2621026400CE,26400.0,2026-02-10,412.9,
2026-01-07 10:13:50+05:30,NIFTY2621026400CE,26400.0,2026-02-10,412.9,
2026-01-07 10:13:51+05:30,NIFTY2621026400CE,26400.0,2026-02-10,412.9,
2026-01-07 10:13:52+05:30,NIFTY2621026400CE,26400.0,2026-02-10,412.9,
2026-01-07 10:13:53+05:30,NIFTY2621026400CE,26400.0,2026-02-10,412.9,
2026-01-07 10:13:54+05:30,NIFTY2621026400CE,26400.0,2026-02-10,412.9,
2026-01-07 10:13:55+05:30,NIFTY2621026400CE,26400.0,2026-02-10,412.9,
2026-01-07 10:13:56+05:30,NIFTY2621026400CE,26400.0,2026-02-10,412.9,
2026-01-07 10:13:57+05:30,NIFTY2621026400CE,26400.0,2026-02-10,412.9,
2026-01-07 10:13:58+05:30,NIFTY2621026400CE,26400.0,2026-02-10,412.9,
2026-01-07 10:13:59+05:30,NIFTY2621026400CE,26400.0,2026-02-10,412.9,
2026-01-07 10:14:00+05:30,NIFTY2621026400CE,26400.0,2026-02-10,412.9,
2026-01-07 10:14:01+05:30,NIFTY2621026400CE,26400.0,2026-02-10,412.9,
2026-01-07 10:14:02+05:30,NIFTY2621026400CE,26400.0,2026-02-10,412.9,
2026-01-07 10:14:03+05:30,NIFTY2621026400CE,26400.0,2026-02-10,412.9,
2026-01-07 10:14:04+05:30,NIFTY2621026400CE,26400.0,2026-02-10,412.9,
2026-01-07 10:14:05+05:30,NIFTY2621026400CE,26400.0,2026-02-10,412.9,
2026-01-07 10:14:06+05:30,NIFTY2621026400CE,26400.0,2026-02-10,412.9,
2026-01-07 10:14:07+05:30,NIFTY2621026400CE,26400.0,2026-02-10,412.9,
2026-01-07 10:14:08+05:30,NIFTY2621026400CE,26400.0,2026-02-10,412.9,
2026-01-07 10:14:09+05:30,NIFTY2621026400CE,26400.0,2026-02-10,412.9,
2026-01-07 10:14:10+05:30,NIFTY2621026400CE,26400.0,2026-02-10,412.9,
2026-01-07 10:14:11+05:30,NIFTY2621026400CE,26400.0,2026-02-10,412.9,
2026-01-07 10:14:12+05:30,NIFTY2621026400CE,26400.0,2026-02-10,412.9,
2026-01-07 10:14:13+05:30,NIFTY2621026400CE,26400.0,2026-02-10,412.9,
2026-01-07 10:14:14+05:30,NIFTY2621026400CE,26400.0,2026-02-10,412.9,
2026-01-07 10:14:15+05:30,NIFTY2621026400CE,26400.0,2026-02-10,412.9,
2026-01-07 10:14:16+05:30,NIFTY2621026400CE,26400.0,2026-02-10,412.9,
2026-01-07 10:14:17+05:30,NIFTY2621026400CE,26400.0,2026-02-10,412.9,
2026-01-07 10:14:18+05:30,NIFTY2621026400CE,26400.0,2026-02-10,412.9,
2026-01-07 10:14:19+05:30,NIFTY2621026400CE,26400.0,2026-02-10,412.9,
2026-01-07 10:14:20+05:30,NIFTY2621026400CE,26400.0,2026-02-10,412.9,
2026-01-07 10:14:21+05:30,NIFTY2621026400CE,26400.0,2026-02-10,412.9,
2026-01-07 10:14:22+05:30,NIFTY2621026400CE,26400.0,2026-02-10,412.9,
2026-01-07 10:14:23+05:30,NIFTY2621026400CE,26400.0,2026-02-10,412.9,
2026-01-07 10:14:24+05:30,NIFTY2621026400CE,26400.0,2026-02-10,412.9,
2026-01-07 10:14:25+05:30,NIFTY2621026400CE,26400.0,2026-02-10,412.9,
2026-01-07 10:14:26+05:30,NIFTY2621026400CE,26400.0,2026-02-10,412.9,
2026-01-07 10:14:27+05:30,NIFTY2621026400CE,26400.0,2026-02-10,412.9,
2026-01-07 10:14:28+05:30,NIFTY2621026400CE,26400.0,2026-02-10,412.9,
2026-01-07 10:14:29+05:30,NIFTY2621026400CE,26400.0,2026-02-10,412.9,
2026-01-07 10:14:30+05:30,NIFTY2621026400CE,26400.0,2026-02-10,412.9,
2026-01-07 10:14:31+05:30,NIFTY2621026400CE,26400.0,2026-02-10,412.9,
2026-01-07 10:14:32+05:30,NIFTY2621026400CE,26400.0,2026-02-10,412.9,
2026-01-07 10:14:33+05:30,NIFTY2621026400CE,26400.0,2026-02-10,412.9,
2026-01-07 10:14:34+05:30,NIFTY2621026400CE,26400.0,2026-02-10,412.9,
2026-01-07 10:14:35+05:30,NIFTY2621026400CE,26400.0,2026-02-10,412.9,
2026-01-07 10:14:36+05:30,NIFTY2621026400CE,26400.0,2026-02-10,412.9,
2026-01-07 10:14:37+05:30,NIFTY2621026400CE,26400.0,2026-02-10,412.9,
2026-01-07 10:14:38+05:30,NIFTY2621026400CE,26400.0,2026-02-10,412.9,
2026-01-07 10:14:39+05:30,NIFTY2621026400CE,26400.0,2026-02-10,412.9,
2026-01-07 10:14:40+05:30,NIFTY2621026400CE,26400.0,2026-02-10,412.9,
2026-01-07 10:14:41+05:30,NIFTY2621026400CE,26400.0,2026-02-10,412.9,
2026-01-07 10:14:42+05:30,NIFTY2621026400CE,26400.0,2026-02-10,412.9,
2026-01-07 10:14:43+05:30,NIFTY2621026400CE,26400.0,2026-02-10,412.9,
2026-01-07 10:14:44+05:30,NIFTY2621026400CE,26400.0,2026-02-10,412.9,
2026-01-07 10:14:45+05:30,NIFTY2621026400CE,26400.0,2026-02-10,412.9,
2026-01-07 10:14:46+05:30,NIFTY2621026400CE,26400.0,2026-02-10,412.9,
2026-01-07 10:14:47+05:30,NIFTY2621026400CE,26400.0,2026-02-10,412.9,
2026-01-07 10:14:48+05:30,NIFTY2621026400CE,26400.0,2026-02-10,412.9,
2026-01-07 10:14:49+05:30,NIFTY2621026400CE,26400.0,2026-02-10,412.9,
2026-01-07 10:14:50+05:30,NIFTY2621026400CE,26400.0,2026-02-10,412.9,
2026-01-07 10:14:51+05:30,NIFTY2621026400CE,26400.0,2026-02-10,412.9,
2026-01-07 10:14:52+05:30,NIFTY2621026400CE,26400.0,2026-02-10,412.9,
2026-01-07 10:14:53+05:30,NIFTY2621026400CE,26400.0,2026-02-10,412.9,
2026-01-07 10:14:54+05:30,NIFTY2621026400CE,26400.0,2026-02-10,412.9,
2026-01-07 10:14:55+05:30,NIFTY2621026400CE,26400.0,2026-02-10,412.9,
2026-01-07 10:14:56+05:30,NIFTY2621026400CE,26400.0,2026-02-10,412.9,
2026-01-07 10:14:57+05:30,NIFTY2621026400CE,26400.0,2026-02-10,412.9,
2026-01-07 10:14:58+05:30,NIFTY2621026400CE,26400.0,2026-02-10,412.9,
2026-01-07 10:14:59+05:30,NIFTY2621026400CE,26400.0,2026-02-10,412.9,
2026-01-07 10:15:00+05:30,NIFTY2621026400CE,26400.0,2026-02-10,412.9,
2026-01-07 10:15:01+05:30,NIFTY2621026400CE,26400.0,2026-02-10,412.9,
2026-01-07 10:15:02+05:30,NIFTY2621026400CE,26400.0,2026-02-10,412.9,
2026-01-07 10:15:03+05:30,NIFTY2621026400CE,26400.0,2026-02-10,412.9,
2026-01-07 10:15:04+05:30,NIFTY2621026400CE,26400.0,2026-02-10,412.9,
2026-01-07 10:15:05+05:30,NIFTY2621026400CE,26400.0,2026-02-10,412.9,
2026-01-07 10:15:06+05:30,NIFTY2621026400CE,26400.0,2026-02-10,412.9,
2026-01-07 10:15:07+05:30,NIFTY2621026400CE,26400.0,2026-02-10,412.9,
2026-01-07 10:15:08+05:30,NIFTY2621026400CE,26400.0,2026-02-10,412.9,
2026-01-07 10:15:09+05:30,NIFTY2621026400CE,26400.0,2026-02-10,412.9,
2026-01-07 10:15:10+05:30,NIFTY2621026400CE,26400.0,2026-02-10,412.9,
2026-01-07 10:15:11+05:30,NIFTY2621026400CE,26400.0,2026-02-10,412.9,
2026-01-07 10:15:12+05:30,NIFTY2621026400CE,26400.0,2026-02-10,412.9,
2026-01-07 10:15:13+05:30,NIFTY2621026400CE,26400.0,2026-02-10,412.9,
2026-01-07 10:15:14+05:30,NIFTY2621026400CE,26400.0,2026-02-10,412.9,
2026-01-07 10:15:15+05:30,NIFTY2621026400CE,26400.0,2026-02-10,412.9,
2026-01-07 10:15:16+05:30,NIFTY2621026400CE,26400.0,2026-02-10,412.9,
2026-01-07 10:15:17+05:30,NIFTY2621026400CE,26400.0,2026-02-10,412.9,
2026-01-07 10:15:18+05:30,NIFTY2621026400CE,26400.0,2026-02-10,412.9,
2026-01-07 10:15:19+05:30,NIFTY2621026400CE,26400.0,2026-02-10,412.9,
2026-01-07 10:15:20+05:30,NIFTY2621026400CE,26400.0,2026-02-10,412.9,
2026-01-07 10:15:21+05:30,NIFTY2621026400CE,26400.0,2026-02-10,412.9,
2026-01-07 10:15:22+05:30,NIFTY2621026400CE,26400.0,2026-02-10,412.9,
2026-01-07 10:15:23+05:30,NIFTY2621026400CE,26400.0,2026-02-10,412.9,
2026-01-07 10:15:24+05:30,NIFTY2621026400CE,26400.0,2026-02-10,412.9,
2026-01-07 10:15:25+05:30,NIFTY2621026400CE,26400.0,2026-02-10,412.9,
2026-01-07 10:15:26+05:30,NIFTY2621026400CE,26400.0,2026-02-10,412.9,
2026-01-07 10:15:27+05:30,NIFTY2621026400CE,26400.0,2026-02-10,412.9,
2026-01-07 10:15:28+05:30,NIFTY2621026400CE,26400.0,2026-02-10,412.9,
2026-01-07 10:15:29+05:30,NIFTY2621026400CE,26400.0,2026-02-10,412.9,
2026-01-07 10:15:30+05:30,NIFTY2621026400CE,26400.0,2026-02-10,412.9,
2026-01-07 10:15:31+05:30,NIFTY2621026400CE,26400.0,2026-02-10,412.9,
2026-01-07 10:15:32+05:30,NIFTY2621026400CE,26400.0,2026-02-10,412.9,
2026-01-07 10:15:33+05:30,NIFTY2621026400CE,26400.0,2026-02-10,412.9,
2026-01-07 10:15:34+05:30,NIFTY2621026400CE,26400.0,2026-02-10,412.9,
2026-01-07 10:15:35+05:30,NIFTY2621026400CE,26400.0,2026-02-10,412.9,
2026-01-07 10:15:36+05:30,NIFTY2621026400CE,26400.0,2026-02-10,412.9,
2026-01-07 10:15:37+05:30,NIFTY2621026400CE,26400.0,2026-02-10,412.9,
2026-01-07 10:15:38+05:30,NIFTY2621026400CE,26400.0,2026-02-10,412.9,
2026-01-07 10:15:39+05:30,NIFTY2621026400CE,26400.0,2026-02-10,412.9,
2026-01-07 10:15:40+05:30,NIFTY2621026400CE,26400.0,2026-02-10,412.9,
2026-01-07 10:15:41+05:30,NIFTY2621026400CE,26400.0,2026-02-10,412.9,
2026-01-07 10:15:42+05:30,NIFTY2621026400CE,26400.0,2026-02-10,412.9,
2026-01-07 10:15:43+05:30,NIFTY2621026400CE,26400.0,2026-02-10,412.9,
2026-01-07 10:15:44+05:30,NIFTY2621026400CE,26400.0,2026-02-10,412.9,
2026-01-07 10:15:45+05:30,NIFTY2621026400CE,26400.0,2026-02-10,412.9,
2026-01-07 10:15:46+05:30,NIFTY2621026400CE,26400.0,2026-02-10,412.9,
2026-01-07 10:15:47+05:30,NIFTY2621026400CE,26400.0,2026-02-10,412.9,
2026-01-07 10:15:48+05:30,NIFTY2621026400CE,26400.0,2026-02-10,412.9,
2026-01-07 10:15:49+05:30,NIFTY2621026400CE,26400.0,2026-02-10,412.9,
2026-01-07 10:15:50+05:30,NIFTY2621026400CE,26400.0,2026-02-10,412.9,
2026-01-07 10:15:51+05:30,NIFTY2621026400CE,26400.0,2026-02-10,412.9,
2026-01-07 10:15:52+05:30,NIFTY2621026400CE,26400.0,2026-02-10,412.9,
2026-01-07 10:15:53+05:30,NIFTY2621026400CE,26400.0,2026-02-10,412.9,
2026-01-07 10:15:54+05:30,NIFTY2621026400CE,26400.0,2026-02-10,412.9,
2026-01-07 10:15:55+05:30,NIFTY2621026400CE,26400.0,2026-02-10,412.9,
2026-01-07 10:15:56+05:30,NIFTY2621026400CE,26400.0,2026-02-10,412.9,
2026-01-07 10:15:57+05:30,NIFTY2621026400CE,26400.0,2026-02-10,412.9,
2026-01-07 10:15:58+05:30,NIFTY2621026400CE,26400.0,2026-02-10,412.9,
2026-01-07 10:15:59+05:30,NIFTY2621026400CE,26400.0,2026-02-10,412.9,
2026-01-07 10:16:00+05:30,NIFTY2621026400CE,26400.0,2026-02-10,412.9,
2026-01-07 10:16:01+05:30,NIFTY2621026400CE,26400.0,2026-02-10,412.9,
2026-01-07 10:16:02+05:30,NIFTY2621026400CE,26400.0,2026-02-10,412.9,
2026-01-07 10:16:03+05:30,NIFTY2621026400CE,26400.0,2026-02-10,412.9,
2026-01-07 10:16:04+05:30,NIFTY2621026400CE,26400.0,2026-02-10,412.9,
2026-01-07 10:16:05+05:30,NIFTY2621026400CE,26400.0,2026-02-10,412.9,
2026-01-07 10:16:06+05:30,NIFTY2621026400CE,26400.0,2026-02-10,412.9,
2026-01-07 10:16:07+05:30,NIFTY2621026400CE,26400.0,2026-02-10,412.9,
2026-01-07 10:16:08+05:30,NIFTY2621026400CE,26400.0,2026-02-10,412.9,
2026-01-07 10:16:09+05:30,NIFTY2621026400CE,26400.0,2026-02-10,412.9,
2026-01-07 10:16:10+05:30,NIFTY2621026400CE,26400.0,2026-02-10,412.9,
2026-01-07 10:16:11+05:30,NIFTY2621026400CE,26400.0,2026-02-10,412.9,
2026-01-07 10:16:12+05:30,NIFTY2621026400CE,26400.0,2026-02-10,412.9,
2026-01-07 10:16:13+05:30,NIFTY2621026400CE,26400.0,2026-02-10,412.9,
2026-01-07 10:16:14+05:30,NIFTY2621026400CE,26400.0,2026-02-10,412.9,
2026-01-07 10:16:15+05:30,NIFTY2621026400CE,26400.0,2026-02-10,412.9,
2026-01-07 10:16:16+05:30,NIFTY2621026400CE,26400.0,2026-02-10,412.9,
2026-01-07 10:16:17+05:30,NIFTY2621026400CE,26400.0,2026-02-10,412.9,
2026-01-07 10:16:18+05:30,NIFTY2621026400CE,26400.0,2026-02-10,412.9,
2026-01-07 10:16:19+05:30,NIFTY2621026400CE,26400.0,2026-02-10,412.9,
2026-01-07 10:16:20+05:30,NIFTY2621026400CE,26400.0,2026-02-10,412.9,
2026-01-07 10:16:21+05:30,NIFTY2621026400CE,26400.0,2026-02-10,412.9,
2026-01-07 10:16:22+05:30,NIFTY2621026400CE,26400.0,2026-02-10,412.9,
2026-01-07 10:16:23+05:30,NIFTY2621026400CE,26400.0,2026-02-10,412.9,
2026-01-07 10:16:24+05:30,NIFTY2621026400CE,26400.0,2026-02-10,412.9,
2026-01-07 10:16:25+05:30,NIFTY2621026400CE,26400.0,2026-02-10,412.9,
2026-01-07 10:16:26+05:30,NIFTY2621026400CE,26400.0,2026-02-10,412.9,
2026-01-07 10:16:27+05:30,NIFTY2621026400CE,26400.0,2026-02-10,412.9,
2026-01-07 10:16:28+05:30,NIFTY2621026400CE,26400.0,2026-02-10,412.9,
2026-01-07 10:16:29+05:30,NIFTY2621026400CE,26400.0,2026-02-10,412.9,
2026-01-07 10:16:30+05:30,NIFTY2621026400CE,26400.0,2026-02-10,412.9,
2026-01-07 10:16:31+05:30,NIFTY2621026400CE,26400.0,2026-02-10,412.9,
2026-01-07 10:16:32+05:30,NIFTY2621026400CE,26400.0,2026-02-10,412.9,
2026-01-07 10:16:33+05:30,NIFTY2621026400CE,26400.0,2026-02-10,412.9,
2026-01-07 10:16:34+05:30,NIFTY2621026400CE,26400.0,2026-02-10,412.9,
2026-01-07 10:16:35+05:30,NIFTY2621026400CE,26400.0,2026-02-10,412.9,
2026-01-07 10:16:36+05:30,NIFTY2621026400CE,26400.0,2026-02-10,412.9,
2026-01-07 10:16:37+05:30,NIFTY2621026400CE,26400.0,2026-02-10,412.9,
2026-01-07 10:16:38+05:30,NIFTY2621026400CE,26400.0,2026-02-10,412.9,
2026-01-07 10:16:39+05:30,NIFTY2621026400CE,26400.0,2026-02-10,412.9,
2026-01-07 10:16:40+05:30,NIFTY2621026400CE,26400.0,2026-02-10,412.9,
2026-01-07 10:16:41+05:30,NIFTY2621026400CE,26400.0,2026-02-10,412.9,
2026-01-07 10:16:42+05:30,NIFTY2621026400CE,26400.0,2026-02-10,412.9,
2026-01-07 10:16:43+05:30,NIFTY2621026400CE,26400.0,2026-02-10,412.9,
2026-01-07 10:16:44+05:30,NIFTY2621026400CE,26400.0,2026-02-10,412.9,
2026-01-07 10:16:45+05:30,NIFTY2621026400CE,26400.0,2026-02-10,412.9,
2026-01-07 10:16:46+05:30,NIFTY2621026400CE,26400.0,2026-02-10,412.9,
2026-01-07 10:16:47+05:30,NIFTY2621026400CE,26400.0,2026-02-10,412.9,
2026-01-07 10:16:48+05:30,NIFTY2621026400CE,26400.0,2026-02-10,412.9,
2026-01-07 10:16:49+05:30,NIFTY2621026400CE,26400.0,2026-02-10,412.9,
2026-01-07 10:16:50+05:30,NIFTY2621026400CE,26400.0,2026-02-10,412.9,
2026-01-07 10:16:51+05:30,NIFTY2621026400CE,26400.0,2026-02-10,412.9,
2026-01-07 10:16:52+05:30,NIFTY2621026400CE,26400.0,2026-02-10,412.9,
2026-01-07 10:16:53+05:30,NIFTY2621026400CE,26400.0,2026-02-10,412.9,
2026-01-07 10:16:54+05:30,NIFTY2621026400CE,26400.0,2026-02-10,412.9,
2026-01-07 10:16:55+05:30,NIFTY2621026400CE,26400.0,2026-02-10,412.9,
2026-01-07 10:16:56+05:30,NIFTY2621026400CE,26400.0,2026-02-10,412.9,
2026-01-07 10:16:57+05:30,NIFTY2621026400CE,26400.0,2026-02-10,412.9,
2026-01-07 10:16:58+05:30,NIFTY2621026400CE,26400.0,2026-02-10,412.9,
2026-01-07 10:16:59+05:30,NIFTY2621026400CE,26400.0,2026-02-10,412.9,
2026-01-07 10:17:00+05:30,NIFTY2621026400CE,26400.0,2026-02-10,412.9,
2026-01-07 10:17:01+05:30,NIFTY2621026400CE,26400.0,2026-02-10,412.9,
2026-01-07 10:17:02+05:30,NIFTY2621026400CE,26400.0,2026-02-10,412.9,
2026-01-07 10:17:03+05:30,NIFTY2621026400CE,26400.0,2026-02-10,412.9,
2026-01-07 10:17:04+05:30,NIFTY2621026400CE,26400.0,2026-02-10,412.9,
2026-01-07 10:17:05+05:30,NIFTY2621026400CE,26400.0,2026-02-10,412.9,
2026-01-07 10:17:06+05:30,NIFTY2621026400CE,26400.0,2026-02-10,412.9,
2026-01-07 10:17:07+05:30,NIFTY2621026400CE,26400.0,2026-02-10,412.9,
2026-01-07 10:17:08+05:30,NIFTY2621026400CE,26400.0,2026-02-10,412.9,
2026-01-07 10:17:09+05:30,NIFTY2621026400CE,26400.0,2026-02-10,412.9,
2026-01-07 10:17:10+05:30,NIFTY2621026400CE,26400.0,2026-02-10,412.9,
2026-01-07 10:17:11+05:30,NIFTY2621026400CE,26400.0,2026-02-10,412.9,
2026-01-07 10:17:12+05:30,NIFTY2621026400CE,26400.0,2026-02-10,412.9,
2026-01-07 10:17:13+05:30,NIFTY2621026400CE,26400.0,2026-02-10,412.9,
2026-01-07 10:17:14+05:30,NIFTY2621026400CE,26400.0,2026-02-10,412.9,
2026-01-07 10:17:15+05:30,NIFTY2621026400CE,26400.0,2026-02-10,412.9,
2026-01-07 10:17:16+05:30,NIFTY2621026400CE,26400.0,2026-02-10,412.9,
2026-01-07 10:17:17+05:30,NIFTY2621026400CE,26400.0,2026-02-10,412.9,
2026-01-07 10:17:18+05:30,NIFTY2621026400CE,26400.0,2026-02-10,412.9,
2026-01-07 10:17:19+05:30,NIFTY2621026400CE,26400.0,2026-02-10,412.9,
2026-01-07 10:17:20+05:30,NIFTY2621026400CE,26400.0,2026-02-10,412.9,
2026-01-07 10:17:21+05:30,NIFTY2621026400CE,26400.0,2026-02-10,412.9,
2026-01-07 10:17:22+05:30,NIFTY2621026400CE,26400.0,2026-02-10,412.9,
2026-01-07 10:17:23+05:30,NIFTY2621026400CE,26400.0,2026-02-10,412.9,
2026-01-07 10:17:24+05:30,NIFTY2621026400CE,26400.0,2026-02-10,412.9,
2026-01-07 10:17:25+05:30,NIFTY2621026400CE,26400.0,2026-02-10,412.9,
2026-01-07 10:17:26+05:30,NIFTY2621026400CE,26400.0,2026-02-10,412.9,
2026-01-07 10:17:27+05:30,NIFTY2621026400CE,26400.0,2026-02-10,412.9,
2026-01-07 10:17:28+05:30,NIFTY2621026400CE,26400.0,2026-02-10,412.9,
2026-01-07 10:17:29+05:30,NIFTY2621026400CE,26400.0,2026-02-10,412.9,
2026-01-07 10:17:30+05:30,NIFTY2621026400CE,26400.0,2026-02-10,412.9,
2026-01-07 10:17:31+05:30,NIFTY2621026400CE,26400.0,2026-02-10,412.9,
2026-01-07 10:17:32+05:30,NIFTY2621026400CE,26400.0,2026-02-10,412.9,
2026-01-07 10:17:33+05:30,NIFTY2621026400CE,26400.0,2026-02-10,412.9,
2026-01-07 10:17:34+05:30,NIFTY2621026400CE,26400.0,2026-02-10,412.9,
2026-01-07 10:17:35+05:30,NIFTY2621026400CE,26400.0,2026-02-10,412.9,
2026-01-07 10:17:36+05:30,NIFTY2621026400CE,26400.0,2026-02-10,412.9,
2026-01-07 10:17:37+05:30,NIFTY2621026400CE,26400.0,2026-02-10,412.9,
2026-01-07 10:17:38+05:30,NIFTY2621026400CE,26400.0,2026-02-10,412.9,
2026-01-07 10:17:39+05:30,NIFTY2621026400CE,26400.0,2026-02-10,412.9,
2026-01-07 10:17:40+05:30,NIFTY2621026400CE,26400.0,2026-02-10,412.9,
2026-01-07 10:17:41+05:30,NIFTY2621026400CE,26400.0,2026-02-10,412.9,
2026-01-07 10:17:42+05:30,NIFTY2621026400CE,26400.0,2026-02-10,412.9,
2026-01-07 10:17:43+05:30,NIFTY2621026400CE,26400.0,2026-02-10,412.9,
2026-01-07 10:17:44+05:30,NIFTY2621026400CE,26400.0,2026-02-10,412.9,
2026-01-07 10:17:45+05:30,NIFTY2621026400CE,26400.0,2026-02-10,412.9,
2026-01-07 10:17:46+05:30,NIFTY2621026400CE,26400.0,2026-02-10,412.9,
2026-01-07 10:17:47+05:30,NIFTY2621026400CE,26400.0,2026-02-10,412.9,
2026-01-07 10:17:48+05:30,NIFTY2621026400CE,26400.0,2026-02-10,412.9,
2026-01-07 10:17:49+05:30,NIFTY2621026400CE,26400.0,2026-02-10,412.9,
2026-01-07 10:17:50+05:30,NIFTY2621026400CE,26400.0,2026-02-10,412.9,
2026-01-07 10:17:51+05:30,NIFTY2621026400CE,26400.0,2026-02-10,412.9,
2026-01-07 10:17:52+05:30,NIFTY2621026400CE,26400.0,2026-02-10,412.9,
2026-01-07 10:17:53+05:30,NIFTY2621026400CE,26400.0,2026-02-10,412.9,
2026-01-07 10:17:54+05:30,NIFTY2621026400CE,26400.0,2026-02-10,412.9,
2026-01-07 10:17:55+05:30,NIFTY2621026400CE,26400.0,2026-02-10,412.9,
2026-01-07 10:17:56+05:30,NIFTY2621026400CE,26400.0,2026-02-10,412.9,
2026-01-07 10:17:57+05:30,NIFTY2621026400CE,26400.0,2026-02-10,412.9,
2026-01-07 10:17:58+05:30,NIFTY2621026400CE,26400.0,2026-02-10,412.9,
2026-01-07 10:17:59+05:30,NIFTY2621026400CE,26400.0,2026-02-10,412.9,
2026-01-07 10:18:00+05:30,NIFTY2621026400CE,26400.0,2026-02-10,412.9,
2026-01-07 10:18:01+05:30,NIFTY2621026400CE,26400.0,2026-02-10,412.9,
2026-01-07 10:18:02+05:30,NIFTY2621026400CE,26400.0,2026-02-10,412.9,
2026-01-07 10:18:03+05:30,NIFTY2621026400CE,26400.0,2026-02-10,412.9,
2026-01-07 10:18:04+05:30,NIFTY2621026400CE,26400.0,2026-02-10,412.9,
2026-01-07 10:18:05+05:30,NIFTY2621026400CE,26400.0,2026-02-10,412.9,
2026-01-07 10:18:06+05:30,NIFTY2621026400CE,26400.0,2026-02-10,412.9,
2026-01-07 10:18:07+05:30,NIFTY2621026400CE,26400.0,2026-02-10,412.9,
2026-01-07 10:18:08+05:30,NIFTY2621026400CE,26400.0,2026-02-10,412.9,
2026-01-07 10:18:09+05:30,NIFTY2621026400CE,26400.0,2026-02-10,412.9,
2026-01-07 10:18:10+05:30,NIFTY2621026400CE,26400.0,2026-02-10,412.9,
2026-01-07 10:18:11+05:30,NIFTY2621026400CE,26400.0,2026-02-10,412.9,
2026-01-07 10:18:12+05:30,NIFTY2621026400CE,26400.0,2026-02-10,412.9,
2026-01-07 10:18:13+05:30,NIFTY2621026400CE,26400.0,2026-02-10,412.9,
2026-01-07 10:18:14+05:30,NIFTY2621026400CE,26400.0,2026-02-10,412.9,
2026-01-07 10:18:15+05:30,NIFTY2621026400CE,26400.0,2026-02-10,412.9,
2026-01-07 10:18:16+05:30,NIFTY2621026400CE,26400.0,2026-02-10,412.9,
2026-01-07 10:18:17+05:30,NIFTY2621026400CE,26400.0,2026-02-10,412.9,
2026-01-07 10:18:18+05:30,NIFTY2621026400CE,26400.0,2026-02-10,412.9,
2026-01-07 10:18:19+05:30,NIFTY2621026400CE,26400.0,2026-02-10,412.9,
2026-01-07 10:18:20+05:30,NIFTY2621026400CE,26400.0,2026-02-10,412.9,
2026-01-07 10:18:21+05:30,NIFTY2621026400CE,26400.0,2026-02-10,412.9,
2026-01-07 10:18:22+05:30,NIFTY2621026400CE,26400.0,2026-02-10,412.9,
2026-01-07 10:18:23+05:30,NIFTY2621026400CE,26400.0,2026-02-10,412.9,
2026-01-07 10:18:24+05:30,NIFTY2621026400CE,26400.0,2026-02-10,412.9,
2026-01-07 10:18:25+05:30,NIFTY2621026400CE,26400.0,2026-02-10,412.9,
2026-01-07 10:18:26+05:30,NIFTY2621026400CE,26400.0,2026-02-10,412.9,
2026-01-07 10:18:27+05:30,NIFTY2621026400CE,26400.0,2026-02-10,412.9,
2026-01-07 10:18:28+05:30,NIFTY2621026400CE,26400.0,2026-02-10,412.9,
2026-01-07 10:18:29+05:30,NIFTY2621026400CE,26400.0,2026-02-10,412.9,
2026-01-07 10:18:30+05:30,NIFTY2621026400CE,26400.0,2026-02-10,412.9,
2026-01-07 10:18:31+05:30,NIFTY2621026400CE,26400.0,2026-02-10,412.9,
2026-01-07 10:18:32+05:30,NIFTY2621026400CE,26400.0,2026-02-10,412.9,
2026-01-07 10:18:33+05:30,NIFTY2621026400CE,26400.0,2026-02-10,412.9,
2026-01-07 10:18:34+05:30,NIFTY2621026400CE,26400.0,2026-02-10,412.9,
2026-01-07 10:18:35+05:30,NIFTY2621026400CE,26400.0,2026-02-10,412.9,
2026-01-07 10:18:36+05:30,NIFTY2621026400CE,26400.0,2026-02-10,412.9,
2026-01-07 10:18:37+05:30,NIFTY2621026400CE,26400.0,2026-02-10,412.9,
2026-01-07 10:18:38+05:30,NIFTY2621026400CE,26400.0,2026-02-10,412.9,
2026-01-07 10:18:39+05:30,NIFTY2621026400CE,26400.0,2026-02-10,412.9,
2026-01-07 10:18:40+05:30,NIFTY2621026400CE,26400.0,2026-02-10,412.9,
2026-01-07 10:18:41+05:30,NIFTY2621026400CE,26400.0,2026-02-10,412.9,
2026-01-07 10:18:42+05:30,NIFTY2621026400CE,26400.0,2026-02-10,412.9,
2026-01-07 10:18:43+05:30,NIFTY2621026400CE,26400.0,2026-02-10,412.9,
2026-01-07 10:18:44+05:30,NIFTY2621026400CE,26400.0,2026-02-10,412.9,
2026-01-07 10:18:45+05:30,NIFTY2621026400CE,26400.0,2026-02-10,412.9,
2026-01-07 10:18:46+05:30,NIFTY2621026400CE,26400.0,2026-02-10,412.9,
2026-01-07 10:18:47+05:30,NIFTY2621026400CE,26400.0,2026-02-10,412.9,
2026-01-07 10:18:48+05:30,NIFTY2621026400CE,26400.0,2026-02-10,412.9,
2026-01-07 10:18:49+05:30,NIFTY2621026400CE,26400.0,2026-02-10,412.9,
2026-01-07 10:18:50+05:30,NIFTY2621026400CE,26400.0,2026-02-10,412.9,
2026-01-07 10:18:51+05:30,NIFTY2621026400CE,26400.0,2026-02-10,412.9,
2026-01-07 10:18:52+05:30,NIFTY2621026400CE,26400.0,2026-02-10,412.9,
2026-01-07 10:18:53+05:30,NIFTY2621026400CE,26400.0,2026-02-10,412.9,
2026-01-07 10:18:54+05:30,NIFTY2621026400CE,26400.0,2026-02-10,412.9,
2026-01-07 10:18:55+05:30,NIFTY2621026400CE,26400.0,2026-02-10,412.9,
2026-01-07 10:18:56+05:30,NIFTY2621026400CE,26400.0,2026-02-10,412.9,
2026-01-07 10:18:57+05:30,NIFTY2621026400CE,26400.0,2026-02-10,412.9,
2026-01-07 10:18:58+05:30,NIFTY2621026400CE,26400.0,2026-02-10,412.9,
2026-01-07 10:18:59+05:30,NIFTY2621026400CE,26400.0,2026-02-10,412.9,
2026-01-07 10:19:00+05:30,NIFTY2621026400CE,26400.0,2026-02-10,412.9,
2026-01-07 10:19:01+05:30,NIFTY2621026400CE,26400.0,2026-02-10,412.9,
2026-01-07 10:19:02+05:30,NIFTY2621026400CE,26400.0,2026-02-10,412.9,
2026-01-07 10:19:03+05:30,NIFTY2621026400CE,26400.0,2026-02-10,412.9,
2026-01-07 10:19:04+05:30,NIFTY2621026400CE,26400.0,2026-02-10,412.9,
2026-01-07 10:19:05+05:30,NIFTY2621026400CE,26400.0,2026-02-10,412.9,
2026-01-07 10:19:06+05:30,NIFTY2621026400CE,26400.0,2026-02-10,412.9,
2026-01-07 10:19:07+05:30,NIFTY2621026400CE,26400.0,2026-02-10,412.9,
2026-01-07 10:19:08+05:30,NIFTY2621026400CE,26400.0,2026-02-10,412.9,
2026-01-07 10:19:09+05:30,NIFTY2621026400CE,26400.0,2026-02-10,412.9,
2026-01-07 10:19:10+05:30,NIFTY2621026400CE,26400.0,2026-02-10,412.9,
2026-01-07 10:19:11+05:30,NIFTY2621026400CE,26400.0,2026-02-10,412.9,
2026-01-07 10:19:12+05:30,NIFTY2621026400CE,26400.0,2026-02-10,412.9,
2026-01-07 10:19:13+05:30,NIFTY2621026400CE,26400.0,2026-02-10,412.9,
2026-01-07 10:19:14+05:30,NIFTY2621026400CE,26400.0,2026-02-10,412.9,
2026-01-07 10:19:15+05:30,NIFTY2621026400CE,26400.0,2026-02-10,412.9,
2026-01-07 10:19:16+05:30,NIFTY2621026400CE,26400.0,2026-02-10,412.9,
2026-01-07 10:19:17+05:30,NIFTY2621026400CE,26400.0,2026-02-10,412.9,
2026-01-07 10:19:18+05:30,NIFTY2621026400CE,26400.0,2026-02-10,412.9,
2026-01-07 10:19:19+05:30,NIFTY2621026400CE,26400.0,2026-02-10,412.9,
2026-01-07 10:19:20+05:30,NIFTY2621026400CE,26400.0,2026-02-10,412.9,
2026-01-07 10:19:21+05:30,NIFTY2621026400CE,26400.0,2026-02-10,412.9,
2026-01-07 10:19:22+05:30,NIFTY2621026400CE,26400.0,2026-02-10,412.9,
2026-01-07 10:19:23+05:30,NIFTY2621026400CE,26400.0,2026-02-10,412.9,
2026-01-07 10:19:24+05:30,NIFTY2621026400CE,26400.0,2026-02-10,412.9,
2026-01-07 10:19:25+05:30,NIFTY2621026400CE,26400.0,2026-02-10,412.9,
2026-01-07 10:19:26+05:30,NIFTY2621026400CE,26400.0,2026-02-10,412.9,
2026-01-07 10:19:27+05:30,NIFTY2621026400CE,26400.0,2026-02-10,412.9,
2026-01-07 10:19:28+05:30,NIFTY2621026400CE,26400.0,2026-02-10,412.9,
2026-01-07 10:19:29+05:30,NIFTY2621026400CE,26400.0,2026-02-10,412.9,
2026-01-07 10:19:30+05:30,NIFTY2621026400CE,26400.0,2026-02-10,412.9,
2026-01-07 10:19:31+05:30,NIFTY2621026400CE,26400.0,2026-02-10,412.9,
2026-01-07 10:19:32+05:30,NIFTY2621026400CE,26400.0,2026-02-10,412.9,
2026-01-07 10:19:33+05:30,NIFTY2621026400CE,26400.0,2026-02-10,412.9,
2026-01-07 10:19:34+05:30,NIFTY2621026400CE,26400.0,2026-02-10,412.9,
2026-01-07 10:19:35+05:30,NIFTY2621026400CE,26400.0,2026-02-10,412.9,
2026-01-07 10:19:36+05:30,NIFTY2621026400CE,26400.0,2026-02-10,412.9,
2026-01-07 10:19:37+05:30,NIFTY2621026400CE,26400.0,2026-02-10,412.9,
2026-01-07 10:19:38+05:30,NIFTY2621026400CE,26400.0,2026-02-10,412.9,
2026-01-07 10:19:39+05:30,NIFTY2621026400CE,26400.0,2026-02-10,412.9,
2026-01-07 10:19:40+05:30,NIFTY2621026400CE,26400.0,2026-02-10,412.9,
2026-01-07 10:19:41+05:30,NIFTY2621026400CE,26400.0,2026-02-10,412.9,
2026-01-07 10:19:42+05:30,NIFTY2621026400CE,26400.0,2026-02-10,412.9,
2026-01-07 10:19:43+05:30,NIFTY2621026400CE,26400.0,2026-02-10,412.9,
2026-01-07 10:19:44+05:30,NIFTY2621026400CE,26400.0,2026-02-10,412.9,
2026-01-07 10:19:45+05:30,NIFTY2621026400CE,26400.0,2026-02-10,412.9,
2026-01-07 10:19:46+05:30,NIFTY2621026400CE,26400.0,2026-02-10,412.9,
2026-01-07 10:19:47+05:30,NIFTY2621026400CE,26400.0,2026-02-10,412.9,
2026-01-07 10:19:48+05:30,NIFTY2621026400CE,26400.0,2026-02-10,412.9,
2026-01-07 10:19:49+05:30,NIFTY2621026400CE,26400.0,2026-02-10,412.9,
2026-01-07 10:19:50+05:30,NIFTY2621026400CE,26400.0,2026-02-10,412.9,
2026-01-07 10:19:51+05:30,NIFTY2621026400CE,26400.0,2026-02-10,412.9,
2026-01-07 10:19:52+05:30,NIFTY2621026400CE,26400.0,2026-02-10,412.9,
2026-01-07 10:19:53+05:30,NIFTY2621026400CE,26400.0,2026-02-10,412.9,
2026-01-07 10:19:54+05:30,NIFTY2621026400CE,26400.0,2026-02-10,412.9,
2026-01-07 10:19:55+05:30,NIFTY2621026400CE,26400.0,2026-02-10,412.9,
2026-01-07 10:19:56+05:30,NIFTY2621026400CE,26400.0,2026-02-10,412.9,
2026-01-07 10:19:57+05:30,NIFTY2621026400CE,26400.0,2026-02-10,412.9,
2026-01-07 10:19:58+05:30,NIFTY2621026400CE,26400.0,2026-02-10,412.9,
2026-01-07 10:19:59+05:30,NIFTY2621026400CE,26400.0,2026-02-10,412.9,
2026-01-07 10:20:00+05:30,NIFTY2621026400CE,26400.0,2026-02-10,412.9,
2026-01-07 10:20:01+05:30,NIFTY2621026400CE,26400.0,2026-02-10,412.9,
2026-01-07 10:20:02+05:30,NIFTY2621026400CE,26400.0,2026-02-10,412.9,
2026-01-07 10:20:03+05:30,NIFTY2621026400CE,26400.0,2026-02-10,412.9,
2026-01-07 10:20:04+05:30,NIFTY2621026400CE,26400.0,2026-02-10,412.9,
2026-01-07 10:20:05+05:30,NIFTY2621026400CE,26400.0,2026-02-10,412.9,
2026-01-07 10:20:06+05:30,NIFTY2621026400CE,26400.0,2026-02-10,412.9,
2026-01-07 10:20:07+05:30,NIFTY2621026400CE,26400.0,2026-02-10,412.9,
2026-01-07 10:20:08+05:30,NIFTY2621026400CE,26400.0,2026-02-10,412.9,
2026-01-07 10:20:09+05:30,NIFTY2621026400CE,26400.0,2026-02-10,412.9,
2026-01-07 10:20:10+05:30,NIFTY2621026400CE,26400.0,2026-02-10,412.9,
2026-01-07 10:20:11+05:30,NIFTY2621026400CE,26400.0,2026-02-10,412.9,
2026-01-07 10:20:12+05:30,NIFTY2621026400CE,26400.0,2026-02-10,412.9,
2026-01-07 10:20:13+05:30,NIFTY2621026400CE,26400.0,2026-02-10,412.9,
2026-01-07 10:20:14+05:30,NIFTY2621026400CE,26400.0,2026-02-10,412.9,
2026-01-07 10:20:15+05:30,NIFTY2621026400CE,26400.0,2026-02-10,412.9,
2026-01-07 10:20:16+05:30,NIFTY2621026400CE,26400.0,2026-02-10,412.9,
2026-01-07 10:20:17+05:30,NIFTY2621026400CE,26400.0,2026-02-10,412.9,
2026-01-07 10:20:18+05:30,NIFTY2621026400CE,26400.0,2026-02-10,412.9,
2026-01-07 10:20:19+05:30,NIFTY2621026400CE,26400.0,2026-02-10,412.9,
2026-01-07 10:20:20+05:30,NIFTY2621026400CE,26400.0,2026-02-10,412.9,
2026-01-07 10:20:21+05:30,NIFTY2621026400CE,26400.0,2026-02-10,412.9,
2026-01-07 10:20:22+05:30,NIFTY2621026400CE,26400.0,2026-02-10,412.9,
2026-01-07 10:20:23+05:30,NIFTY2621026400CE,26400.0,2026-02-10,412.9,
2026-01-07 10:20:24+05:30,NIFTY2621026400CE,26400.0,2026-02-10,412.9,
2026-01-07 10:20:25+05:30,NIFTY2621026400CE,26400.0,2026-02-10,412.9,
2026-01-07 10:20:26+05:30,NIFTY2621026400CE,26400.0,2026-02-10,412.9,
2026-01-07 10:20:27+05:30,NIFTY2621026400CE,26400.0,2026-02-10,412.9,
2026-01-07 10:20:28+05:30,NIFTY2621026400CE,26400.0,2026-02-10,412.9,
2026-01-07 10:20:29+05:30,NIFTY2621026400CE,26400.0,2026-02-10,412.9,
2026-01-07 10:20:30+05:30,NIFTY2621026400CE,26400.0,2026-02-10,412.9,
2026-01-07 10:20:31+05:30,NIFTY2621026400CE,26400.0,2026-02-10,412.9,
2026-01-07 10:20:32+05:30,NIFTY2621026400CE,26400.0,2026-02-10,412.9,
2026-01-07 10:20:33+05:30,NIFTY2621026400CE,26400.0,2026-02-10,412.9,
2026-01-07 10:20:34+05:30,NIFTY2621026400CE,26400.0,2026-02-10,412.9,
2026-01-07 10:20:35+05:30,NIFTY2621026400CE,26400.0,2026-02-10,412.9,
2026-01-07 10:20:36+05:30,NIFTY2621026400CE,26400.0,2026-02-10,412.9,
2026-01-07 10:20:37+05:30,NIFTY2621026400CE,26400.0,2026-02-10,412.9,
2026-01-07 10:20:38+05:30,NIFTY2621026400CE,26400.0,2026-02-10,412.9,
2026-01-07 10:20:39+05:30,NIFTY2621026400CE,26400.0,2026-02-10,412.9,
2026-01-07 10:20:40+05:30,NIFTY2621026400CE,26400.0,2026-02-10,412.9,
2026-01-07 10:20:41+05:30,NIFTY2621026400CE,26400.0,2026-02-10,412.9,
2026-01-07 10:20:42+05:30,NIFTY2621026400CE,26400.0,2026-02-10,412.9,
2026-01-07 10:20:43+05:30,NIFTY2621026400CE,26400.0,2026-02-10,412.9,
2026-01-07 10:20:44+05:30,NIFTY2621026400CE,26400.0,2026-02-10,412.9,
2026-01-07 10:20:45+05:30,NIFTY2621026400CE,26400.0,2026-02-10,412.9,
2026-01-07 10:20:46+05:30,NIFTY2621026400CE,26400.0,2026-02-10,412.9,
2026-01-07 10:20:47+05:30,NIFTY2621026400CE,26400.0,2026-02-10,412.9,
2026-01-07 10:20:48+05:30,NIFTY2621026400CE,26400.0,2026-02-10,412.9,
2026-01-07 10:20:49+05:30,NIFTY2621026400CE,26400.0,2026-02-10,412.9,
2026-01-07 10:20:50+05:30,NIFTY2621026400CE,26400.0,2026-02-10,412.9,
2026-01-07 10:20:51+05:30,NIFTY2621026400CE,26400.0,2026-02-10,412.9,
2026-01-07 10:20:52+05:30,NIFTY2621026400CE,26400.0,2026-02-10,412.9,
2026-01-07 10:20:53+05:30,NIFTY2621026400CE,26400.0,2026-02-10,412.9,
2026-01-07 10:20:54+05:30,NIFTY2621026400CE,26400.0,2026-02-10,412.9,
2026-01-07 10:20:55+05:30,NIFTY2621026400CE,26400.0,2026-02-10,412.9,
2026-01-07 10:20:56+05:30,NIFTY2621026400CE,26400.0,2026-02-10,412.9,
2026-01-07 10:20:57+05:30,NIFTY2621026400CE,26400.0,2026-02-10,412.9,
2026-01-07 10:20:58+05:30,NIFTY2621026400CE,26400.0,2026-02-10,412.9,
2026-01-07 10:20:59+05:30,NIFTY2621026400CE,26400.0,2026-02-10,412.9,
2026-01-07 10:21:00+05:30,NIFTY2621026400CE,26400.0,2026-02-10,412.9,
2026-01-07 10:21:01+05:30,NIFTY2621026400CE,26400.0,2026-02-10,412.9,
2026-01-07 10:21:02+05:30,NIFTY2621026400CE,26400.0,2026-02-10,412.9,
2026-01-07 10:21:03+05:30,NIFTY2621026400CE,26400.0,2026-02-10,412.9,
2026-01-07 10:21:04+05:30,NIFTY2621026400CE,26400.0,2026-02-10,412.9,
2026-01-07 10:21:05+05:30,NIFTY2621026400CE,26400.0,2026-02-10,412.9,
2026-01-07 10:21:06+05:30,NIFTY2621026400CE,26400.0,2026-02-10,412.9,
2026-01-07 10:21:07+05:30,NIFTY2621026400CE,26400.0,2026-02-10,412.9,
2026-01-07 10:21:08+05:30,NIFTY2621026400CE,26400.0,2026-02-10,412.9,
2026-01-07 10:21:09+05:30,NIFTY2621026400CE,26400.0,2026-02-10,412.9,
2026-01-07 10:21:10+05:30,NIFTY2621026400CE,26400.0,2026-02-10,412.9,
2026-01-07 10:21:11+05:30,NIFTY2621026400CE,26400.0,2026-02-10,412.9,
2026-01-07 10:21:12+05:30,NIFTY2621026400CE,26400.0,2026-02-10,412.9,
2026-01-07 10:21:13+05:30,NIFTY2621026400CE,26400.0,2026-02-10,412.9,
2026-01-07 10:21:14+05:30,NIFTY2621026400CE,26400.0,2026-02-10,412.9,
2026-01-07 10:21:15+05:30,NIFTY2621026400CE,26400.0,2026-02-10,412.9,
2026-01-07 10:21:16+05:30,NIFTY2621026400CE,26400.0,2026-02-10,412.9,
2026-01-07 10:21:17+05:30,NIFTY2621026400CE,26400.0,2026-02-10,412.9,
2026-01-07 10:21:18+05:30,NIFTY2621026400CE,26400.0,2026-02-10,412.9,
2026-01-07 10:21:19+05:30,NIFTY2621026400CE,26400.0,2026-02-10,412.9,
2026-01-07 10:21:20+05:30,NIFTY2621026400CE,26400.0,2026-02-10,412.9,
2026-01-07 10:21:21+05:30,NIFTY2621026400CE,26400.0,2026-02-10,412.9,
2026-01-07 10:21:22+05:30,NIFTY2621026400CE,26400.0,2026-02-10,412.9,
2026-01-07 10:21:23+05:30,NIFTY2621026400CE,26400.0,2026-02-10,412.9,
2026-01-07 10:21:24+05:30,NIFTY2621026400CE,26400.0,2026-02-10,412.9,
2026-01-07 10:21:25+05:30,NIFTY2621026400CE,26400.0,2026-02-10,412.9,
2026-01-07 10:21:26+05:30,NIFTY2621026400CE,26400.0,2026-02-10,412.9,
2026-01-07 10:21:27+05:30,NIFTY2621026400CE,26400.0,2026-02-10,412.9,
2026-01-07 10:21:28+05:30,NIFTY2621026400CE,26400.0,2026-02-10,412.9,
2026-01-07 10:21:29+05:30,NIFTY2621026400CE,26400.0,2026-02-10,412.9,
2026-01-07 10:21:30+05:30,NIFTY2621026400CE,26400.0,2026-02-10,412.9,
2026-01-07 10:21:31+05:30,NIFTY2621026400CE,26400.0,2026-02-10,412.9,
2026-01-07 10:21:32+05:30,NIFTY2621026400CE,26400.0,2026-02-10,412.9,
2026-01-07 10:21:33+05:30,NIFTY2621026400CE,26400.0,2026-02-10,412.9,
2026-01-07 10:21:34+05:30,NIFTY2621026400CE,26400.0,2026-02-10,412.9,
2026-01-07 10:21:35+05:30,NIFTY2621026400CE,26400.0,2026-02-10,412.9,
2026-01-07 10:21:36+05:30,NIFTY2621026400CE,26400.0,2026-02-10,412.9,
2026-01-07 10:21:37+05:30,NIFTY2621026400CE,26400.0,2026-02-10,412.9,
2026-01-07 10:21:38+05:30,NIFTY2621026400CE,26400.0,2026-02-10,412.9,
2026-01-07 10:21:39+05:30,NIFTY2621026400CE,26400.0,2026-02-10,412.9,
2026-01-07 10:21:40+05:30,NIFTY2621026400CE,26400.0,2026-02-10,412.9,
2026-01-07 10:21:41+05:30,NIFTY2621026400CE,26400.0,2026-02-10,412.9,
2026-01-07 10:21:42+05:30,NIFTY2621026400CE,26400.0,2026-02-10,412.9,
2026-01-07 10:21:43+05:30,NIFTY2621026400CE,26400.0,2026-02-10,412.9,
2026-01-07 10:21:44+05:30,NIFTY2621026400CE,26400.0,2026-02-10,412.9,
2026-01-07 10:21:45+05:30,NIFTY2621026400CE,26400.0,2026-02-10,412.9,
2026-01-07 10:21:46+05:30,NIFTY2621026400CE,26400.0,2026-02-10,412.9,
2026-01-07 10:21:47+05:30,NIFTY2621026400CE,26400.0,2026-02-10,412.9,
2026-01-07 10:21:48+05:30,NIFTY2621026400CE,26400.0,2026-02-10,412.9,
2026-01-07 10:21:49+05:30,NIFTY2621026400CE,26400.0,2026-02-10,412.9,
2026-01-07 10:21:50+05:30,NIFTY2621026400CE,26400.0,2026-02-10,412.9,
2026-01-07 10:21:51+05:30,NIFTY2621026400CE,26400.0,2026-02-10,412.9,
2026-01-07 10:21:52+05:30,NIFTY2621026400CE,26400.0,2026-02-10,412.9,
2026-01-07 10:21:53+05:30,NIFTY2621026400CE,26400.0,2026-02-10,412.9,
2026-01-07 10:21:54+05:30,NIFTY2621026400CE,26400.0,2026-02-10,412.9,
2026-01-07 10:21:55+05:30,NIFTY2621026400CE,26400.0,2026-02-10,412.9,
2026-01-07 10:21:56+05:30,NIFTY2621026400CE,26400.0,2026-02-10,412.9,
2026-01-07 10:21:57+05:30,NIFTY2621026400CE,26400.0,2026-02-10,412.9,
2026-01-07 10:21:58+05:30,NIFTY2621026400CE,26400.0,2026-02-10,412.9,
2026-01-07 10:21:59+05:30,NIFTY2621026400CE,26400.0,2026-02-10,412.9,
2026-01-07 10:22:00+05:30,NIFTY2621026400CE,26400.0,2026-02-10,412.9,
2026-01-07 10:22:01+05:30,NIFTY2621026400CE,26400.0,2026-02-10,412.9,
2026-01-07 10:22:02+05:30,NIFTY2621026400CE,26400.0,2026-02-10,412.9,
2026-01-07 10:22:03+05:30,NIFTY2621026400CE,26400.0,2026-02-10,412.9,
2026-01-07 10:22:04+05:30,NIFTY2621026400CE,26400.0,2026-02-10,412.9,
2026-01-07 10:22:05+05:30,NIFTY2621026400CE,26400.0,2026-02-10,412.9,
2026-01-07 10:22:06+05:30,NIFTY2621026400CE,26400.0,2026-02-10,412.9,
2026-01-07 10:22:07+05:30,NIFTY2621026400CE,26400.0,2026-02-10,412.9,
2026-01-07 10:22:08+05:30,NIFTY2621026400CE,26400.0,2026-02-10,412.9,
2026-01-07 10:22:09+05:30,NIFTY2621026400CE,26400.0,2026-02-10,412.9,
2026-01-07 10:22:10+05:30,NIFTY2621026400CE,26400.0,2026-02-10,412.9,
2026-01-07 10:22:11+05:30,NIFTY2621026400CE,26400.0,2026-02-10,412.9,
2026-01-07 10:22:12+05:30,NIFTY2621026400CE,26400.0,2026-02-10,412.9,
2026-01-07 10:22:13+05:30,NIFTY2621026400CE,26400.0,2026-02-10,412.9,
2026-01-07 10:22:14+05:30,NIFTY2621026400CE,26400.0,2026-02-10,412.9,
2026-01-07 10:22:15+05:30,NIFTY2621026400CE,26400.0,2026-02-10,412.9,
2026-01-07 10:22:16+05:30,NIFTY2621026400CE,26400.0,2026-02-10,412.9,
2026-01-07 10:22:17+05:30,NIFTY2621026400CE,26400.0,2026-02-10,412.9,
2026-01-07 10:22:18+05:30,NIFTY2621026400CE,26400.0,2026-02-10,412.9,
2026-01-07 10:22:19+05:30,NIFTY2621026400CE,26400.0,2026-02-10,412.9,
2026-01-07 10:22:20+05:30,NIFTY2621026400CE,26400.0,2026-02-10,412.9,
2026-01-07 10:22:21+05:30,NIFTY2621026400CE,26400.0,2026-02-10,412.9,
2026-01-07 10:22:22+05:30,NIFTY2621026400CE,26400.0,2026-02-10,412.9,
2026-01-07 10:22:23+05:30,NIFTY2621026400CE,26400.0,2026-02-10,412.9,
2026-01-07 10:22:24+05:30,NIFTY2621026400CE,26400.0,2026-02-10,412.9,
2026-01-07 10:22:25+05:30,NIFTY2621026400CE,26400.0,2026-02-10,412.9,
2026-01-07 10:22:26+05:30,NIFTY2621026400CE,26400.0,2026-02-10,412.9,
2026-01-07 10:22:27+05:30,NIFTY2621026400CE,26400.0,2026-02-10,412.9,
2026-01-07 10:22:28+05:30,NIFTY2621026400CE,26400.0,2026-02-10,412.9,
2026-01-07 10:22:29+05:30,NIFTY2621026400CE,26400.0,2026-02-10,412.9,
2026-01-07 10:22:30+05:30,NIFTY2621026400CE,26400.0,2026-02-10,412.9,
2026-01-07 10:22:31+05:30,NIFTY2621026400CE,26400.0,2026-02-10,412.9,
2026-01-07 10:22:32+05:30,NIFTY2621026400CE,26400.0,2026-02-10,412.9,
2026-01-07 10:22:33+05:30,NIFTY2621026400CE,26400.0,2026-02-10,412.9,
2026-01-07 10:22:34+05:30,NIFTY2621026400CE,26400.0,2026-02-10,412.9,
2026-01-07 10:22:35+05:30,NIFTY2621026400CE,26400.0,2026-02-10,412.9,
2026-01-07 10:22:36+05:30,NIFTY2621026400CE,26400.0,2026-02-10,412.9,
2026-01-07 10:22:37+05:30,NIFTY2621026400CE,26400.0,2026-02-10,412.9,
2026-01-07 10:22:38+05:30,NIFTY2621026400CE,26400.0,2026-02-10,412.9,
2026-01-07 10:22:39+05:30,NIFTY2621026400CE,26400.0,2026-02-10,412.9,
2026-01-07 10:22:40+05:30,NIFTY2621026400CE,26400.0,2026-02-10,412.9,
2026-01-07 10:22:41+05:30,NIFTY2621026400CE,26400.0,2026-02-10,412.9,
2026-01-07 10:22:42+05:30,NIFTY2621026400CE,26400.0,2026-02-10,412.9,
2026-01-07 10:22:43+05:30,NIFTY2621026400CE,26400.0,2026-02-10,412.9,
2026-01-07 10:22:44+05:30,NIFTY2621026400CE,26400.0,2026-02-10,412.9,
2026-01-07 10:22:45+05:30,NIFTY2621026400CE,26400.0,2026-02-10,412.9,
2026-01-07 10:22:46+05:30,NIFTY2621026400CE,26400.0,2026-02-10,412.9,
2026-01-07 10:22:47+05:30,NIFTY2621026400CE,26400.0,2026-02-10,412.9,
2026-01-07 10:22:48+05:30,NIFTY2621026400CE,26400.0,2026-02-10,412.9,
2026-01-07 10:22:49+05:30,NIFTY2621026400CE,26400.0,2026-02-10,412.9,
2026-01-07 10:22:50+05:30,NIFTY2621026400CE,26400.0,2026-02-10,412.9,
2026-01-07 10:22:51+05:30,NIFTY2621026400CE,26400.0,2026-02-10,412.9,
2026-01-07 10:22:52+05:30,NIFTY2621026400CE,26400.0,2026-02-10,412.9,
2026-01-07 10:22:53+05:30,NIFTY2621026400CE,26400.0,2026-02-10,412.9,
2026-01-07 10:22:54+05:30,NIFTY2621026400CE,26400.0,2026-02-10,412.9,
2026-01-07 10:22:55+05:30,NIFTY2621026400CE,26400.0,2026-02-10,412.9,
2026-01-07 10:22:56+05:30,NIFTY2621026400CE,26400.0,2026-02-10,412.9,
2026-01-07 10:22:57+05:30,NIFTY2621026400CE,26400.0,2026-02-10,412.9,
2026-01-07 10:22:58+05:30,NIFTY2621026400CE,26400.0,2026-02-10,412.9,
2026-01-07 10:22:59+05:30,NIFTY2621026400CE,26400.0,2026-02-10,412.9,
2026-01-07 10:23:00+05:30,NIFTY2621026400CE,26400.0,2026-02-10,412.9,
2026-01-07 10:23:01+05:30,NIFTY2621026400CE,26400.0,2026-02-10,412.9,
2026-01-07 10:23:02+05:30,NIFTY2621026400CE,26400.0,2026-02-10,412.9,
2026-01-07 10:23:03+05:30,NIFTY2621026400CE,26400.0,2026-02-10,412.9,
2026-01-07 10:23:04+05:30,NIFTY2621026400CE,26400.0,2026-02-10,412.9,
2026-01-07 10:23:05+05:30,NIFTY2621026400CE,26400.0,2026-02-10,412.9,
2026-01-07 10:23:06+05:30,NIFTY2621026400CE,26400.0,2026-02-10,412.9,
2026-01-07 10:23:07+05:30,NIFTY2621026400CE,26400.0,2026-02-10,412.9,
2026-01-07 10:23:08+05:30,NIFTY2621026400CE,26400.0,2026-02-10,412.9,
2026-01-07 10:23:09+05:30,NIFTY2621026400CE,26400.0,2026-02-10,412.9,
2026-01-07 10:23:10+05:30,NIFTY2621026400CE,26400.0,2026-02-10,412.9,
2026-01-07 10:23:11+05:30,NIFTY2621026400CE,26400.0,2026-02-10,412.9,
2026-01-07 10:23:12+05:30,NIFTY2621026400CE,26400.0,2026-02-10,412.9,
2026-01-07 10:23:13+05:30,NIFTY2621026400CE,26400.0,2026-02-10,412.9,
2026-01-07 10:23:14+05:30,NIFTY2621026400CE,26400.0,2026-02-10,412.9,
2026-01-07 10:23:15+05:30,NIFTY2621026400CE,26400.0,2026-02-10,412.9,
2026-01-07 10:23:16+05:30,NIFTY2621026400CE,26400.0,2026-02-10,412.9,
2026-01-07 10:23:17+05:30,NIFTY2621026400CE,26400.0,2026-02-10,412.9,
2026-01-07 10:23:18+05:30,NIFTY2621026400CE,26400.0,2026-02-10,412.9,
2026-01-07 10:23:19+05:30,NIFTY2621026400CE,26400.0,2026-02-10,412.9,
2026-01-07 10:23:20+05:30,NIFTY2621026400CE,26400.0,2026-02-10,412.9,
2026-01-07 10:23:21+05:30,NIFTY2621026400CE,26400.0,2026-02-10,412.9,
2026-01-07 10:23:22+05:30,NIFTY2621026400CE,26400.0,2026-02-10,412.9,
2026-01-07 10:23:23+05:30,NIFTY2621026400CE,26400.0,2026-02-10,412.9,
2026-01-07 10:23:24+05:30,NIFTY2621026400CE,26400.0,2026-02-10,412.9,
2026-01-07 10:23:25+05:30,NIFTY2621026400CE,26400.0,2026-02-10,412.9,
2026-01-07 10:23:26+05:30,NIFTY2621026400CE,26400.0,2026-02-10,412.9,
2026-01-07 10:23:27+05:30,NIFTY2621026400CE,26400.0,2026-02-10,412.9,
2026-01-07 10:23:28+05:30,NIFTY2621026400CE,26400.0,2026-02-10,412.9,
2026-01-07 10:23:29+05:30,NIFTY2621026400CE,26400.0,2026-02-10,412.9,
2026-01-07 10:23:30+05:30,NIFTY2621026400CE,26400.0,2026-02-10,412.9,
2026-01-07 10:23:31+05:30,NIFTY2621026400CE,26400.0,2026-02-10,412.9,
2026-01-07 10:23:32+05:30,NIFTY2621026400CE,26400.0,2026-02-10,412.9,
2026-01-07 10:23:33+05:30,NIFTY2621026400CE,26400.0,2026-02-10,412.9,
2026-01-07 10:23:34+05:30,NIFTY2621026400CE,26400.0,2026-02-10,412.9,
2026-01-07 10:23:35+05:30,NIFTY2621026400CE,26400.0,2026-02-10,412.9,
2026-01-07 10:23:36+05:30,NIFTY2621026400CE,26400.0,2026-02-10,412.9,
2026-01-07 10:23:37+05:30,NIFTY2621026400CE,26400.0,2026-02-10,412.9,
2026-01-07 10:23:38+05:30,NIFTY2621026400CE,26400.0,2026-02-10,412.9,
2026-01-07 10:23:39+05:30,NIFTY2621026400CE,26400.0,2026-02-10,412.9,
2026-01-07 10:23:40+05:30,NIFTY2621026400CE,26400.0,2026-02-10,412.9,
2026-01-07 10:23:41+05:30,NIFTY2621026400CE,26400.0,2026-02-10,412.9,
2026-01-07 10:23:42+05:30,NIFTY2621026400CE,26400.0,2026-02-10,412.9,
2026-01-07 10:23:43+05:30,NIFTY2621026400CE,26400.0,2026-02-10,412.9,
2026-01-07 10:23:44+05:30,NIFTY2621026400CE,26400.0,2026-02-10,412.9,
2026-01-07 10:23:45+05:30,NIFTY2621026400CE,26400.0,2026-02-10,412.9,
2026-01-07 10:23:46+05:30,NIFTY2621026400CE,26400.0,2026-02-10,412.9,
2026-01-07 10:23:47+05:30,NIFTY2621026400CE,26400.0,2026-02-10,412.9,
2026-01-07 10:23:48+05:30,NIFTY2621026400CE,26400.0,2026-02-10,412.9,
2026-01-07 10:23:49+05:30,NIFTY2621026400CE,26400.0,2026-02-10,412.9,
2026-01-07 10:23:50+05:30,NIFTY2621026400CE,26400.0,2026-02-10,412.9,
2026-01-07 10:23:51+05:30,NIFTY2621026400CE,26400.0,2026-02-10,412.9,
2026-01-07 10:23:52+05:30,NIFTY2621026400CE,26400.0,2026-02-10,412.9,
2026-01-07 10:23:53+05:30,NIFTY2621026400CE,26400.0,2026-02-10,412.9,
2026-01-07 10:23:54+05:30,NIFTY2621026400CE,26400.0,2026-02-10,412.9,
2026-01-07 10:23:55+05:30,NIFTY2621026400CE,26400.0,2026-02-10,412.9,
2026-01-07 10:23:56+05:30,NIFTY2621026400CE,26400.0,2026-02-10,412.9,
2026-01-07 10:23:57+05:30,NIFTY2621026400CE,26400.0,2026-02-10,412.9,
2026-01-07 10:23:58+05:30,NIFTY2621026400CE,26400.0,2026-02-10,412.9,
2026-01-07 10:23:59+05:30,NIFTY2621026400CE,26400.0,2026-02-10,412.9,
2026-01-07 10:24:00+05:30,NIFTY2621026400CE,26400.0,2026-02-10,412.9,
2026-01-07 10:24:01+05:30,NIFTY2621026400CE,26400.0,2026-02-10,412.9,
2026-01-07 10:24:02+05:30,NIFTY2621026400CE,26400.0,2026-02-10,412.9,
2026-01-07 10:24:03+05:30,NIFTY2621026400CE,26400.0,2026-02-10,412.9,
2026-01-07 10:24:04+05:30,NIFTY2621026400CE,26400.0,2026-02-10,412.9,
2026-01-07 10:24:05+05:30,NIFTY2621026400CE,26400.0,2026-02-10,412.9,
2026-01-07 10:24:06+05:30,NIFTY2621026400CE,26400.0,2026-02-10,412.9,
2026-01-07 10:24:07+05:30,NIFTY2621026400CE,26400.0,2026-02-10,412.9,
2026-01-07 10:24:08+05:30,NIFTY2621026400CE,26400.0,2026-02-10,412.9,
2026-01-07 10:24:09+05:30,NIFTY2621026400CE,26400.0,2026-02-10,412.9,
2026-01-07 10:24:10+05:30,NIFTY2621026400CE,26400.0,2026-02-10,412.9,
2026-01-07 10:24:11+05:30,NIFTY2621026400CE,26400.0,2026-02-10,412.9,
2026-01-07 10:24:12+05:30,NIFTY2621026400CE,26400.0,2026-02-10,412.9,
2026-01-07 10:24:13+05:30,NIFTY2621026400CE,26400.0,2026-02-10,412.9,
2026-01-07 10:24:14+05:30,NIFTY2621026400CE,26400.0,2026-02-10,412.9,
2026-01-07 10:24:15+05:30,NIFTY2621026400CE,26400.0,2026-02-10,412.9,
2026-01-07 10:24:16+05:30,NIFTY2621026400CE,26400.0,2026-02-10,412.9,
2026-01-07 10:24:17+05:30,NIFTY2621026400CE,26400.0,2026-02-10,412.9,
2026-01-07 10:24:18+05:30,NIFTY2621026400CE,26400.0,2026-02-10,412.9,
2026-01-07 10:24:19+05:30,NIFTY2621026400CE,26400.0,2026-02-10,412.9,
2026-01-07 10:24:20+05:30,NIFTY2621026400CE,26400.0,2026-02-10,412.9,
2026-01-07 10:24:21+05:30,NIFTY2621026400CE,26400.0,2026-02-10,412.9,
2026-01-07 10:24:22+05:30,NIFTY2621026400CE,26400.0,2026-02-10,412.9,
2026-01-07 10:24:23+05:30,NIFTY2621026400CE,26400.0,2026-02-10,412.9,
2026-01-07 10:24:24+05:30,NIFTY2621026400CE,26400.0,2026-02-10,412.9,
2026-01-07 10:24:25+05:30,NIFTY2621026400CE,26400.0,2026-02-10,412.9,
2026-01-07 10:24:26+05:30,NIFTY2621026400CE,26400.0,2026-02-10,412.9,
2026-01-07 10:24:27+05:30,NIFTY2621026400CE,26400.0,2026-02-10,412.9,
2026-01-07 10:24:28+05:30,NIFTY2621026400CE,26400.0,2026-02-10,412.9,
2026-01-07 10:24:29+05:30,NIFTY2621026400CE,26400.0,2026-02-10,412.9,
2026-01-07 10:24:30+05:30,NIFTY2621026400CE,26400.0,2026-02-10,412.9,
2026-01-07 10:24:31+05:30,NIFTY2621026400CE,26400.0,2026-02-10,412.9,
2026-01-07 10:24:32+05:30,NIFTY2621026400CE,26400.0,2026-02-10,412.9,
2026-01-07 10:24:33+05:30,NIFTY2621026400CE,26400.0,2026-02-10,412.9,
2026-01-07 10:24:34+05:30,NIFTY2621026400CE,26400.0,2026-02-10,412.9,
2026-01-07 10:24:35+05:30,NIFTY2621026400CE,26400.0,2026-02-10,412.9,
2026-01-07 10:24:36+05:30,NIFTY2621026400CE,26400.0,2026-02-10,412.9,
2026-01-07 10:24:37+05:30,NIFTY2621026400CE,26400.0,2026-02-10,412.9,
2026-01-07 10:24:38+05:30,NIFTY2621026400CE,26400.0,2026-02-10,412.9,
2026-01-07 10:24:39+05:30,NIFTY2621026400CE,26400.0,2026-02-10,412.9,
2026-01-07 10:24:40+05:30,NIFTY2621026400CE,26400.0,2026-02-10,412.9,
2026-01-07 10:24:41+05:30,NIFTY2621026400CE,26400.0,2026-02-10,412.9,
2026-01-07 10:24:42+05:30,NIFTY2621026400CE,26400.0,2026-02-10,412.9,
2026-01-07 10:24:43+05:30,NIFTY2621026400CE,26400.0,2026-02-10,412.9,
2026-01-07 10:24:44+05:30,NIFTY2621026400CE,26400.0,2026-02-10,412.9,
2026-01-07 10:24:45+05:30,NIFTY2621026400CE,26400.0,2026-02-10,412.9,
2026-01-07 10:24:46+05:30,NIFTY2621026400CE,26400.0,2026-02-10,412.9,
2026-01-07 10:24:47+05:30,NIFTY2621026400CE,26400.0,2026-02-10,412.9,
2026-01-07 10:24:48+05:30,NIFTY2621026400CE,26400.0,2026-02-10,412.9,
2026-01-07 10:24:49+05:30,NIFTY2621026400CE,26400.0,2026-02-10,412.9,
2026-01-07 10:24:50+05:30,NIFTY2621026400CE,26400.0,2026-02-10,412.9,
2026-01-07 10:24:51+05:30,NIFTY2621026400CE,26400.0,2026-02-10,412.9,
2026-01-07 10:24:52+05:30,NIFTY2621026400CE,26400.0,2026-02-10,412.9,
2026-01-07 10:24:53+05:30,NIFTY2621026400CE,26400.0,2026-02-10,412.9,
2026-01-07 10:24:54+05:30,NIFTY2621026400CE,26400.0,2026-02-10,412.9,
2026-01-07 10:24:55+05:30,NIFTY2621026400CE,26400.0,2026-02-10,412.9,
2026-01-07 10:24:56+05:30,NIFTY2621026400CE,26400.0,2026-02-10,412.9,
2026-01-07 10:24:57+05:30,NIFTY2621026400CE,26400.0,2026-02-10,412.9,
2026-01-07 10:24:58+05:30,NIFTY2621026400CE,26400.0,2026-02-10,412.9,
2026-01-07 10:24:59+05:30,NIFTY2621026400CE,26400.0,2026-02-10,412.9,
2026-01-07 10:25:00+05:30,NIFTY2621026400CE,26400.0,2026-02-10,412.9,
2026-01-07 10:25:01+05:30,NIFTY2621026400CE,26400.0,2026-02-10,412.9,
2026-01-07 10:25:02+05:30,NIFTY2621026400CE,26400.0,2026-02-10,412.9,
2026-01-07 10:25:03+05:30,NIFTY2621026400CE,26400.0,2026-02-10,412.9,
2026-01-07 10:25:04+05:30,NIFTY2621026400CE,26400.0,2026-02-10,412.9,
2026-01-07 10:25:05+05:30,NIFTY2621026400CE,26400.0,2026-02-10,412.9,
2026-01-07 10:25:06+05:30,NIFTY2621026400CE,26400.0,2026-02-10,412.9,
2026-01-07 10:25:07+05:30,NIFTY2621026400CE,26400.0,2026-02-10,412.9,
2026-01-07 10:25:08+05:30,NIFTY2621026400CE,26400.0,2026-02-10,412.9,
2026-01-07 10:25:09+05:30,NIFTY2621026400CE,26400.0,2026-02-10,412.9,
2026-01-07 10:25:10+05:30,NIFTY2621026400CE,26400.0,2026-02-10,412.9,
2026-01-07 10:25:11+05:30,NIFTY2621026400CE,26400.0,2026-02-10,412.9,
2026-01-07 10:25:12+05:30,NIFTY2621026400CE,26400.0,2026-02-10,412.9,
2026-01-07 10:25:13+05:30,NIFTY2621026400CE,26400.0,2026-02-10,412.9,
2026-01-07 10:25:14+05:30,NIFTY2621026400CE,26400.0,2026-02-10,412.9,
2026-01-07 10:25:15+05:30,NIFTY2621026400CE,26400.0,2026-02-10,412.9,
2026-01-07 10:25:16+05:30,NIFTY2621026400CE,26400.0,2026-02-10,412.9,
2026-01-07 10:25:17+05:30,NIFTY2621026400CE,26400.0,2026-02-10,412.9,
2026-01-07 10:25:18+05:30,NIFTY2621026400CE,26400.0,2026-02-10,412.9,
2026-01-07 10:25:19+05:30,NIFTY2621026400CE,26400.0,2026-02-10,412.9,
2026-01-07 10:25:20+05:30,NIFTY2621026400CE,26400.0,2026-02-10,412.9,
2026-01-07 10:25:21+05:30,NIFTY2621026400CE,26400.0,2026-02-10,412.9,
2026-01-07 10:25:22+05:30,NIFTY2621026400CE,26400.0,2026-02-10,412.9,
2026-01-07 10:25:23+05:30,NIFTY2621026400CE,26400.0,2026-02-10,412.9,
2026-01-07 10:25:24+05:30,NIFTY2621026400CE,26400.0,2026-02-10,412.9,
2026-01-07 10:25:25+05:30,NIFTY2621026400CE,26400.0,2026-02-10,412.9,
2026-01-07 10:25:26+05:30,NIFTY2621026400CE,26400.0,2026-02-10,412.9,
2026-01-07 10:25:27+05:30,NIFTY2621026400CE,26400.0,2026-02-10,412.9,
2026-01-07 10:25:28+05:30,NIFTY2621026400CE,26400.0,2026-02-10,412.9,
2026-01-07 10:25:29+05:30,NIFTY2621026400CE,26400.0,2026-02-10,412.9,
2026-01-07 10:25:30+05:30,NIFTY2621026400CE,26400.0,2026-02-10,412.9,
2026-01-07 10:25:31+05:30,NIFTY2621026400CE,26400.0,2026-02-10,412.9,
2026-01-07 10:25:32+05:30,NIFTY2621026400CE,26400.0,2026-02-10,412.9,
2026-01-07 10:25:33+05:30,NIFTY2621026400CE,26400.0,2026-02-10,412.9,
2026-01-07 10:25:34+05:30,NIFTY2621026400CE,26400.0,2026-02-10,412.9,
2026-01-07 10:25:35+05:30,NIFTY2621026400CE,26400.0,2026-02-10,412.9,
2026-01-07 10:25:36+05:30,NIFTY2621026400CE,26400.0,2026-02-10,412.9,
2026-01-07 10:25:37+05:30,NIFTY2621026400CE,26400.0,2026-02-10,412.9,
2026-01-07 10:25:38+05:30,NIFTY2621026400CE,26400.0,2026-02-10,412.9,
2026-01-07 10:25:39+05:30,NIFTY2621026400CE,26400.0,2026-02-10,412.9,
2026-01-07 10:25:40+05:30,NIFTY2621026400CE,26400.0,2026-02-10,412.9,
2026-01-07 10:25:41+05:30,NIFTY2621026400CE,26400.0,2026-02-10,412.9,
2026-01-07 10:25:42+05:30,NIFTY2621026400CE,26400.0,2026-02-10,412.9,
2026-01-07 10:25:43+05:30,NIFTY2621026400CE,26400.0,2026-02-10,412.9,
2026-01-07 10:25:44+05:30,NIFTY2621026400CE,26400.0,2026-02-10,412.9,
2026-01-07 10:25:45+05:30,NIFTY2621026400CE,26400.0,2026-02-10,412.9,
2026-01-07 10:25:46+05:30,NIFTY2621026400CE,26400.0,2026-02-10,412.9,
2026-01-07 10:25:47+05:30,NIFTY2621026400CE,26400.0,2026-02-10,412.9,
2026-01-07 10:25:48+05:30,NIFTY2621026400CE,26400.0,2026-02-10,412.9,
2026-01-07 10:25:49+05:30,NIFTY2621026400CE,26400.0,2026-02-10,412.9,
2026-01-07 10:25:50+05:30,NIFTY2621026400CE,26400.0,2026-02-10,412.9,
2026-01-07 10:25:51+05:30,NIFTY2621026400CE,26400.0,2026-02-10,412.9,
2026-01-07 10:25:52+05:30,NIFTY2621026400CE,26400.0,2026-02-10,412.9,
2026-01-07 10:25:53+05:30,NIFTY2621026400CE,26400.0,2026-02-10,412.9,
2026-01-07 10:25:54+05:30,NIFTY2621026400CE,26400.0,2026-02-10,412.9,
2026-01-07 10:25:55+05:30,NIFTY2621026400CE,26400.0,2026-02-10,412.9,
2026-01-07 10:25:56+05:30,NIFTY2621026400CE,26400.0,2026-02-10,412.9,
2026-01-07 10:25:57+05:30,NIFTY2621026400CE,26400.0,2026-02-10,412.9,
2026-01-07 10:25:58+05:30,NIFTY2621026400CE,26400.0,2026-02-10,412.9,
2026-01-07 10:25:59+05:30,NIFTY2621026400CE,26400.0,2026-02-10,412.9,
2026-01-07 10:26:00+05:30,NIFTY2621026400CE,26400.0,2026-02-10,412.9,
2026-01-07 10:26:01+05:30,NIFTY2621026400CE,26400.0,2026-02-10,412.9,
2026-01-07 10:26:02+05:30,NIFTY2621026400CE,26400.0,2026-02-10,412.9,
2026-01-07 10:26:03+05:30,NIFTY2621026400CE,26400.0,2026-02-10,412.9,
2026-01-07 10:26:04+05:30,NIFTY2621026400CE,26400.0,2026-02-10,412.9,
2026-01-07 10:26:05+05:30,NIFTY2621026400CE,26400.0,2026-02-10,412.9,
2026-01-07 10:26:06+05:30,NIFTY2621026400CE,26400.0,2026-02-10,412.9,
2026-01-07 10:26:07+05:30,NIFTY2621026400CE,26400.0,2026-02-10,412.9,
2026-01-07 10:26:08+05:30,NIFTY2621026400CE,26400.0,2026-02-10,412.9,
2026-01-07 10:26:09+05:30,NIFTY2621026400CE,26400.0,2026-02-10,412.9,
2026-01-07 10:26:10+05:30,NIFTY2621026400CE,26400.0,2026-02-10,412.9,
2026-01-07 10:26:11+05:30,NIFTY2621026400CE,26400.0,2026-02-10,412.9,
2026-01-07 10:26:12+05:30,NIFTY2621026400CE,26400.0,2026-02-10,412.9,
2026-01-07 10:26:13+05:30,NIFTY2621026400CE,26400.0,2026-02-10,412.9,
2026-01-07 10:26:14+05:30,NIFTY2621026400CE,26400.0,2026-02-10,412.9,
2026-01-07 10:26:15+05:30,NIFTY2621026400CE,26400.0,2026-02-10,412.9,
2026-01-07 10:26:16+05:30,NIFTY2621026400CE,26400.0,2026-02-10,412.9,
2026-01-07 10:26:17+05:30,NIFTY2621026400CE,26400.0,2026-02-10,412.9,
2026-01-07 10:26:18+05:30,NIFTY2621026400CE,26400.0,2026-02-10,412.9,
2026-01-07 10:26:19+05:30,NIFTY2621026400CE,26400.0,2026-02-10,412.9,
2026-01-07 10:26:20+05:30,NIFTY2621026400CE,26400.0,2026-02-10,412.9,
2026-01-07 10:26:21+05:30,NIFTY2621026400CE,26400.0,2026-02-10,412.9,
2026-01-07 10:26:22+05:30,NIFTY2621026400CE,26400.0,2026-02-10,412.9,
2026-01-07 10:26:23+05:30,NIFTY2621026400CE,26400.0,2026-02-10,412.9,
2026-01-07 10:26:24+05:30,NIFTY2621026400CE,26400.0,2026-02-10,412.9,
2026-01-07 10:26:25+05:30,NIFTY2621026400CE,26400.0,2026-02-10,412.9,
2026-01-07 10:26:26+05:30,NIFTY2621026400CE,26400.0,2026-02-10,412.9,
2026-01-07 10:26:27+05:30,NIFTY2621026400CE,26400.0,2026-02-10,412.9,
2026-01-07 10:26:28+05:30,NIFTY2621026400CE,26400.0,2026-02-10,412.9,
2026-01-07 10:26:29+05:30,NIFTY2621026400CE,26400.0,2026-02-10,412.9,
2026-01-07 10:26:30+05:30,NIFTY2621026400CE,26400.0,2026-02-10,412.9,
2026-01-07 10:26:31+05:30,NIFTY2621026400CE,26400.0,2026-02-10,412.9,
2026-01-07 10:26:32+05:30,NIFTY2621026400CE,26400.0,2026-02-10,412.9,
2026-01-07 10:26:33+05:30,NIFTY2621026400CE,26400.0,2026-02-10,412.9,
2026-01-07 10:26:34+05:30,NIFTY2621026400CE,26400.0,2026-02-10,412.9,
2026-01-07 10:26:35+05:30,NIFTY2621026400CE,26400.0,2026-02-10,412.9,
2026-01-07 10:26:36+05:30,NIFTY2621026400CE,26400.0,2026-02-10,412.9,
2026-01-07 10:26:37+05:30,NIFTY2621026400CE,26400.0,2026-02-10,412.9,
2026-01-07 10:26:38+05:30,NIFTY2621026400CE,26400.0,2026-02-10,412.9,
2026-01-07 10:26:39+05:30,NIFTY2621026400CE,26400.0,2026-02-10,412.9,
2026-01-07 10:26:40+05:30,NIFTY2621026400CE,26400.0,2026-02-10,412.9,
2026-01-07 10:26:41+05:30,NIFTY2621026400CE,26400.0,2026-02-10,412.9,
2026-01-07 10:26:42+05:30,NIFTY2621026400CE,26400.0,2026-02-10,412.9,
2026-01-07 10:26:43+05:30,NIFTY2621026400CE,26400.0,2026-02-10,412.9,
2026-01-07 10:26:44+05:30,NIFTY2621026400CE,26400.0,2026-02-10,412.9,
2026-01-07 10:26:45+05:30,NIFTY2621026400CE,26400.0,2026-02-10,412.9,
2026-01-07 10:26:46+05:30,NIFTY2621026400CE,26400.0,2026-02-10,412.9,
2026-01-07 10:26:47+05:30,NIFTY2621026400CE,26400.0,2026-02-10,412.9,
2026-01-07 10:26:48+05:30,NIFTY2621026400CE,26400.0,2026-02-10,412.9,
2026-01-07 10:26:49+05:30,NIFTY2621026400CE,26400.0,2026-02-10,412.9,
2026-01-07 10:26:50+05:30,NIFTY2621026400CE,26400.0,2026-02-10,412.9,
2026-01-07 10:26:51+05:30,NIFTY2621026400CE,26400.0,2026-02-10,412.9,
2026-01-07 10:26:52+05:30,NIFTY2621026400CE,26400.0,2026-02-10,412.9,
2026-01-07 10:26:53+05:30,NIFTY2621026400CE,26400.0,2026-02-10,412.9,
2026-01-07 10:26:54+05:30,NIFTY2621026400CE,26400.0,2026-02-10,412.9,
2026-01-07 10:26:55+05:30,NIFTY2621026400CE,26400.0,2026-02-10,412.9,
2026-01-07 10:26:56+05:30,NIFTY2621026400CE,26400.0,2026-02-10,412.9,
2026-01-07 10:26:57+05:30,NIFTY2621026400CE,26400.0,2026-02-10,412.9,
2026-01-07 10:26:58+05:30,NIFTY2621026400CE,26400.0,2026-02-10,412.9,
2026-01-07 10:26:59+05:30,NIFTY2621026400CE,26400.0,2026-02-10,412.9,
2026-01-07 10:27:00+05:30,NIFTY2621026400CE,26400.0,2026-02-10,412.9,
2026-01-07 10:27:01+05:30,NIFTY2621026400CE,26400.0,2026-02-10,412.9,
2026-01-07 10:27:02+05:30,NIFTY2621026400CE,26400.0,2026-02-10,412.9,
2026-01-07 10:27:03+05:30,NIFTY2621026400CE,26400.0,2026-02-10,412.9,
2026-01-07 10:27:04+05:30,NIFTY2621026400CE,26400.0,2026-02-10,412.9,
2026-01-07 10:27:05+05:30,NIFTY2621026400CE,26400.0,2026-02-10,412.9,
2026-01-07 10:27:06+05:30,NIFTY2621026400CE,26400.0,2026-02-10,412.9,
2026-01-07 10:27:07+05:30,NIFTY2621026400CE,26400.0,2026-02-10,412.9,
2026-01-07 10:27:08+05:30,NIFTY2621026400CE,26400.0,2026-02-10,412.9,
2026-01-07 10:27:09+05:30,NIFTY2621026400CE,26400.0,2026-02-10,412.9,
2026-01-07 10:27:10+05:30,NIFTY2621026400CE,26400.0,2026-02-10,412.9,
2026-01-07 10:27:11+05:30,NIFTY2621026400CE,26400.0,2026-02-10,412.9,
2026-01-07 10:27:12+05:30,NIFTY2621026400CE,26400.0,2026-02-10,412.9,
2026-01-07 10:27:13+05:30,NIFTY2621026400CE,26400.0,2026-02-10,412.9,
2026-01-07 10:27:14+05:30,NIFTY2621026400CE,26400.0,2026-02-10,412.9,
2026-01-07 10:27:15+05:30,NIFTY2621026400CE,26400.0,2026-02-10,412.9,
2026-01-07 10:27:16+05:30,NIFTY2621026400CE,26400.0,2026-02-10,412.9,
2026-01-07 10:27:17+05:30,NIFTY2621026400CE,26400.0,2026-02-10,412.9,
2026-01-07 10:27:18+05:30,NIFTY2621026400CE,26400.0,2026-02-10,412.9,
2026-01-07 10:27:19+05:30,NIFTY2621026400CE,26400.0,2026-02-10,412.9,
2026-01-07 10:27:20+05:30,NIFTY2621026400CE,26400.0,2026-02-10,412.9,
2026-01-07 10:27:21+05:30,NIFTY2621026400CE,26400.0,2026-02-10,412.9,
2026-01-07 10:27:22+05:30,NIFTY2621026400CE,26400.0,2026-02-10,412.9,
2026-01-07 10:27:23+05:30,NIFTY2621026400CE,26400.0,2026-02-10,412.9,
2026-01-07 10:27:24+05:30,NIFTY2621026400CE,26400.0,2026-02-10,412.9,
2026-01-07 10:27:25+05:30,NIFTY2621026400CE,26400.0,2026-02-10,412.9,
2026-01-07 10:27:26+05:30,NIFTY2621026400CE,26400.0,2026-02-10,412.9,
2026-01-07 10:27:27+05:30,NIFTY2621026400CE,26400.0,2026-02-10,412.9,
2026-01-07 10:27:28+05:30,NIFTY2621026400CE,26400.0,2026-02-10,412.9,
2026-01-07 10:27:29+05:30,NIFTY2621026400CE,26400.0,2026-02-10,412.9,
2026-01-07 10:27:30+05:30,NIFTY2621026400CE,26400.0,2026-02-10,412.9,
2026-01-07 10:27:31+05:30,NIFTY2621026400CE,26400.0,2026-02-10,412.9,
2026-01-07 10:27:32+05:30,NIFTY2621026400CE,26400.0,2026-02-10,412.9,
2026-01-07 10:27:33+05:30,NIFTY2621026400CE,26400.0,2026-02-10,412.9,
2026-01-07 10:27:34+05:30,NIFTY2621026400CE,26400.0,2026-02-10,412.9,
2026-01-07 10:27:35+05:30,NIFTY2621026400CE,26400.0,2026-02-10,412.9,
2026-01-07 10:27:36+05:30,NIFTY2621026400CE,26400.0,2026-02-10,412.9,
2026-01-07 10:27:37+05:30,NIFTY2621026400CE,26400.0,2026-02-10,412.9,
2026-01-07 10:27:38+05:30,NIFTY2621026400CE,26400.0,2026-02-10,412.9,
2026-01-07 10:27:39+05:30,NIFTY2621026400CE,26400.0,2026-02-10,412.9,
2026-01-07 10:27:40+05:30,NIFTY2621026400CE,26400.0,2026-02-10,412.9,
2026-01-07 10:27:41+05:30,NIFTY2621026400CE,26400.0,2026-02-10,412.9,
2026-01-07 10:27:42+05:30,NIFTY2621026400CE,26400.0,2026-02-10,412.9,
2026-01-07 10:27:43+05:30,NIFTY2621026400CE,26400.0,2026-02-10,412.9,
2026-01-07 10:27:44+05:30,NIFTY2621026400CE,26400.0,2026-02-10,412.9,
2026-01-07 10:27:45+05:30,NIFTY2621026400CE,26400.0,2026-02-10,412.9,
2026-01-07 10:27:46+05:30,NIFTY2621026400CE,26400.0,2026-02-10,412.9,
2026-01-07 10:27:47+05:30,NIFTY2621026400CE,26400.0,2026-02-10,412.9,
2026-01-07 10:27:48+05:30,NIFTY2621026400CE,26400.0,2026-02-10,412.9,
2026-01-07 10:27:49+05:30,NIFTY2621026400CE,26400.0,2026-02-10,412.9,
2026-01-07 10:27:50+05:30,NIFTY2621026400CE,26400.0,2026-02-10,412.9,
2026-01-07 10:27:51+05:30,NIFTY2621026400CE,26400.0,2026-02-10,412.9,
2026-01-07 10:27:52+05:30,NIFTY2621026400CE,26400.0,2026-02-10,412.9,
2026-01-07 10:27:53+05:30,NIFTY2621026400CE,26400.0,2026-02-10,412.9,
2026-01-07 10:27:54+05:30,NIFTY2621026400CE,26400.0,2026-02-10,412.9,
2026-01-07 10:27:55+05:30,NIFTY2621026400CE,26400.0,2026-02-10,412.9,
2026-01-07 10:27:56+05:30,NIFTY2621026400CE,26400.0,2026-02-10,412.9,
2026-01-07 10:27:57+05:30,NIFTY2621026400CE,26400.0,2026-02-10,412.9,
2026-01-07 10:27:58+05:30,NIFTY2621026400CE,26400.0,2026-02-10,412.9,
2026-01-07 10:27:59+05:30,NIFTY2621026400CE,26400.0,2026-02-10,412.9,
2026-01-07 10:28:00+05:30,NIFTY2621026400CE,26400.0,2026-02-10,412.9,
2026-01-07 10:28:01+05:30,NIFTY2621026400CE,26400.0,2026-02-10,412.9,
2026-01-07 10:28:02+05:30,NIFTY2621026400CE,26400.0,2026-02-10,412.9,
2026-01-07 10:28:03+05:30,NIFTY2621026400CE,26400.0,2026-02-10,412.9,
2026-01-07 10:28:04+05:30,NIFTY2621026400CE,26400.0,2026-02-10,412.9,
2026-01-07 10:28:05+05:30,NIFTY2621026400CE,26400.0,2026-02-10,412.9,
2026-01-07 10:28:06+05:30,NIFTY2621026400CE,26400.0,2026-02-10,412.9,
2026-01-07 10:28:07+05:30,NIFTY2621026400CE,26400.0,2026-02-10,412.9,
2026-01-07 10:28:08+05:30,NIFTY2621026400CE,26400.0,2026-02-10,412.9,
2026-01-07 10:28:09+05:30,NIFTY2621026400CE,26400.0,2026-02-10,412.9,
2026-01-07 10:28:10+05:30,NIFTY2621026400CE,26400.0,2026-02-10,412.9,
2026-01-07 10:28:11+05:30,NIFTY2621026400CE,26400.0,2026-02-10,412.9,
2026-01-07 10:28:12+05:30,NIFTY2621026400CE,26400.0,2026-02-10,412.9,
2026-01-07 10:28:13+05:30,NIFTY2621026400CE,26400.0,2026-02-10,412.9,
2026-01-07 10:28:14+05:30,NIFTY2621026400CE,26400.0,2026-02-10,412.9,
2026-01-07 10:28:15+05:30,NIFTY2621026400CE,26400.0,2026-02-10,412.9,
2026-01-07 10:28:16+05:30,NIFTY2621026400CE,26400.0,2026-02-10,412.9,
2026-01-07 10:28:17+05:30,NIFTY2621026400CE,26400.0,2026-02-10,412.9,
2026-01-07 10:28:18+05:30,NIFTY2621026400CE,26400.0,2026-02-10,412.9,
2026-01-07 10:28:19+05:30,NIFTY2621026400CE,26400.0,2026-02-10,412.9,
2026-01-07 10:28:20+05:30,NIFTY2621026400CE,26400.0,2026-02-10,412.9,
2026-01-07 10:28:21+05:30,NIFTY2621026400CE,26400.0,2026-02-10,412.9,
2026-01-07 10:28:22+05:30,NIFTY2621026400CE,26400.0,2026-02-10,412.9,
2026-01-07 10:28:23+05:30,NIFTY2621026400CE,26400.0,2026-02-10,412.9,
2026-01-07 10:28:24+05:30,NIFTY2621026400CE,26400.0,2026-02-10,412.9,
2026-01-07 10:28:25+05:30,NIFTY2621026400CE,26400.0,2026-02-10,412.9,
2026-01-07 10:28:26+05:30,NIFTY2621026400CE,26400.0,2026-02-10,412.9,
2026-01-07 10:28:27+05:30,NIFTY2621026400CE,26400.0,2026-02-10,412.9,
2026-01-07 10:28:28+05:30,NIFTY2621026400CE,26400.0,2026-02-10,412.9,
2026-01-07 10:28:29+05:30,NIFTY2621026400CE,26400.0,2026-02-10,412.9,
2026-01-07 10:28:30+05:30,NIFTY2621026400CE,26400.0,2026-02-10,412.9,
2026-01-07 10:28:31+05:30,NIFTY2621026400CE,26400.0,2026-02-10,412.9,
2026-01-07 10:28:32+05:30,NIFTY2621026400CE,26400.0,2026-02-10,412.9,
2026-01-07 10:28:33+05:30,NIFTY2621026400CE,26400.0,2026-02-10,412.9,
2026-01-07 10:28:34+05:30,NIFTY2621026400CE,26400.0,2026-02-10,412.9,
2026-01-07 10:28:35+05:30,NIFTY2621026400CE,26400.0,2026-02-10,412.9,
2026-01-07 10:28:36+05:30,NIFTY2621026400CE,26400.0,2026-02-10,412.9,
2026-01-07 10:28:37+05:30,NIFTY2621026400CE,26400.0,2026-02-10,412.9,
2026-01-07 10:28:38+05:30,NIFTY2621026400CE,26400.0,2026-02-10,412.9,
2026-01-07 10:28:39+05:30,NIFTY2621026400CE,26400.0,2026-02-10,412.9,
2026-01-07 10:28:40+05:30,NIFTY2621026400CE,26400.0,2026-02-10,412.9,
2026-01-07 10:28:41+05:30,NIFTY2621026400CE,26400.0,2026-02-10,412.9,
2026-01-07 10:28:42+05:30,NIFTY2621026400CE,26400.0,2026-02-10,412.9,
2026-01-07 10:28:43+05:30,NIFTY2621026400CE,26400.0,2026-02-10,412.9,
2026-01-07 10:28:44+05:30,NIFTY2621026400CE,26400.0,2026-02-10,412.9,
2026-01-07 10:28:45+05:30,NIFTY2621026400CE,26400.0,2026-02-10,412.9,
2026-01-07 10:28:46+05:30,NIFTY2621026400CE,26400.0,2026-02-10,412.9,
2026-01-07 10:28:47+05:30,NIFTY2621026400CE,26400.0,2026-02-10,412.9,
2026-01-07 10:28:48+05:30,NIFTY2621026400CE,26400.0,2026-02-10,412.9,
2026-01-07 10:28:49+05:30,NIFTY2621026400CE,26400.0,2026-02-10,412.9,
2026-01-07 10:28:50+05:30,NIFTY2621026400CE,26400.0,2026-02-10,412.9,
2026-01-07 10:28:51+05:30,NIFTY2621026400CE,26400.0,2026-02-10,412.9,
2026-01-07 10:28:52+05:30,NIFTY2621026400CE,26400.0,2026-02-10,412.9,
2026-01-07 10:28:53+05:30,NIFTY2621026400CE,26400.0,2026-02-10,412.9,
2026-01-07 10:28:54+05:30,NIFTY2621026400CE,26400.0,2026-02-10,412.9,
2026-01-07 10:28:55+05:30,NIFTY2621026400CE,26400.0,2026-02-10,412.9,
2026-01-07 10:28:56+05:30,NIFTY2621026400CE,26400.0,2026-02-10,412.9,
2026-01-07 10:28:57+05:30,NIFTY2621026400CE,26400.0,2026-02-10,412.9,
2026-01-07 10:28:58+05:30,NIFTY2621026400CE,26400.0,2026-02-10,412.9,
2026-01-07 10:28:59+05:30,NIFTY2621026400CE,26400.0,2026-02-10,412.9,
2026-01-07 10:29:00+05:30,NIFTY2621026400CE,26400.0,2026-02-10,412.9,
2026-01-07 10:29:01+05:30,NIFTY2621026400CE,26400.0,2026-02-10,412.9,
2026-01-07 10:29:02+05:30,NIFTY2621026400CE,26400.0,2026-02-10,412.9,
2026-01-07 10:29:03+05:30,NIFTY2621026400CE,26400.0,2026-02-10,412.9,
2026-01-07 10:29:04+05:30,NIFTY2621026400CE,26400.0,2026-02-10,412.9,
2026-01-07 10:29:05+05:30,NIFTY2621026400CE,26400.0,2026-02-10,412.9,
2026-01-07 10:29:06+05:30,NIFTY2621026400CE,26400.0,2026-02-10,412.9,
2026-01-07 10:29:07+05:30,NIFTY2621026400CE,26400.0,2026-02-10,412.9,
2026-01-07 10:29:08+05:30,NIFTY2621026400CE,26400.0,2026-02-10,412.9,
2026-01-07 10:29:09+05:30,NIFTY2621026400CE,26400.0,2026-02-10,412.9,
2026-01-07 10:29:10+05:30,NIFTY2621026400CE,26400.0,2026-02-10,412.9,
2026-01-07 10:29:11+05:30,NIFTY2621026400CE,26400.0,2026-02-10,412.9,
2026-01-07 10:29:12+05:30,NIFTY2621026400CE,26400.0,2026-02-10,412.9,
2026-01-07 10:29:13+05:30,NIFTY2621026400CE,26400.0,2026-02-10,412.9,
2026-01-07 10:29:14+05:30,NIFTY2621026400CE,26400.0,2026-02-10,412.9,
2026-01-07 10:29:15+05:30,NIFTY2621026400CE,26400.0,2026-02-10,412.9,
2026-01-07 10:29:16+05:30,NIFTY2621026400CE,26400.0,2026-02-10,412.9,
2026-01-07 10:29:17+05:30,NIFTY2621026400CE,26400.0,2026-02-10,412.9,
2026-01-07 10:29:18+05:30,NIFTY2621026400CE,26400.0,2026-02-10,412.9,
2026-01-07 10:29:19+05:30,NIFTY2621026400CE,26400.0,2026-02-10,412.9,
2026-01-07 10:29:20+05:30,NIFTY2621026400CE,26400.0,2026-02-10,412.9,
2026-01-07 10:29:21+05:30,NIFTY2621026400CE,26400.0,2026-02-10,412.9,
2026-01-07 10:29:22+05:30,NIFTY2621026400CE,26400.0,2026-02-10,412.9,
2026-01-07 10:29:23+05:30,NIFTY2621026400CE,26400.0,2026-02-10,412.9,
2026-01-07 10:29:24+05:30,NIFTY2621026400CE,26400.0,2026-02-10,412.9,
2026-01-07 10:29:25+05:30,NIFTY2621026400CE,26400.0,2026-02-10,412.9,
2026-01-07 10:29:26+05:30,NIFTY2621026400CE,26400.0,2026-02-10,412.9,
2026-01-07 10:29:27+05:30,NIFTY2621026400CE,26400.0,2026-02-10,412.9,
2026-01-07 10:29:28+05:30,NIFTY2621026400CE,26400.0,2026-02-10,412.9,
2026-01-07 10:29:29+05:30,NIFTY2621026400CE,26400.0,2026-02-10,412.9,
2026-01-07 10:29:30+05:30,NIFTY2621026400CE,26400.0,2026-02-10,412.9,
2026-01-07 10:29:31+05:30,NIFTY2621026400CE,26400.0,2026-02-10,412.9,
2026-01-07 10:29:32+05:30,NIFTY2621026400CE,26400.0,2026-02-10,412.9,
2026-01-07 10:29:33+05:30,NIFTY2621026400CE,26400.0,2026-02-10,412.9,
2026-01-07 10:29:34+05:30,NIFTY2621026400CE,26400.0,2026-02-10,412.9,
2026-01-07 10:29:35+05:30,NIFTY2621026400CE,26400.0,2026-02-10,412.9,
2026-01-07 10:29:36+05:30,NIFTY2621026400CE,26400.0,2026-02-10,412.9,
2026-01-07 10:29:37+05:30,NIFTY2621026400CE,26400.0,2026-02-10,412.9,
2026-01-07 10:29:38+05:30,NIFTY2621026400CE,26400.0,2026-02-10,412.9,
2026-01-07 10:29:39+05:30,NIFTY2621026400CE,26400.0,2026-02-10,412.9,
2026-01-07 10:29:40+05:30,NIFTY2621026400CE,26400.0,2026-02-10,412.9,
2026-01-07 10:29:41+05:30,NIFTY2621026400CE,26400.0,2026-02-10,412.9,
2026-01-07 10:29:42+05:30,NIFTY2621026400CE,26400.0,2026-02-10,412.9,
2026-01-07 10:29:43+05:30,NIFTY2621026400CE,26400.0,2026-02-10,412.9,
2026-01-07 10:29:44+05:30,NIFTY2621026400CE,26400.0,2026-02-10,412.9,
2026-01-07 10:29:45+05:30,NIFTY2621026400CE,26400.0,2026-02-10,412.9,
2026-01-07 10:29:46+05:30,NIFTY2621026400CE,26400.0,2026-02-10,412.9,
2026-01-07 10:29:47+05:30,NIFTY2621026400CE,26400.0,2026-02-10,412.9,
2026-01-07 10:29:48+05:30,NIFTY2621026400CE,26400.0,2026-02-10,412.9,
2026-01-07 10:29:49+05:30,NIFTY2621026400CE,26400.0,2026-02-10,412.9,
2026-01-07 10:29:50+05:30,NIFTY2621026400CE,26400.0,2026-02-10,412.9,
2026-01-07 10:29:51+05:30,NIFTY2621026400CE,26400.0,2026-02-10,412.9,
2026-01-07 10:29:52+05:30,NIFTY2621026400CE,26400.0,2026-02-10,412.9,
2026-01-07 10:29:53+05:30,NIFTY2621026400CE,26400.0,2026-02-10,412.9,
2026-01-07 10:29:54+05:30,NIFTY2621026400CE,26400.0,2026-02-10,412.9,
2026-01-07 10:29:55+05:30,NIFTY2621026400CE,26400.0,2026-02-10,412.9,
2026-01-07 10:29:56+05:30,NIFTY2621026400CE,26400.0,2026-02-10,412.9,
2026-01-07 10:29:57+05:30,NIFTY2621026400CE,26400.0,2026-02-10,412.9,
2026-01-07 10:29:58+05:30,NIFTY2621026400CE,26400.0,2026-02-10,412.9,
2026-01-07 10:29:59+05:30,NIFTY2621026400CE,26400.0,2026-02-10,412.9,
2026-01-07 10:30:00+05:30,NIFTY2621026400CE,26400.0,2026-02-10,412.9,
2026-01-07 10:30:01+05:30,NIFTY2621026400CE,26400.0,2026-02-10,412.9,
2026-01-07 10:30:02+05:30,NIFTY2621026400CE,26400.0,2026-02-10,412.9,
2026-01-07 10:30:03+05:30,NIFTY2621026400CE,26400.0,2026-02-10,412.9,
2026-01-07 10:30:04+05:30,NIFTY2621026400CE,26400.0,2026-02-10,412.9,
2026-01-07 10:30:05+05:30,NIFTY2621026400CE,26400.0,2026-02-10,412.9,
2026-01-07 10:30:06+05:30,NIFTY2621026400CE,26400.0,2026-02-10,412.9,
2026-01-07 10:30:07+05:30,NIFTY2621026400CE,26400.0,2026-02-10,412.9,
2026-01-07 10:30:08+05:30,NIFTY2621026400CE,26400.0,2026-02-10,412.9,
2026-01-07 10:30:09+05:30,NIFTY2621026400CE,26400.0,2026-02-10,412.9,
2026-01-07 10:30:10+05:30,NIFTY2621026400CE,26400.0,2026-02-10,412.9,
2026-01-07 10:30:11+05:30,NIFTY2621026400CE,26400.0,2026-02-10,412.9,
2026-01-07 10:30:12+05:30,NIFTY2621026400CE,26400.0,2026-02-10,412.9,
2026-01-07 10:30:13+05:30,NIFTY2621026400CE,26400.0,2026-02-10,412.9,
2026-01-07 10:30:14+05:30,NIFTY2621026400CE,26400.0,2026-02-10,412.9,
2026-01-07 10:30:15+05:30,NIFTY2621026400CE,26400.0,2026-02-10,412.9,
2026-01-07 10:30:16+05:30,NIFTY2621026400CE,26400.0,2026-02-10,412.9,
2026-01-07 10:30:17+05:30,NIFTY2621026400CE,26400.0,2026-02-10,412.9,
2026-01-07 10:30:18+05:30,NIFTY2621026400CE,26400.0,2026-02-10,412.9,
2026-01-07 10:30:19+05:30,NIFTY2621026400CE,26400.0,2026-02-10,412.9,
2026-01-07 10:30:20+05:30,NIFTY2621026400CE,26400.0,2026-02-10,412.9,
2026-01-07 10:30:21+05:30,NIFTY2621026400CE,26400.0,2026-02-10,412.9,
2026-01-07 10:30:22+05:30,NIFTY2621026400CE,26400.0,2026-02-10,412.9,
2026-01-07 10:30:23+05:30,NIFTY2621026400CE,26400.0,2026-02-10,412.9,
2026-01-07 10:30:24+05:30,NIFTY2621026400CE,26400.0,2026-02-10,412.9,
2026-01-07 10:30:25+05:30,NIFTY2621026400CE,26400.0,2026-02-10,412.9,
2026-01-07 10:30:26+05:30,NIFTY2621026400CE,26400.0,2026-02-10,412.9,
2026-01-07 10:30:27+05:30,NIFTY2621026400CE,26400.0,2026-02-10,412.9,
2026-01-07 10:30:28+05:30,NIFTY2621026400CE,26400.0,2026-02-10,412.9,
2026-01-07 10:30:29+05:30,NIFTY2621026400CE,26400.0,2026-02-10,412.9,
2026-01-07 10:30:30+05:30,NIFTY2621026400CE,26400.0,2026-02-10,412.9,
2026-01-07 10:30:31+05:30,NIFTY2621026400CE,26400.0,2026-02-10,412.9,
2026-01-07 10:30:32+05:30,NIFTY2621026400CE,26400.0,2026-02-10,412.9,
2026-01-07 10:30:33+05:30,NIFTY2621026400CE,26400.0,2026-02-10,412.9,
2026-01-07 10:30:34+05:30,NIFTY2621026400CE,26400.0,2026-02-10,412.9,
2026-01-07 10:30:35+05:30,NIFTY2621026400CE,26400.0,2026-02-10,412.9,
2026-01-07 10:30:36+05:30,NIFTY2621026400CE,26400.0,2026-02-10,412.9,
2026-01-07 10:30:37+05:30,NIFTY2621026400CE,26400.0,2026-02-10,412.9,
2026-01-07 10:30:38+05:30,NIFTY2621026400CE,26400.0,2026-02-10,412.9,
2026-01-07 10:30:39+05:30,NIFTY2621026400CE,26400.0,2026-02-10,412.9,
2026-01-07 10:30:40+05:30,NIFTY2621026400CE,26400.0,2026-02-10,412.9,
2026-01-07 10:30:41+05:30,NIFTY2621026400CE,26400.0,2026-02-10,412.9,
2026-01-07 10:30:42+05:30,NIFTY2621026400CE,26400.0,2026-02-10,412.9,
2026-01-07 10:30:43+05:30,NIFTY2621026400CE,26400.0,2026-02-10,412.9,
2026-01-07 10:30:44+05:30,NIFTY2621026400CE,26400.0,2026-02-10,412.9,
2026-01-07 10:30:45+05:30,NIFTY2621026400CE,26400.0,2026-02-10,412.9,
2026-01-07 10:30:46+05:30,NIFTY2621026400CE,26400.0,2026-02-10,412.9,
2026-01-07 10:30:47+05:30,NIFTY2621026400CE,26400.0,2026-02-10,412.9,
2026-01-07 10:30:48+05:30,NIFTY2621026400CE,26400.0,2026-02-10,412.9,
2026-01-07 10:30:49+05:30,NIFTY2621026400CE,26400.0,2026-02-10,412.9,
2026-01-07 10:30:50+05:30,NIFTY2621026400CE,26400.0,2026-02-10,412.9,
2026-01-07 10:30:51+05:30,NIFTY2621026400CE,26400.0,2026-02-10,412.9,
2026-01-07 10:30:52+05:30,NIFTY2621026400CE,26400.0,2026-02-10,412.9,
2026-01-07 10:30:53+05:30,NIFTY2621026400CE,26400.0,2026-02-10,412.9,
2026-01-07 10:30:54+05:30,NIFTY2621026400CE,26400.0,2026-02-10,412.9,
2026-01-07 10:30:55+05:30,NIFTY2621026400CE,26400.0,2026-02-10,412.9,
2026-01-07 10:30:56+05:30,NIFTY2621026400CE,26400.0,2026-02-10,412.9,
2026-01-07 10:30:57+05:30,NIFTY2621026400CE,26400.0,2026-02-10,412.9,
2026-01-07 10:30:58+05:30,NIFTY2621026400CE,26400.0,2026-02-10,412.9,
2026-01-07 10:30:59+05:30,NIFTY2621026400CE,26400.0,2026-02-10,412.9,
2026-01-07 10:31:00+05:30,NIFTY2621026400CE,26400.0,2026-02-10,412.9,
2026-01-07 10:31:01+05:30,NIFTY2621026400CE,26400.0,2026-02-10,412.9,
2026-01-07 10:31:02+05:30,NIFTY2621026400CE,26400.0,2026-02-10,412.9,
2026-01-07 10:31:03+05:30,NIFTY2621026400CE,26400.0,2026-02-10,412.9,
2026-01-07 10:31:04+05:30,NIFTY2621026400CE,26400.0,2026-02-10,412.9,
2026-01-07 10:31:05+05:30,NIFTY2621026400CE,26400.0,2026-02-10,412.9,
2026-01-07 10:31:06+05:30,NIFTY2621026400CE,26400.0,2026-02-10,412.9,
2026-01-07 10:31:07+05:30,NIFTY2621026400CE,26400.0,2026-02-10,412.9,
2026-01-07 10:31:08+05:30,NIFTY2621026400CE,26400.0,2026-02-10,412.9,
2026-01-07 10:31:09+05:30,NIFTY2621026400CE,26400.0,2026-02-10,412.9,
2026-01-07 10:31:10+05:30,NIFTY2621026400CE,26400.0,2026-02-10,412.9,
2026-01-07 10:31:11+05:30,NIFTY2621026400CE,26400.0,2026-02-10,412.9,
2026-01-07 10:31:12+05:30,NIFTY2621026400CE,26400.0,2026-02-10,412.9,
2026-01-07 10:31:13+05:30,NIFTY2621026400CE,26400.0,2026-02-10,412.9,
2026-01-07 10:31:14+05:30,NIFTY2621026400CE,26400.0,2026-02-10,412.9,
2026-01-07 10:31:15+05:30,NIFTY2621026400CE,26400.0,2026-02-10,412.9,
2026-01-07 10:31:16+05:30,NIFTY2621026400CE,26400.0,2026-02-10,412.9,
2026-01-07 10:31:17+05:30,NIFTY2621026400CE,26400.0,2026-02-10,412.9,
2026-01-07 10:31:18+05:30,NIFTY2621026400CE,26400.0,2026-02-10,412.9,
2026-01-07 10:31:19+05:30,NIFTY2621026400CE,26400.0,2026-02-10,412.9,
2026-01-07 10:31:20+05:30,NIFTY2621026400CE,26400.0,2026-02-10,412.9,
2026-01-07 10:31:21+05:30,NIFTY2621026400CE,26400.0,2026-02-10,412.9,
2026-01-07 10:31:22+05:30,NIFTY2621026400CE,26400.0,2026-02-10,412.9,
2026-01-07 10:31:23+05:30,NIFTY2621026400CE,26400.0,2026-02-10,412.9,
2026-01-07 10:31:24+05:30,NIFTY2621026400CE,26400.0,2026-02-10,412.9,
2026-01-07 10:31:25+05:30,NIFTY2621026400CE,26400.0,2026-02-10,412.9,
2026-01-07 10:31:26+05:30,NIFTY2621026400CE,26400.0,2026-02-10,412.9,
2026-01-07 10:31:27+05:30,NIFTY2621026400CE,26400.0,2026-02-10,412.9,
2026-01-07 10:31:28+05:30,NIFTY2621026400CE,26400.0,2026-02-10,412.9,
2026-01-07 10:31:29+05:30,NIFTY2621026400CE,26400.0,2026-02-10,412.9,
2026-01-07 10:31:30+05:30,NIFTY2621026400CE,26400.0,2026-02-10,412.9,
2026-01-07 10:31:31+05:30,NIFTY2621026400CE,26400.0,2026-02-10,412.9,
2026-01-07 10:31:32+05:30,NIFTY2621026400CE,26400.0,2026-02-10,412.9,
2026-01-07 10:31:33+05:30,NIFTY2621026400CE,26400.0,2026-02-10,412.9,
2026-01-07 10:31:34+05:30,NIFTY2621026400CE,26400.0,2026-02-10,412.9,
2026-01-07 10:31:35+05:30,NIFTY2621026400CE,26400.0,2026-02-10,412.9,
2026-01-07 10:31:36+05:30,NIFTY2621026400CE,26400.0,2026-02-10,412.9,
2026-01-07 10:31:37+05:30,NIFTY2621026400CE,26400.0,2026-02-10,412.9,
2026-01-07 10:31:38+05:30,NIFTY2621026400CE,26400.0,2026-02-10,412.9,
2026-01-07 10:31:39+05:30,NIFTY2621026400CE,26400.0,2026-02-10,412.9,
2026-01-07 10:31:40+05:30,NIFTY2621026400CE,26400.0,2026-02-10,412.9,
2026-01-07 10:31:41+05:30,NIFTY2621026400CE,26400.0,2026-02-10,412.9,
2026-01-07 10:31:42+05:30,NIFTY2621026400CE,26400.0,2026-02-10,412.9,
2026-01-07 10:31:43+05:30,NIFTY2621026400CE,26400.0,2026-02-10,412.9,
2026-01-07 10:31:44+05:30,NIFTY2621026400CE,26400.0,2026-02-10,412.9,
2026-01-07 10:31:45+05:30,NIFTY2621026400CE,26400.0,2026-02-10,412.9,
2026-01-07 10:31:46+05:30,NIFTY2621026400CE,26400.0,2026-02-10,412.9,
2026-01-07 10:31:47+05:30,NIFTY2621026400CE,26400.0,2026-02-10,412.9,
2026-01-07 10:31:48+05:30,NIFTY2621026400CE,26400.0,2026-02-10,412.9,
2026-01-07 10:31:49+05:30,NIFTY2621026400CE,26400.0,2026-02-10,412.9,
2026-01-07 10:31:50+05:30,NIFTY2621026400CE,26400.0,2026-02-10,412.9,
2026-01-07 10:31:51+05:30,NIFTY2621026400CE,26400.0,2026-02-10,412.9,
2026-01-07 10:31:52+05:30,NIFTY2621026400CE,26400.0,2026-02-10,412.9,
2026-01-07 10:31:53+05:30,NIFTY2621026400CE,26400.0,2026-02-10,412.9,
2026-01-07 10:31:54+05:30,NIFTY2621026400CE,26400.0,2026-02-10,412.9,
2026-01-07 10:31:55+05:30,NIFTY2621026400CE,26400.0,2026-02-10,412.9,
2026-01-07 10:31:56+05:30,NIFTY2621026400CE,26400.0,2026-02-10,412.9,
2026-01-07 10:31:57+05:30,NIFTY2621026400CE,26400.0,2026-02-10,412.9,
2026-01-07 10:31:58+05:30,NIFTY2621026400CE,26400.0,2026-02-10,412.9,
2026-01-07 10:31:59+05:30,NIFTY2621026400CE,26400.0,2026-02-10,412.9,
2026-01-07 10:32:00+05:30,NIFTY2621026400CE,26400.0,2026-02-10,412.9,
2026-01-07 10:32:01+05:30,NIFTY2621026400CE,26400.0,2026-02-10,412.9,
2026-01-07 10:32:02+05:30,NIFTY2621026400CE,26400.0,2026-02-10,412.9,
2026-01-07 10:32:03+05:30,NIFTY2621026400CE,26400.0,2026-02-10,412.9,
2026-01-07 10:32:04+05:30,NIFTY2621026400CE,26400.0,2026-02-10,412.9,
2026-01-07 10:32:05+05:30,NIFTY2621026400CE,26400.0,2026-02-10,412.9,
2026-01-07 10:32:06+05:30,NIFTY2621026400CE,26400.0,2026-02-10,412.9,
2026-01-07 10:32:07+05:30,NIFTY2621026400CE,26400.0,2026-02-10,412.9,
2026-01-07 10:32:08+05:30,NIFTY2621026400CE,26400.0,2026-02-10,412.9,
2026-01-07 10:32:09+05:30,NIFTY2621026400CE,26400.0,2026-02-10,412.9,
2026-01-07 10:32:10+05:30,NIFTY2621026400CE,26400.0,2026-02-10,412.9,
2026-01-07 10:32:11+05:30,NIFTY2621026400CE,26400.0,2026-02-10,412.9,
2026-01-07 10:32:12+05:30,NIFTY2621026400CE,26400.0,2026-02-10,412.9,
2026-01-07 10:32:13+05:30,NIFTY2621026400CE,26400.0,2026-02-10,412.9,
2026-01-07 10:32:14+05:30,NIFTY2621026400CE,26400.0,2026-02-10,412.9,
2026-01-07 10:32:15+05:30,NIFTY2621026400CE,26400.0,2026-02-10,412.9,
2026-01-07 10:32:16+05:30,NIFTY2621026400CE,26400.0,2026-02-10,412.9,
2026-01-07 10:32:17+05:30,NIFTY2621026400CE,26400.0,2026-02-10,412.9,
2026-01-07 10:32:18+05:30,NIFTY2621026400CE,26400.0,2026-02-10,412.9,
2026-01-07 10:32:19+05:30,NIFTY2621026400CE,26400.0,2026-02-10,412.9,
2026-01-07 10:32:20+05:30,NIFTY2621026400CE,26400.0,2026-02-10,412.9,
2026-01-07 10:32:21+05:30,NIFTY2621026400CE,26400.0,2026-02-10,412.9,
2026-01-07 10:32:22+05:30,NIFTY2621026400CE,26400.0,2026-02-10,412.9,
2026-01-07 10:32:23+05:30,NIFTY2621026400CE,26400.0,2026-02-10,412.9,
2026-01-07 10:32:24+05:30,NIFTY2621026400CE,26400.0,2026-02-10,412.9,
2026-01-07 10:32:25+05:30,NIFTY2621026400CE,26400.0,2026-02-10,412.9,
2026-01-07 10:32:26+05:30,NIFTY2621026400CE,26400.0,2026-02-10,412.9,
2026-01-07 10:32:27+05:30,NIFTY2621026400CE,26400.0,2026-02-10,412.9,
2026-01-07 10:32:28+05:30,NIFTY2621026400CE,26400.0,2026-02-10,412.9,
2026-01-07 10:32:29+05:30,NIFTY2621026400CE,26400.0,2026-02-10,412.9,
2026-01-07 10:32:30+05:30,NIFTY2621026400CE,26400.0,2026-02-10,412.9,
2026-01-07 10:32:31+05:30,NIFTY2621026400CE,26400.0,2026-02-10,412.9,
2026-01-07 10:32:32+05:30,NIFTY2621026400CE,26400.0,2026-02-10,412.9,
2026-01-07 10:32:33+05:30,NIFTY2621026400CE,26400.0,2026-02-10,412.9,
2026-01-07 10:32:34+05:30,NIFTY2621026400CE,26400.0,2026-02-10,412.9,
2026-01-07 10:32:35+05:30,NIFTY2621026400CE,26400.0,2026-02-10,412.9,
2026-01-07 10:32:36+05:30,NIFTY2621026400CE,26400.0,2026-02-10,412.9,
2026-01-07 10:32:37+05:30,NIFTY2621026400CE,26400.0,2026-02-10,412.9,
2026-01-07 10:32:38+05:30,NIFTY2621026400CE,26400.0,2026-02-10,412.9,
2026-01-07 10:32:39+05:30,NIFTY2621026400CE,26400.0,2026-02-10,412.9,
2026-01-07 10:32:40+05:30,NIFTY2621026400CE,26400.0,2026-02-10,412.9,
2026-01-07 10:32:41+05:30,NIFTY2621026400CE,26400.0,2026-02-10,412.9,
2026-01-07 10:32:42+05:30,NIFTY2621026400CE,26400.0,2026-02-10,412.9,
2026-01-07 10:32:43+05:30,NIFTY2621026400CE,26400.0,2026-02-10,412.9,
2026-01-07 10:32:44+05:30,NIFTY2621026400CE,26400.0,2026-02-10,412.9,
2026-01-07 10:32:45+05:30,NIFTY2621026400CE,26400.0,2026-02-10,412.9,
2026-01-07 10:32:46+05:30,NIFTY2621026400CE,26400.0,2026-02-10,412.9,
2026-01-07 10:32:47+05:30,NIFTY2621026400CE,26400.0,2026-02-10,412.9,
2026-01-07 10:32:48+05:30,NIFTY2621026400CE,26400.0,2026-02-10,412.9,
2026-01-07 10:32:49+05:30,NIFTY2621026400CE,26400.0,2026-02-10,412.9,
2026-01-07 10:32:50+05:30,NIFTY2621026400CE,26400.0,2026-02-10,412.9,
2026-01-07 10:32:51+05:30,NIFTY2621026400CE,26400.0,2026-02-10,412.9,
2026-01-07 10:32:52+05:30,NIFTY2621026400CE,26400.0,2026-02-10,412.9,
2026-01-07 10:32:53+05:30,NIFTY2621026400CE,26400.0,2026-02-10,412.9,
2026-01-07 10:32:54+05:30,NIFTY2621026400CE,26400.0,2026-02-10,412.9,
2026-01-07 10:32:55+05:30,NIFTY2621026400CE,26400.0,2026-02-10,412.9,
2026-01-07 10:32:56+05:30,NIFTY2621026400CE,26400.0,2026-02-10,412.9,
2026-01-07 10:32:57+05:30,NIFTY2621026400CE,26400.0,2026-02-10,412.9,
2026-01-07 10:32:58+05:30,NIFTY2621026400CE,26400.0,2026-02-10,412.9,
2026-01-07 10:32:59+05:30,NIFTY2621026400CE,26400.0,2026-02-10,412.9,
2026-01-07 10:33:00+05:30,NIFTY2621026400CE,26400.0,2026-02-10,412.9,
2026-01-07 10:33:01+05:30,NIFTY2621026400CE,26400.0,2026-02-10,412.9,
2026-01-07 10:33:02+05:30,NIFTY2621026400CE,26400.0,2026-02-10,412.9,
2026-01-07 10:33:03+05:30,NIFTY2621026400CE,26400.0,2026-02-10,412.9,
2026-01-07 10:33:04+05:30,NIFTY2621026400CE,26400.0,2026-02-10,412.9,
2026-01-07 10:33:05+05:30,NIFTY2621026400CE,26400.0,2026-02-10,412.9,
2026-01-07 10:33:06+05:30,NIFTY2621026400CE,26400.0,2026-02-10,412.9,
2026-01-07 10:33:07+05:30,NIFTY2621026400CE,26400.0,2026-02-10,412.9,
2026-01-07 10:33:08+05:30,NIFTY2621026400CE,26400.0,2026-02-10,412.9,
2026-01-07 10:33:09+05:30,NIFTY2621026400CE,26400.0,2026-02-10,412.9,
2026-01-07 10:33:10+05:30,NIFTY2621026400CE,26400.0,2026-02-10,412.9,
2026-01-07 10:33:11+05:30,NIFTY2621026400CE,26400.0,2026-02-10,412.9,
2026-01-07 10:33:12+05:30,NIFTY2621026400CE,26400.0,2026-02-10,412.9,
2026-01-07 10:33:13+05:30,NIFTY2621026400CE,26400.0,2026-02-10,412.9,
2026-01-07 10:33:14+05:30,NIFTY2621026400CE,26400.0,2026-02-10,412.9,
2026-01-07 10:33:15+05:30,NIFTY2621026400CE,26400.0,2026-02-10,412.9,
2026-01-07 10:33:16+05:30,NIFTY2621026400CE,26400.0,2026-02-10,412.9,
2026-01-07 10:33:17+05:30,NIFTY2621026400CE,26400.0,2026-02-10,412.9,
2026-01-07 10:33:18+05:30,NIFTY2621026400CE,26400.0,2026-02-10,412.9,
2026-01-07 10:33:19+05:30,NIFTY2621026400CE,26400.0,2026-02-10,412.9,
2026-01-07 10:33:20+05:30,NIFTY2621026400CE,26400.0,2026-02-10,412.9,
2026-01-07 10:33:21+05:30,NIFTY2621026400CE,26400.0,2026-02-10,412.9,
2026-01-07 10:33:22+05:30,NIFTY2621026400CE,26400.0,2026-02-10,412.9,
2026-01-07 10:33:23+05:30,NIFTY2621026400CE,26400.0,2026-02-10,412.9,
2026-01-07 10:33:24+05:30,NIFTY2621026400CE,26400.0,2026-02-10,412.9,
2026-01-07 10:33:25+05:30,NIFTY2621026400CE,26400.0,2026-02-10,412.9,
2026-01-07 10:33:26+05:30,NIFTY2621026400CE,26400.0,2026-02-10,412.9,
2026-01-07 10:33:27+05:30,NIFTY2621026400CE,26400.0,2026-02-10,412.9,
2026-01-07 10:33:28+05:30,NIFTY2621026400CE,26400.0,2026-02-10,412.9,
2026-01-07 10:33:29+05:30,NIFTY2621026400CE,26400.0,2026-02-10,412.9,
2026-01-07 10:33:30+05:30,NIFTY2621026400CE,26400.0,2026-02-10,412.9,
2026-01-07 10:33:31+05:30,NIFTY2621026400CE,26400.0,2026-02-10,412.9,
2026-01-07 10:33:32+05:30,NIFTY2621026400CE,26400.0,2026-02-10,412.9,
2026-01-07 10:33:33+05:30,NIFTY2621026400CE,26400.0,2026-02-10,412.9,
2026-01-07 10:33:34+05:30,NIFTY2621026400CE,26400.0,2026-02-10,412.9,
2026-01-07 10:33:35+05:30,NIFTY2621026400CE,26400.0,2026-02-10,412.9,
2026-01-07 10:33:36+05:30,NIFTY2621026400CE,26400.0,2026-02-10,412.9,
2026-01-07 10:33:37+05:30,NIFTY2621026400CE,26400.0,2026-02-10,412.9,
2026-01-07 10:33:38+05:30,NIFTY2621026400CE,26400.0,2026-02-10,412.9,
2026-01-07 10:33:39+05:30,NIFTY2621026400CE,26400.0,2026-02-10,412.9,
2026-01-07 10:33:40+05:30,NIFTY2621026400CE,26400.0,2026-02-10,412.9,
2026-01-07 10:33:41+05:30,NIFTY2621026400CE,26400.0,2026-02-10,412.9,
2026-01-07 10:33:42+05:30,NIFTY2621026400CE,26400.0,2026-02-10,412.9,
2026-01-07 10:33:43+05:30,NIFTY2621026400CE,26400.0,2026-02-10,412.9,
2026-01-07 10:33:44+05:30,NIFTY2621026400CE,26400.0,2026-02-10,412.9,
2026-01-07 10:33:45+05:30,NIFTY2621026400CE,26400.0,2026-02-10,412.9,
2026-01-07 10:33:46+05:30,NIFTY2621026400CE,26400.0,2026-02-10,412.9,
2026-01-07 10:33:47+05:30,NIFTY2621026400CE,26400.0,2026-02-10,412.9,
2026-01-07 10:33:48+05:30,NIFTY2621026400CE,26400.0,2026-02-10,412.9,
2026-01-07 10:33:49+05:30,NIFTY2621026400CE,26400.0,2026-02-10,412.9,
2026-01-07 10:33:50+05:30,NIFTY2621026400CE,26400.0,2026-02-10,412.9,
2026-01-07 10:33:51+05:30,NIFTY2621026400CE,26400.0,2026-02-10,412.9,
2026-01-07 10:33:52+05:30,NIFTY2621026400CE,26400.0,2026-02-10,412.9,
2026-01-07 10:33:53+05:30,NIFTY2621026400CE,26400.0,2026-02-10,412.9,
2026-01-07 10:33:54+05:30,NIFTY2621026400CE,26400.0,2026-02-10,412.9,
2026-01-07 10:33:55+05:30,NIFTY2621026400CE,26400.0,2026-02-10,412.9,
2026-01-07 10:33:56+05:30,NIFTY2621026400CE,26400.0,2026-02-10,412.9,
2026-01-07 10:33:57+05:30,NIFTY2621026400CE,26400.0,2026-02-10,412.9,
2026-01-07 10:33:58+05:30,NIFTY2621026400CE,26400.0,2026-02-10,412.9,
2026-01-07 10:33:59+05:30,NIFTY2621026400CE,26400.0,2026-02-10,412.9,
2026-01-07 10:34:00+05:30,NIFTY2621026400CE,26400.0,2026-02-10,412.9,
2026-01-07 10:34:01+05:30,NIFTY2621026400CE,26400.0,2026-02-10,412.9,
2026-01-07 10:34:02+05:30,NIFTY2621026400CE,26400.0,2026-02-10,412.9,
2026-01-07 10:34:03+05:30,NIFTY2621026400CE,26400.0,2026-02-10,412.9,
2026-01-07 10:34:04+05:30,NIFTY2621026400CE,26400.0,2026-02-10,412.9,
2026-01-07 10:34:05+05:30,NIFTY2621026400CE,26400.0,2026-02-10,412.9,
2026-01-07 10:34:06+05:30,NIFTY2621026400CE,26400.0,2026-02-10,412.9,
2026-01-07 10:34:07+05:30,NIFTY2621026400CE,26400.0,2026-02-10,412.9,
2026-01-07 10:34:08+05:30,NIFTY2621026400CE,26400.0,2026-02-10,412.9,
2026-01-07 10:34:09+05:30,NIFTY2621026400CE,26400.0,2026-02-10,412.9,
2026-01-07 10:34:10+05:30,NIFTY2621026400CE,26400.0,2026-02-10,412.9,
2026-01-07 10:34:11+05:30,NIFTY2621026400CE,26400.0,2026-02-10,412.9,
2026-01-07 10:34:12+05:30,NIFTY2621026400CE,26400.0,2026-02-10,412.9,
2026-01-07 10:34:13+05:30,NIFTY2621026400CE,26400.0,2026-02-10,412.9,
2026-01-07 10:34:14+05:30,NIFTY2621026400CE,26400.0,2026-02-10,412.9,
2026-01-07 10:34:15+05:30,NIFTY2621026400CE,26400.0,2026-02-10,412.9,
2026-01-07 10:34:16+05:30,NIFTY2621026400CE,26400.0,2026-02-10,412.9,
2026-01-07 10:34:17+05:30,NIFTY2621026400CE,26400.0,2026-02-10,412.9,
2026-01-07 10:34:18+05:30,NIFTY2621026400CE,26400.0,2026-02-10,412.9,
2026-01-07 10:34:19+05:30,NIFTY2621026400CE,26400.0,2026-02-10,412.9,
2026-01-07 10:34:20+05:30,NIFTY2621026400CE,26400.0,2026-02-10,412.9,
2026-01-07 10:34:21+05:30,NIFTY2621026400CE,26400.0,2026-02-10,412.9,
2026-01-07 10:34:22+05:30,NIFTY2621026400CE,26400.0,2026-02-10,412.9,
2026-01-07 10:34:23+05:30,NIFTY2621026400CE,26400.0,2026-02-10,412.9,
2026-01-07 10:34:24+05:30,NIFTY2621026400CE,26400.0,2026-02-10,412.9,
2026-01-07 10:34:25+05:30,NIFTY2621026400CE,26400.0,2026-02-10,412.9,
2026-01-07 10:34:26+05:30,NIFTY2621026400CE,26400.0,2026-02-10,412.9,
2026-01-07 10:34:27+05:30,NIFTY2621026400CE,26400.0,2026-02-10,412.9,
2026-01-07 10:34:28+05:30,NIFTY2621026400CE,26400.0,2026-02-10,412.9,
2026-01-07 10:34:29+05:30,NIFTY2621026400CE,26400.0,2026-02-10,412.9,
2026-01-07 10:34:30+05:30,NIFTY2621026400CE,26400.0,2026-02-10,412.9,
2026-01-07 10:34:31+05:30,NIFTY2621026400CE,26400.0,2026-02-10,412.9,
2026-01-07 10:34:32+05:30,NIFTY2621026400CE,26400.0,2026-02-10,412.9,
2026-01-07 10:34:33+05:30,NIFTY2621026400CE,26400.0,2026-02-10,412.9,
2026-01-07 10:34:34+05:30,NIFTY2621026400CE,26400.0,2026-02-10,412.9,
2026-01-07 10:34:35+05:30,NIFTY2621026400CE,26400.0,2026-02-10,412.9,
2026-01-07 10:34:36+05:30,NIFTY2621026400CE,26400.0,2026-02-10,412.9,
2026-01-07 10:34:37+05:30,NIFTY2621026400CE,26400.0,2026-02-10,412.9,
2026-01-07 10:34:38+05:30,NIFTY2621026400CE,26400.0,2026-02-10,412.9,
2026-01-07 10:34:39+05:30,NIFTY2621026400CE,26400.0,2026-02-10,412.9,
2026-01-07 10:34:40+05:30,NIFTY2621026400CE,26400.0,2026-02-10,412.9,
2026-01-07 10:34:41+05:30,NIFTY2621026400CE,26400.0,2026-02-10,412.9,
2026-01-07 10:34:42+05:30,NIFTY2621026400CE,26400.0,2026-02-10,412.9,
2026-01-07 10:34:43+05:30,NIFTY2621026400CE,26400.0,2026-02-10,412.9,
2026-01-07 10:34:44+05:30,NIFTY2621026400CE,26400.0,2026-02-10,412.9,
2026-01-07 10:34:45+05:30,NIFTY2621026400CE,26400.0,2026-02-10,412.9,
2026-01-07 10:34:46+05:30,NIFTY2621026400CE,26400.0,2026-02-10,412.9,
2026-01-07 10:34:47+05:30,NIFTY2621026400CE,26400.0,2026-02-10,412.9,
2026-01-07 10:34:48+05:30,NIFTY2621026400CE,26400.0,2026-02-10,412.9,
2026-01-07 10:34:49+05:30,NIFTY2621026400CE,26400.0,2026-02-10,412.9,
2026-01-07 10:34:50+05:30,NIFTY2621026400CE,26400.0,2026-02-10,412.9,
2026-01-07 10:34:51+05:30,NIFTY2621026400CE,26400.0,2026-02-10,412.9,
2026-01-07 10:34:52+05:30,NIFTY2621026400CE,26400.0,2026-02-10,412.9,
2026-01-07 10:34:53+05:30,NIFTY2621026400CE,26400.0,2026-02-10,412.9,
2026-01-07 10:34:54+05:30,NIFTY2621026400CE,26400.0,2026-02-10,412.9,
2026-01-07 10:34:55+05:30,NIFTY2621026400CE,26400.0,2026-02-10,412.9,
2026-01-07 10:34:56+05:30,NIFTY2621026400CE,26400.0,2026-02-10,412.9,
2026-01-07 10:34:57+05:30,NIFTY2621026400CE,26400.0,2026-02-10,412.9,
2026-01-07 10:34:58+05:30,NIFTY2621026400CE,26400.0,2026-02-10,412.9,
2026-01-07 10:34:59+05:30,NIFTY2621026400CE,26400.0,2026-02-10,412.9,
2026-01-07 10:35:00+05:30,NIFTY2621026400CE,26400.0,2026-02-10,412.9,
2026-01-07 10:35:01+05:30,NIFTY2621026400CE,26400.0,2026-02-10,412.9,
2026-01-07 10:35:02+05:30,NIFTY2621026400CE,26400.0,2026-02-10,412.9,
2026-01-07 10:35:03+05:30,NIFTY2621026400CE,26400.0,2026-02-10,412.9,
2026-01-07 10:35:04+05:30,NIFTY2621026400CE,26400.0,2026-02-10,412.9,
2026-01-07 10:35:05+05:30,NIFTY2621026400CE,26400.0,2026-02-10,412.9,
2026-01-07 10:35:06+05:30,NIFTY2621026400CE,26400.0,2026-02-10,412.9,
2026-01-07 10:35:07+05:30,NIFTY2621026400CE,26400.0,2026-02-10,412.9,
2026-01-07 10:35:08+05:30,NIFTY2621026400CE,26400.0,2026-02-10,412.9,
2026-01-07 10:35:09+05:30,NIFTY2621026400CE,26400.0,2026-02-10,412.9,
2026-01-07 10:35:10+05:30,NIFTY2621026400CE,26400.0,2026-02-10,412.9,
2026-01-07 10:35:11+05:30,NIFTY2621026400CE,26400.0,2026-02-10,412.9,
2026-01-07 10:35:12+05:30,NIFTY2621026400CE,26400.0,2026-02-10,412.9,
2026-01-07 10:35:13+05:30,NIFTY2621026400CE,26400.0,2026-02-10,412.9,
2026-01-07 10:35:14+05:30,NIFTY2621026400CE,26400.0,2026-02-10,412.9,
2026-01-07 10:35:15+05:30,NIFTY2621026400CE,26400.0,2026-02-10,412.9,
2026-01-07 10:35:16+05:30,NIFTY2621026400CE,26400.0,2026-02-10,412.9,
2026-01-07 10:35:17+05:30,NIFTY2621026400CE,26400.0,2026-02-10,412.9,
2026-01-07 10:35:18+05:30,NIFTY2621026400CE,26400.0,2026-02-10,412.9,
2026-01-07 10:35:19+05:30,NIFTY2621026400CE,26400.0,2026-02-10,412.9,
2026-01-07 10:35:20+05:30,NIFTY2621026400CE,26400.0,2026-02-10,412.9,
2026-01-07 10:35:21+05:30,NIFTY2621026400CE,26400.0,2026-02-10,412.9,
2026-01-07 10:35:22+05:30,NIFTY2621026400CE,26400.0,2026-02-10,412.9,
2026-01-07 10:35:23+05:30,NIFTY2621026400CE,26400.0,2026-02-10,412.9,
2026-01-07 10:35:24+05:30,NIFTY2621026400CE,26400.0,2026-02-10,412.9,
2026-01-07 10:35:25+05:30,NIFTY2621026400CE,26400.0,2026-02-10,412.9,
2026-01-07 10:35:26+05:30,NIFTY2621026400CE,26400.0,2026-02-10,412.9,
2026-01-07 10:35:27+05:30,NIFTY2621026400CE,26400.0,2026-02-10,412.9,
2026-01-07 10:35:28+05:30,NIFTY2621026400CE,26400.0,2026-02-10,412.9,
2026-01-07 10:35:29+05:30,NIFTY2621026400CE,26400.0,2026-02-10,412.9,
2026-01-07 10:35:30+05:30,NIFTY2621026400CE,26400.0,2026-02-10,412.9,
2026-01-07 10:35:31+05:30,NIFTY2621026400CE,26400.0,2026-02-10,412.9,
2026-01-07 10:35:32+05:30,NIFTY2621026400CE,26400.0,2026-02-10,412.9,
2026-01-07 10:35:33+05:30,NIFTY2621026400CE,26400.0,2026-02-10,412.9,
2026-01-07 10:35:34+05:30,NIFTY2621026400CE,26400.0,2026-02-10,412.9,
2026-01-07 10:35:35+05:30,NIFTY2621026400CE,26400.0,2026-02-10,412.9,
2026-01-07 10:35:36+05:30,NIFTY2621026400CE,26400.0,2026-02-10,412.9,
2026-01-07 10:35:37+05:30,NIFTY2621026400CE,26400.0,2026-02-10,412.9,
2026-01-07 10:35:38+05:30,NIFTY2621026400CE,26400.0,2026-02-10,412.9,
2026-01-07 10:35:39+05:30,NIFTY2621026400CE,26400.0,2026-02-10,412.9,
2026-01-07 10:35:40+05:30,NIFTY2621026400CE,26400.0,2026-02-10,412.9,
2026-01-07 10:35:41+05:30,NIFTY2621026400CE,26400.0,2026-02-10,412.9,
2026-01-07 10:35:42+05:30,NIFTY2621026400CE,26400.0,2026-02-10,412.9,
2026-01-07 10:35:43+05:30,NIFTY2621026400CE,26400.0,2026-02-10,412.9,
2026-01-07 10:35:44+05:30,NIFTY2621026400CE,26400.0,2026-02-10,412.9,
2026-01-07 10:35:45+05:30,NIFTY2621026400CE,26400.0,2026-02-10,412.9,
2026-01-07 10:35:46+05:30,NIFTY2621026400CE,26400.0,2026-02-10,412.9,
2026-01-07 10:35:47+05:30,NIFTY2621026400CE,26400.0,2026-02-10,412.9,
2026-01-07 10:35:48+05:30,NIFTY2621026400CE,26400.0,2026-02-10,412.9,
2026-01-07 10:35:49+05:30,NIFTY2621026400CE,26400.0,2026-02-10,412.9,
2026-01-07 10:35:50+05:30,NIFTY2621026400CE,26400.0,2026-02-10,412.9,
2026-01-07 10:35:51+05:30,NIFTY2621026400CE,26400.0,2026-02-10,412.9,
2026-01-07 10:35:52+05:30,NIFTY2621026400CE,26400.0,2026-02-10,412.9,
2026-01-07 10:35:53+05:30,NIFTY2621026400CE,26400.0,2026-02-10,412.9,
2026-01-07 10:35:54+05:30,NIFTY2621026400CE,26400.0,2026-02-10,412.9,
2026-01-07 10:35:55+05:30,NIFTY2621026400CE,26400.0,2026-02-10,412.9,
2026-01-07 10:35:56+05:30,NIFTY2621026400CE,26400.0,2026-02-10,412.9,
2026-01-07 10:35:57+05:30,NIFTY2621026400CE,26400.0,2026-02-10,412.9,
2026-01-07 10:35:58+05:30,NIFTY2621026400CE,26400.0,2026-02-10,412.9,
2026-01-07 10:35:59+05:30,NIFTY2621026400CE,26400.0,2026-02-10,412.9,
2026-01-07 10:36:00+05:30,NIFTY2621026400CE,26400.0,2026-02-10,412.9,
2026-01-07 10:36:01+05:30,NIFTY2621026400CE,26400.0,2026-02-10,412.9,
2026-01-07 10:36:02+05:30,NIFTY2621026400CE,26400.0,2026-02-10,412.9,
2026-01-07 10:36:03+05:30,NIFTY2621026400CE,26400.0,2026-02-10,412.9,
2026-01-07 10:36:04+05:30,NIFTY2621026400CE,26400.0,2026-02-10,412.9,
2026-01-07 10:36:05+05:30,NIFTY2621026400CE,26400.0,2026-02-10,412.9,
2026-01-07 10:36:06+05:30,NIFTY2621026400CE,26400.0,2026-02-10,412.9,
2026-01-07 10:36:07+05:30,NIFTY2621026400CE,26400.0,2026-02-10,412.9,
2026-01-07 10:36:08+05:30,NIFTY2621026400CE,26400.0,2026-02-10,412.9,
2026-01-07 10:36:09+05:30,NIFTY2621026400CE,26400.0,2026-02-10,412.9,
2026-01-07 10:36:10+05:30,NIFTY2621026400CE,26400.0,2026-02-10,412.9,
2026-01-07 10:36:11+05:30,NIFTY2621026400CE,26400.0,2026-02-10,412.9,
2026-01-07 10:36:12+05:30,NIFTY2621026400CE,26400.0,2026-02-10,412.9,
2026-01-07 10:36:13+05:30,NIFTY2621026400CE,26400.0,2026-02-10,412.9,
2026-01-07 10:36:14+05:30,NIFTY2621026400CE,26400.0,2026-02-10,412.9,
2026-01-07 10:36:15+05:30,NIFTY2621026400CE,26400.0,2026-02-10,412.9,
2026-01-07 10:36:16+05:30,NIFTY2621026400CE,26400.0,2026-02-10,412.9,
2026-01-07 10:36:17+05:30,NIFTY2621026400CE,26400.0,2026-02-10,412.9,
2026-01-07 10:36:18+05:30,NIFTY2621026400CE,26400.0,2026-02-10,412.9,
2026-01-07 10:36:19+05:30,NIFTY2621026400CE,26400.0,2026-02-10,412.9,
2026-01-07 10:36:20+05:30,NIFTY2621026400CE,26400.0,2026-02-10,412.9,
2026-01-07 10:36:21+05:30,NIFTY2621026400CE,26400.0,2026-02-10,412.9,
2026-01-07 10:36:22+05:30,NIFTY2621026400CE,26400.0,2026-02-10,412.9,
2026-01-07 10:36:23+05:30,NIFTY2621026400CE,26400.0,2026-02-10,412.9,
2026-01-07 10:36:24+05:30,NIFTY2621026400CE,26400.0,2026-02-10,412.9,
2026-01-07 10:36:25+05:30,NIFTY2621026400CE,26400.0,2026-02-10,412.9,
2026-01-07 10:36:26+05:30,NIFTY2621026400CE,26400.0,2026-02-10,412.9,
2026-01-07 10:36:27+05:30,NIFTY2621026400CE,26400.0,2026-02-10,412.9,
2026-01-07 10:36:28+05:30,NIFTY2621026400CE,26400.0,2026-02-10,412.9,
2026-01-07 10:36:29+05:30,NIFTY2621026400CE,26400.0,2026-02-10,412.9,
2026-01-07 10:36:30+05:30,NIFTY2621026400CE,26400.0,2026-02-10,412.9,
2026-01-07 10:36:31+05:30,NIFTY2621026400CE,26400.0,2026-02-10,412.9,
2026-01-07 10:36:32+05:30,NIFTY2621026400CE,26400.0,2026-02-10,412.9,
2026-01-07 10:36:33+05:30,NIFTY2621026400CE,26400.0,2026-02-10,412.9,
2026-01-07 10:36:34+05:30,NIFTY2621026400CE,26400.0,2026-02-10,412.9,
2026-01-07 10:36:35+05:30,NIFTY2621026400CE,26400.0,2026-02-10,412.9,
2026-01-07 10:36:36+05:30,NIFTY2621026400CE,26400.0,2026-02-10,412.9,
2026-01-07 10:36:37+05:30,NIFTY2621026400CE,26400.0,2026-02-10,412.9,
2026-01-07 10:36:38+05:30,NIFTY2621026400CE,26400.0,2026-02-10,412.9,
2026-01-07 10:36:39+05:30,NIFTY2621026400CE,26400.0,2026-02-10,412.9,
2026-01-07 10:36:40+05:30,NIFTY2621026400CE,26400.0,2026-02-10,412.9,
2026-01-07 10:36:41+05:30,NIFTY2621026400CE,26400.0,2026-02-10,412.9,
2026-01-07 10:36:42+05:30,NIFTY2621026400CE,26400.0,2026-02-10,412.9,
2026-01-07 10:36:43+05:30,NIFTY2621026400CE,26400.0,2026-02-10,412.9,
2026-01-07 10:36:44+05:30,NIFTY2621026400CE,26400.0,2026-02-10,412.9,
2026-01-07 10:36:45+05:30,NIFTY2621026400CE,26400.0,2026-02-10,412.9,
2026-01-07 10:36:46+05:30,NIFTY2621026400CE,26400.0,2026-02-10,412.9,
2026-01-07 10:36:47+05:30,NIFTY2621026400CE,26400.0,2026-02-10,412.9,
2026-01-07 10:36:48+05:30,NIFTY2621026400CE,26400.0,2026-02-10,412.9,
2026-01-07 10:36:49+05:30,NIFTY2621026400CE,26400.0,2026-02-10,412.9,
2026-01-07 10:36:50+05:30,NIFTY2621026400CE,26400.0,2026-02-10,412.9,
2026-01-07 10:36:51+05:30,NIFTY2621026400CE,26400.0,2026-02-10,412.9,
2026-01-07 10:36:52+05:30,NIFTY2621026400CE,26400.0,2026-02-10,412.9,
2026-01-07 10:36:53+05:30,NIFTY2621026400CE,26400.0,2026-02-10,412.9,
2026-01-07 10:36:54+05:30,NIFTY2621026400CE,26400.0,2026-02-10,412.9,
2026-01-07 10:36:55+05:30,NIFTY2621026400CE,26400.0,2026-02-10,412.9,
2026-01-07 10:36:56+05:30,NIFTY2621026400CE,26400.0,2026-02-10,412.9,
2026-01-07 10:36:57+05:30,NIFTY2621026400CE,26400.0,2026-02-10,412.9,
2026-01-07 10:36:58+05:30,NIFTY2621026400CE,26400.0,2026-02-10,412.9,
2026-01-07 10:36:59+05:30,NIFTY2621026400CE,26400.0,2026-02-10,412.9,
2026-01-07 10:37:00+05:30,NIFTY2621026400CE,26400.0,2026-02-10,412.9,
2026-01-07 10:37:01+05:30,NIFTY2621026400CE,26400.0,2026-02-10,412.9,
2026-01-07 10:37:02+05:30,NIFTY2621026400CE,26400.0,2026-02-10,412.9,
2026-01-07 10:37:03+05:30,NIFTY2621026400CE,26400.0,2026-02-10,412.9,
2026-01-07 10:37:04+05:30,NIFTY2621026400CE,26400.0,2026-02-10,412.9,
2026-01-07 10:37:05+05:30,NIFTY2621026400CE,26400.0,2026-02-10,412.9,
2026-01-07 10:37:06+05:30,NIFTY2621026400CE,26400.0,2026-02-10,412.9,
2026-01-07 10:37:07+05:30,NIFTY2621026400CE,26400.0,2026-02-10,412.9,
2026-01-07 10:37:08+05:30,NIFTY2621026400CE,26400.0,2026-02-10,412.9,
2026-01-07 10:37:09+05:30,NIFTY2621026400CE,26400.0,2026-02-10,412.9,
2026-01-07 10:37:10+05:30,NIFTY2621026400CE,26400.0,2026-02-10,412.9,
2026-01-07 10:37:11+05:30,NIFTY2621026400CE,26400.0,2026-02-10,412.9,
2026-01-07 10:37:12+05:30,NIFTY2621026400CE,26400.0,2026-02-10,412.9,
2026-01-07 10:37:13+05:30,NIFTY2621026400CE,26400.0,2026-02-10,412.9,
2026-01-07 10:37:14+05:30,NIFTY2621026400CE,26400.0,2026-02-10,412.9,
2026-01-07 10:37:15+05:30,NIFTY2621026400CE,26400.0,2026-02-10,412.9,
2026-01-07 10:37:16+05:30,NIFTY2621026400CE,26400.0,2026-02-10,412.9,
2026-01-07 10:37:17+05:30,NIFTY2621026400CE,26400.0,2026-02-10,412.9,
2026-01-07 10:37:18+05:30,NIFTY2621026400CE,26400.0,2026-02-10,412.9,
2026-01-07 10:37:19+05:30,NIFTY2621026400CE,26400.0,2026-02-10,412.9,
2026-01-07 10:37:20+05:30,NIFTY2621026400CE,26400.0,2026-02-10,412.9,
2026-01-07 10:37:21+05:30,NIFTY2621026400CE,26400.0,2026-02-10,412.9,
2026-01-07 10:37:22+05:30,NIFTY2621026400CE,26400.0,2026-02-10,412.9,
2026-01-07 10:37:23+05:30,NIFTY2621026400CE,26400.0,2026-02-10,412.9,
2026-01-07 10:37:24+05:30,NIFTY2621026400CE,26400.0,2026-02-10,412.9,
2026-01-07 10:37:25+05:30,NIFTY2621026400CE,26400.0,2026-02-10,412.9,
2026-01-07 10:37:26+05:30,NIFTY2621026400CE,26400.0,2026-02-10,412.9,
2026-01-07 10:37:27+05:30,NIFTY2621026400CE,26400.0,2026-02-10,412.9,
2026-01-07 10:37:28+05:30,NIFTY2621026400CE,26400.0,2026-02-10,412.9,
2026-01-07 10:37:29+05:30,NIFTY2621026400CE,26400.0,2026-02-10,412.9,
2026-01-07 10:37:30+05:30,NIFTY2621026400CE,26400.0,2026-02-10,412.9,
2026-01-07 10:37:31+05:30,NIFTY2621026400CE,26400.0,2026-02-10,412.9,
2026-01-07 10:37:32+05:30,NIFTY2621026400CE,26400.0,2026-02-10,412.9,
2026-01-07 10:37:33+05:30,NIFTY2621026400CE,26400.0,2026-02-10,412.9,
2026-01-07 10:37:34+05:30,NIFTY2621026400CE,26400.0,2026-02-10,412.9,
2026-01-07 10:37:35+05:30,NIFTY2621026400CE,26400.0,2026-02-10,412.9,
2026-01-07 10:37:36+05:30,NIFTY2621026400CE,26400.0,2026-02-10,412.9,
2026-01-07 10:37:37+05:30,NIFTY2621026400CE,26400.0,2026-02-10,412.9,
2026-01-07 10:37:38+05:30,NIFTY2621026400CE,26400.0,2026-02-10,412.9,
2026-01-07 10:37:39+05:30,NIFTY2621026400CE,26400.0,2026-02-10,412.9,
2026-01-07 10:37:40+05:30,NIFTY2621026400CE,26400.0,2026-02-10,412.9,
2026-01-07 10:37:41+05:30,NIFTY2621026400CE,26400.0,2026-02-10,412.9,
2026-01-07 10:37:42+05:30,NIFTY2621026400CE,26400.0,2026-02-10,412.9,
2026-01-07 10:37:43+05:30,NIFTY2621026400CE,26400.0,2026-02-10,412.9,
2026-01-07 10:37:44+05:30,NIFTY2621026400CE,26400.0,2026-02-10,412.9,
2026-01-07 10:37:45+05:30,NIFTY2621026400CE,26400.0,2026-02-10,412.9,
2026-01-07 10:37:46+05:30,NIFTY2621026400CE,26400.0,2026-02-10,412.9,
2026-01-07 10:37:47+05:30,NIFTY2621026400CE,26400.0,2026-02-10,412.9,
2026-01-07 10:37:48+05:30,NIFTY2621026400CE,26400.0,2026-02-10,412.9,
2026-01-07 10:37:49+05:30,NIFTY2621026400CE,26400.0,2026-02-10,412.9,
2026-01-07 10:37:50+05:30,NIFTY2621026400CE,26400.0,2026-02-10,412.9,
2026-01-07 10:37:51+05:30,NIFTY2621026400CE,26400.0,2026-02-10,412.9,
2026-01-07 10:37:52+05:30,NIFTY2621026400CE,26400.0,2026-02-10,412.9,
2026-01-07 10:37:53+05:30,NIFTY2621026400CE,26400.0,2026-02-10,412.9,
2026-01-07 10:37:54+05:30,NIFTY2621026400CE,26400.0,2026-02-10,412.9,
2026-01-07 10:37:55+05:30,NIFTY2621026400CE,26400.0,2026-02-10,412.9,
2026-01-07 10:37:56+05:30,NIFTY2621026400CE,26400.0,2026-02-10,412.9,
2026-01-07 10:37:57+05:30,NIFTY2621026400CE,26400.0,2026-02-10,412.9,
2026-01-07 10:37:58+05:30,NIFTY2621026400CE,26400.0,2026-02-10,412.9,
2026-01-07 10:37:59+05:30,NIFTY2621026400CE,26400.0,2026-02-10,412.9,
2026-01-07 10:38:00+05:30,NIFTY2621026400CE,26400.0,2026-02-10,412.9,
2026-01-07 10:38:01+05:30,NIFTY2621026400CE,26400.0,2026-02-10,412.9,
2026-01-07 10:38:02+05:30,NIFTY2621026400CE,26400.0,2026-02-10,412.9,
2026-01-07 10:38:03+05:30,NIFTY2621026400CE,26400.0,2026-02-10,412.9,
2026-01-07 10:38:04+05:30,NIFTY2621026400CE,26400.0,2026-02-10,412.9,
2026-01-07 10:38:05+05:30,NIFTY2621026400CE,26400.0,2026-02-10,412.9,
2026-01-07 10:38:06+05:30,NIFTY2621026400CE,26400.0,2026-02-10,412.9,
2026-01-07 10:38:07+05:30,NIFTY2621026400CE,26400.0,2026-02-10,412.9,
2026-01-07 10:38:08+05:30,NIFTY2621026400CE,26400.0,2026-02-10,412.9,
2026-01-07 10:38:09+05:30,NIFTY2621026400CE,26400.0,2026-02-10,412.9,
2026-01-07 10:38:10+05:30,NIFTY2621026400CE,26400.0,2026-02-10,412.9,
2026-01-07 10:38:11+05:30,NIFTY2621026400CE,26400.0,2026-02-10,412.9,
2026-01-07 10:38:12+05:30,NIFTY2621026400CE,26400.0,2026-02-10,412.9,
2026-01-07 10:38:13+05:30,NIFTY2621026400CE,26400.0,2026-02-10,412.9,
2026-01-07 10:38:14+05:30,NIFTY2621026400CE,26400.0,2026-02-10,412.9,
2026-01-07 10:38:15+05:30,NIFTY2621026400CE,26400.0,2026-02-10,412.9,
2026-01-07 10:38:16+05:30,NIFTY2621026400CE,26400.0,2026-02-10,412.9,
2026-01-07 10:38:17+05:30,NIFTY2621026400CE,26400.0,2026-02-10,412.9,
2026-01-07 10:38:18+05:30,NIFTY2621026400CE,26400.0,2026-02-10,412.9,
2026-01-07 10:38:19+05:30,NIFTY2621026400CE,26400.0,2026-02-10,412.9,
2026-01-07 10:38:20+05:30,NIFTY2621026400CE,26400.0,2026-02-10,412.9,
2026-01-07 10:38:21+05:30,NIFTY2621026400CE,26400.0,2026-02-10,412.9,
2026-01-07 10:38:22+05:30,NIFTY2621026400CE,26400.0,2026-02-10,412.9,
2026-01-07 10:38:23+05:30,NIFTY2621026400CE,26400.0,2026-02-10,412.9,
2026-01-07 10:38:24+05:30,NIFTY2621026400CE,26400.0,2026-02-10,412.9,
2026-01-07 10:38:25+05:30,NIFTY2621026400CE,26400.0,2026-02-10,412.9,
2026-01-07 10:38:26+05:30,NIFTY2621026400CE,26400.0,2026-02-10,412.9,
2026-01-07 10:38:27+05:30,NIFTY2621026400CE,26400.0,2026-02-10,412.9,
2026-01-07 10:38:28+05:30,NIFTY2621026400CE,26400.0,2026-02-10,412.9,
2026-01-07 10:38:29+05:30,NIFTY2621026400CE,26400.0,2026-02-10,412.9,
2026-01-07 10:38:30+05:30,NIFTY2621026400CE,26400.0,2026-02-10,412.9,
2026-01-07 10:38:31+05:30,NIFTY2621026400CE,26400.0,2026-02-10,412.9,
2026-01-07 10:38:32+05:30,NIFTY2621026400CE,26400.0,2026-02-10,412.9,
2026-01-07 10:38:33+05:30,NIFTY2621026400CE,26400.0,2026-02-10,412.9,
2026-01-07 10:38:34+05:30,NIFTY2621026400CE,26400.0,2026-02-10,412.9,
2026-01-07 10:38:35+05:30,NIFTY2621026400CE,26400.0,2026-02-10,412.9,
2026-01-07 10:38:36+05:30,NIFTY2621026400CE,26400.0,2026-02-10,412.9,
2026-01-07 10:38:37+05:30,NIFTY2621026400CE,26400.0,2026-02-10,412.9,
2026-01-07 10:38:38+05:30,NIFTY2621026400CE,26400.0,2026-02-10,412.9,
2026-01-07 10:38:39+05:30,NIFTY2621026400CE,26400.0,2026-02-10,412.9,
2026-01-07 10:38:40+05:30,NIFTY2621026400CE,26400.0,2026-02-10,412.9,
2026-01-07 10:38:41+05:30,NIFTY2621026400CE,26400.0,2026-02-10,412.9,
2026-01-07 10:38:42+05:30,NIFTY2621026400CE,26400.0,2026-02-10,412.9,
2026-01-07 10:38:43+05:30,NIFTY2621026400CE,26400.0,2026-02-10,412.9,
2026-01-07 10:38:44+05:30,NIFTY2621026400CE,26400.0,2026-02-10,412.9,
2026-01-07 10:38:45+05:30,NIFTY2621026400CE,26400.0,2026-02-10,412.9,
2026-01-07 10:38:46+05:30,NIFTY2621026400CE,26400.0,2026-02-10,412.9,
2026-01-07 10:38:47+05:30,NIFTY2621026400CE,26400.0,2026-02-10,412.9,
2026-01-07 10:38:48+05:30,NIFTY2621026400CE,26400.0,2026-02-10,412.9,
2026-01-07 10:38:49+05:30,NIFTY2621026400CE,26400.0,2026-02-10,412.9,
2026-01-07 10:38:50+05:30,NIFTY2621026400CE,26400.0,2026-02-10,412.9,
2026-01-07 10:38:51+05:30,NIFTY2621026400CE,26400.0,2026-02-10,412.9,
2026-01-07 10:38:52+05:30,NIFTY2621026400CE,26400.0,2026-02-10,412.9,
2026-01-07 10:38:53+05:30,NIFTY2621026400CE,26400.0,2026-02-10,412.9,
2026-01-07 10:38:54+05:30,NIFTY2621026400CE,26400.0,2026-02-10,412.9,
2026-01-07 10:38:55+05:30,NIFTY2621026400CE,26400.0,2026-02-10,412.9,
2026-01-07 10:38:56+05:30,NIFTY2621026400CE,26400.0,2026-02-10,412.9,
2026-01-07 10:38:57+05:30,NIFTY2621026400CE,26400.0,2026-02-10,412.9,
2026-01-07 10:38:58+05:30,NIFTY2621026400CE,26400.0,2026-02-10,412.9,
2026-01-07 10:38:59+05:30,NIFTY2621026400CE,26400.0,2026-02-10,412.9,
2026-01-07 10:39:00+05:30,NIFTY2621026400CE,26400.0,2026-02-10,412.9,
2026-01-07 10:39:01+05:30,NIFTY2621026400CE,26400.0,2026-02-10,412.9,
2026-01-07 10:39:02+05:30,NIFTY2621026400CE,26400.0,2026-02-10,412.9,
2026-01-07 10:39:03+05:30,NIFTY2621026400CE,26400.0,2026-02-10,412.9,
2026-01-07 10:39:04+05:30,NIFTY2621026400CE,26400.0,2026-02-10,412.9,
2026-01-07 10:39:05+05:30,NIFTY2621026400CE,26400.0,2026-02-10,412.9,
2026-01-07 10:39:06+05:30,NIFTY2621026400CE,26400.0,2026-02-10,412.9,
2026-01-07 10:39:07+05:30,NIFTY2621026400CE,26400.0,2026-02-10,412.9,
2026-01-07 10:39:08+05:30,NIFTY2621026400CE,26400.0,2026-02-10,412.9,
2026-01-07 10:39:09+05:30,NIFTY2621026400CE,26400.0,2026-02-10,412.9,
2026-01-07 10:39:10+05:30,NIFTY2621026400CE,26400.0,2026-02-10,412.9,
2026-01-07 10:39:11+05:30,NIFTY2621026400CE,26400.0,2026-02-10,412.9,
2026-01-07 10:39:12+05:30,NIFTY2621026400CE,26400.0,2026-02-10,412.9,
2026-01-07 10:39:13+05:30,NIFTY2621026400CE,26400.0,2026-02-10,412.9,
2026-01-07 10:39:14+05:30,NIFTY2621026400CE,26400.0,2026-02-10,412.9,
2026-01-07 10:39:15+05:30,NIFTY2621026400CE,26400.0,2026-02-10,412.9,
2026-01-07 10:39:16+05:30,NIFTY2621026400CE,26400.0,2026-02-10,412.9,
2026-01-07 10:39:17+05:30,NIFTY2621026400CE,26400.0,2026-02-10,412.9,
2026-01-07 10:39:18+05:30,NIFTY2621026400CE,26400.0,2026-02-10,412.9,
2026-01-07 10:39:19+05:30,NIFTY2621026400CE,26400.0,2026-02-10,412.9,
2026-01-07 10:39:20+05:30,NIFTY2621026400CE,26400.0,2026-02-10,412.9,
2026-01-07 10:39:21+05:30,NIFTY2621026400CE,26400.0,2026-02-10,412.9,
2026-01-07 10:39:22+05:30,NIFTY2621026400CE,26400.0,2026-02-10,412.9,
2026-01-07 10:39:23+05:30,NIFTY2621026400CE,26400.0,2026-02-10,412.9,
2026-01-07 10:39:24+05:30,NIFTY2621026400CE,26400.0,2026-02-10,412.9,
2026-01-07 10:39:25+05:30,NIFTY2621026400CE,26400.0,2026-02-10,412.9,
2026-01-07 10:39:26+05:30,NIFTY2621026400CE,26400.0,2026-02-10,412.9,
2026-01-07 10:39:27+05:30,NIFTY2621026400CE,26400.0,2026-02-10,412.9,
2026-01-07 10:39:28+05:30,NIFTY2621026400CE,26400.0,2026-02-10,412.9,
2026-01-07 10:39:29+05:30,NIFTY2621026400CE,26400.0,2026-02-10,412.9,
2026-01-07 10:39:30+05:30,NIFTY2621026400CE,26400.0,2026-02-10,412.9,
2026-01-07 10:39:31+05:30,NIFTY2621026400CE,26400.0,2026-02-10,412.9,
2026-01-07 10:39:32+05:30,NIFTY2621026400CE,26400.0,2026-02-10,412.9,
2026-01-07 10:39:33+05:30,NIFTY2621026400CE,26400.0,2026-02-10,412.9,
2026-01-07 10:39:34+05:30,NIFTY2621026400CE,26400.0,2026-02-10,412.9,
2026-01-07 10:39:35+05:30,NIFTY2621026400CE,26400.0,2026-02-10,412.9,
2026-01-07 10:39:36+05:30,NIFTY2621026400CE,26400.0,2026-02-10,412.9,
2026-01-07 10:39:37+05:30,NIFTY2621026400CE,26400.0,2026-02-10,412.9,
2026-01-07 10:39:38+05:30,NIFTY2621026400CE,26400.0,2026-02-10,412.9,
2026-01-07 10:39:39+05:30,NIFTY2621026400CE,26400.0,2026-02-10,412.9,
2026-01-07 10:39:40+05:30,NIFTY2621026400CE,26400.0,2026-02-10,412.9,
2026-01-07 10:39:41+05:30,NIFTY2621026400CE,26400.0,2026-02-10,412.9,
2026-01-07 10:39:42+05:30,NIFTY2621026400CE,26400.0,2026-02-10,412.9,
2026-01-07 10:39:43+05:30,NIFTY2621026400CE,26400.0,2026-02-10,412.9,
2026-01-07 10:39:44+05:30,NIFTY2621026400CE,26400.0,2026-02-10,412.9,
2026-01-07 10:39:45+05:30,NIFTY2621026400CE,26400.0,2026-02-10,412.9,
2026-01-07 10:39:46+05:30,NIFTY2621026400CE,26400.0,2026-02-10,412.9,
2026-01-07 10:39:47+05:30,NIFTY2621026400CE,26400.0,2026-02-10,412.9,
2026-01-07 10:39:48+05:30,NIFTY2621026400CE,26400.0,2026-02-10,412.9,
2026-01-07 10:39:49+05:30,NIFTY2621026400CE,26400.0,2026-02-10,412.9,
2026-01-07 10:39:50+05:30,NIFTY2621026400CE,26400.0,2026-02-10,412.9,
2026-01-07 10:39:51+05:30,NIFTY2621026400CE,26400.0,2026-02-10,412.9,
2026-01-07 10:39:52+05:30,NIFTY2621026400CE,26400.0,2026-02-10,412.9,
2026-01-07 10:39:53+05:30,NIFTY2621026400CE,26400.0,2026-02-10,412.9,
2026-01-07 10:39:54+05:30,NIFTY2621026400CE,26400.0,2026-02-10,412.9,
2026-01-07 10:39:55+05:30,NIFTY2621026400CE,26400.0,2026-02-10,412.9,
2026-01-07 10:39:56+05:30,NIFTY2621026400CE,26400.0,2026-02-10,412.9,
2026-01-07 10:39:57+05:30,NIFTY2621026400CE,26400.0,2026-02-10,412.9,
2026-01-07 10:39:58+05:30,NIFTY2621026400CE,26400.0,2026-02-10,412.9,
2026-01-07 10:39:59+05:30,NIFTY2621026400CE,26400.0,2026-02-10,412.9,
2026-01-07 10:40:00+05:30,NIFTY2621026400CE,26400.0,2026-02-10,412.9,
2026-01-07 10:40:01+05:30,NIFTY2621026400CE,26400.0,2026-02-10,412.9,
2026-01-07 10:40:02+05:30,NIFTY2621026400CE,26400.0,2026-02-10,412.9,
2026-01-07 10:40:03+05:30,NIFTY2621026400CE,26400.0,2026-02-10,412.9,
2026-01-07 10:40:04+05:30,NIFTY2621026400CE,26400.0,2026-02-10,412.9,
2026-01-07 10:40:05+05:30,NIFTY2621026400CE,26400.0,2026-02-10,412.9,
2026-01-07 10:40:06+05:30,NIFTY2621026400CE,26400.0,2026-02-10,412.9,
2026-01-07 10:40:07+05:30,NIFTY2621026400CE,26400.0,2026-02-10,412.9,
2026-01-07 10:40:08+05:30,NIFTY2621026400CE,26400.0,2026-02-10,412.9,
2026-01-07 10:40:09+05:30,NIFTY2621026400CE,26400.0,2026-02-10,412.9,
2026-01-07 10:40:10+05:30,NIFTY2621026400CE,26400.0,2026-02-10,412.9,
2026-01-07 10:40:11+05:30,NIFTY2621026400CE,26400.0,2026-02-10,412.9,
2026-01-07 10:40:12+05:30,NIFTY2621026400CE,26400.0,2026-02-10,412.9,
2026-01-07 10:40:13+05:30,NIFTY2621026400CE,26400.0,2026-02-10,412.9,
2026-01-07 10:40:14+05:30,NIFTY2621026400CE,26400.0,2026-02-10,412.9,
2026-01-07 10:40:15+05:30,NIFTY2621026400CE,26400.0,2026-02-10,412.9,
2026-01-07 10:40:16+05:30,NIFTY2621026400CE,26400.0,2026-02-10,412.9,
2026-01-07 10:40:17+05:30,NIFTY2621026400CE,26400.0,2026-02-10,412.9,
2026-01-07 10:40:18+05:30,NIFTY2621026400CE,26400.0,2026-02-10,412.9,
2026-01-07 10:40:19+05:30,NIFTY2621026400CE,26400.0,2026-02-10,412.9,
2026-01-07 10:40:20+05:30,NIFTY2621026400CE,26400.0,2026-02-10,412.9,
2026-01-07 10:40:21+05:30,NIFTY2621026400CE,26400.0,2026-02-10,412.9,
2026-01-07 10:40:22+05:30,NIFTY2621026400CE,26400.0,2026-02-10,412.9,
2026-01-07 10:40:23+05:30,NIFTY2621026400CE,26400.0,2026-02-10,412.9,
2026-01-07 10:40:24+05:30,NIFTY2621026400CE,26400.0,2026-02-10,412.9,
2026-01-07 10:40:25+05:30,NIFTY2621026400CE,26400.0,2026-02-10,412.9,
2026-01-07 10:40:26+05:30,NIFTY2621026400CE,26400.0,2026-02-10,412.9,
2026-01-07 10:40:27+05:30,NIFTY2621026400CE,26400.0,2026-02-10,412.9,
2026-01-07 10:40:28+05:30,NIFTY2621026400CE,26400.0,2026-02-10,412.9,
2026-01-07 10:40:29+05:30,NIFTY2621026400CE,26400.0,2026-02-10,412.9,
2026-01-07 10:40:30+05:30,NIFTY2621026400CE,26400.0,2026-02-10,412.9,
2026-01-07 10:40:31+05:30,NIFTY2621026400CE,26400.0,2026-02-10,412.9,
2026-01-07 10:40:32+05:30,NIFTY2621026400CE,26400.0,2026-02-10,412.9,
2026-01-07 10:40:33+05:30,NIFTY2621026400CE,26400.0,2026-02-10,412.9,
2026-01-07 10:40:34+05:30,NIFTY2621026400CE,26400.0,2026-02-10,412.9,
2026-01-07 10:40:35+05:30,NIFTY2621026400CE,26400.0,2026-02-10,412.9,
2026-01-07 10:40:36+05:30,NIFTY2621026400CE,26400.0,2026-02-10,412.9,
2026-01-07 10:40:37+05:30,NIFTY2621026400CE,26400.0,2026-02-10,412.9,
2026-01-07 10:40:38+05:30,NIFTY2621026400CE,26400.0,2026-02-10,412.9,
2026-01-07 10:40:39+05:30,NIFTY2621026400CE,26400.0,2026-02-10,412.9,
2026-01-07 10:40:40+05:30,NIFTY2621026400CE,26400.0,2026-02-10,412.9,
2026-01-07 10:40:41+05:30,NIFTY2621026400CE,26400.0,2026-02-10,412.9,
2026-01-07 10:40:42+05:30,NIFTY2621026400CE,26400.0,2026-02-10,412.9,
2026-01-07 10:40:43+05:30,NIFTY2621026400CE,26400.0,2026-02-10,412.9,
2026-01-07 10:40:44+05:30,NIFTY2621026400CE,26400.0,2026-02-10,412.9,
2026-01-07 10:40:45+05:30,NIFTY2621026400CE,26400.0,2026-02-10,412.9,
2026-01-07 10:40:46+05:30,NIFTY2621026400CE,26400.0,2026-02-10,412.9,
2026-01-07 10:40:47+05:30,NIFTY2621026400CE,26400.0,2026-02-10,412.9,
2026-01-07 10:40:48+05:30,NIFTY2621026400CE,26400.0,2026-02-10,412.9,
2026-01-07 10:40:49+05:30,NIFTY2621026400CE,26400.0,2026-02-10,412.9,
2026-01-07 10:40:50+05:30,NIFTY2621026400CE,26400.0,2026-02-10,412.9,
2026-01-07 10:40:51+05:30,NIFTY2621026400CE,26400.0,2026-02-10,412.9,
2026-01-07 10:40:52+05:30,NIFTY2621026400CE,26400.0,2026-02-10,412.9,
2026-01-07 10:40:53+05:30,NIFTY2621026400CE,26400.0,2026-02-10,412.9,
2026-01-07 10:40:54+05:30,NIFTY2621026400CE,26400.0,2026-02-10,412.9,
2026-01-07 10:40:55+05:30,NIFTY2621026400CE,26400.0,2026-02-10,412.9,
2026-01-07 10:40:56+05:30,NIFTY2621026400CE,26400.0,2026-02-10,412.9,
2026-01-07 10:40:57+05:30,NIFTY2621026400CE,26400.0,2026-02-10,412.9,
2026-01-07 10:40:58+05:30,NIFTY2621026400CE,26400.0,2026-02-10,412.9,
2026-01-07 10:40:59+05:30,NIFTY2621026400CE,26400.0,2026-02-10,412.9,
2026-01-07 10:41:00+05:30,NIFTY2621026400CE,26400.0,2026-02-10,412.9,
2026-01-07 10:41:01+05:30,NIFTY2621026400CE,26400.0,2026-02-10,412.9,
2026-01-07 10:41:02+05:30,NIFTY2621026400CE,26400.0,2026-02-10,412.9,
2026-01-07 10:41:03+05:30,NIFTY2621026400CE,26400.0,2026-02-10,412.9,
2026-01-07 10:41:04+05:30,NIFTY2621026400CE,26400.0,2026-02-10,412.9,
2026-01-07 10:41:05+05:30,NIFTY2621026400CE,26400.0,2026-02-10,412.9,
2026-01-07 10:41:06+05:30,NIFTY2621026400CE,26400.0,2026-02-10,412.9,
2026-01-07 10:41:07+05:30,NIFTY2621026400CE,26400.0,2026-02-10,412.9,
2026-01-07 10:41:08+05:30,NIFTY2621026400CE,26400.0,2026-02-10,412.9,
2026-01-07 10:41:09+05:30,NIFTY2621026400CE,26400.0,2026-02-10,412.9,
2026-01-07 10:41:10+05:30,NIFTY2621026400CE,26400.0,2026-02-10,412.9,
2026-01-07 10:41:11+05:30,NIFTY2621026400CE,26400.0,2026-02-10,412.9,
2026-01-07 10:41:12+05:30,NIFTY2621026400CE,26400.0,2026-02-10,412.9,
2026-01-07 10:41:13+05:30,NIFTY2621026400CE,26400.0,2026-02-10,412.9,
2026-01-07 10:41:14+05:30,NIFTY2621026400CE,26400.0,2026-02-10,412.9,
2026-01-07 10:41:15+05:30,NIFTY2621026400CE,26400.0,2026-02-10,412.9,
2026-01-07 10:41:16+05:30,NIFTY2621026400CE,26400.0,2026-02-10,412.9,
2026-01-07 10:41:17+05:30,NIFTY2621026400CE,26400.0,2026-02-10,412.9,
2026-01-07 10:41:18+05:30,NIFTY2621026400CE,26400.0,2026-02-10,412.9,
2026-01-07 10:41:19+05:30,NIFTY2621026400CE,26400.0,2026-02-10,412.9,
2026-01-07 10:41:20+05:30,NIFTY2621026400CE,26400.0,2026-02-10,412.9,
2026-01-07 10:41:21+05:30,NIFTY2621026400CE,26400.0,2026-02-10,412.9,
2026-01-07 10:41:22+05:30,NIFTY2621026400CE,26400.0,2026-02-10,412.9,
2026-01-07 10:41:23+05:30,NIFTY2621026400CE,26400.0,2026-02-10,412.9,
2026-01-07 10:41:24+05:30,NIFTY2621026400CE,26400.0,2026-02-10,412.9,
2026-01-07 10:41:25+05:30,NIFTY2621026400CE,26400.0,2026-02-10,412.9,
2026-01-07 10:41:26+05:30,NIFTY2621026400CE,26400.0,2026-02-10,412.9,
2026-01-07 10:41:27+05:30,NIFTY2621026400CE,26400.0,2026-02-10,412.9,
2026-01-07 10:41:28+05:30,NIFTY2621026400CE,26400.0,2026-02-10,412.9,
2026-01-07 10:41:29+05:30,NIFTY2621026400CE,26400.0,2026-02-10,412.9,
2026-01-07 10:41:30+05:30,NIFTY2621026400CE,26400.0,2026-02-10,412.9,
2026-01-07 10:41:31+05:30,NIFTY2621026400CE,26400.0,2026-02-10,412.9,
2026-01-07 10:41:32+05:30,NIFTY2621026400CE,26400.0,2026-02-10,412.9,
2026-01-07 10:41:33+05:30,NIFTY2621026400CE,26400.0,2026-02-10,412.9,
2026-01-07 10:41:34+05:30,NIFTY2621026400CE,26400.0,2026-02-10,412.9,
2026-01-07 10:41:35+05:30,NIFTY2621026400CE,26400.0,2026-02-10,412.9,
2026-01-07 10:41:36+05:30,NIFTY2621026400CE,26400.0,2026-02-10,412.9,
2026-01-07 10:41:37+05:30,NIFTY2621026400CE,26400.0,2026-02-10,412.9,
2026-01-07 10:41:38+05:30,NIFTY2621026400CE,26400.0,2026-02-10,412.9,
2026-01-07 10:41:39+05:30,NIFTY2621026400CE,26400.0,2026-02-10,412.9,
2026-01-07 10:41:40+05:30,NIFTY2621026400CE,26400.0,2026-02-10,412.9,
2026-01-07 10:41:41+05:30,NIFTY2621026400CE,26400.0,2026-02-10,412.9,
2026-01-07 10:41:42+05:30,NIFTY2621026400CE,26400.0,2026-02-10,412.9,
2026-01-07 10:41:43+05:30,NIFTY2621026400CE,26400.0,2026-02-10,412.9,
2026-01-07 10:41:44+05:30,NIFTY2621026400CE,26400.0,2026-02-10,412.9,
2026-01-07 10:41:45+05:30,NIFTY2621026400CE,26400.0,2026-02-10,412.9,
2026-01-07 10:41:46+05:30,NIFTY2621026400CE,26400.0,2026-02-10,412.9,
2026-01-07 10:41:47+05:30,NIFTY2621026400CE,26400.0,2026-02-10,412.9,
2026-01-07 10:41:48+05:30,NIFTY2621026400CE,26400.0,2026-02-10,412.9,
2026-01-07 10:41:49+05:30,NIFTY2621026400CE,26400.0,2026-02-10,412.9,
2026-01-07 10:41:50+05:30,NIFTY2621026400CE,26400.0,2026-02-10,412.9,
2026-01-07 10:41:51+05:30,NIFTY2621026400CE,26400.0,2026-02-10,412.9,
2026-01-07 10:41:52+05:30,NIFTY2621026400CE,26400.0,2026-02-10,412.9,
2026-01-07 10:41:53+05:30,NIFTY2621026400CE,26400.0,2026-02-10,412.9,
2026-01-07 10:41:54+05:30,NIFTY2621026400CE,26400.0,2026-02-10,412.9,
2026-01-07 10:41:55+05:30,NIFTY2621026400CE,26400.0,2026-02-10,412.9,
2026-01-07 10:41:56+05:30,NIFTY2621026400CE,26400.0,2026-02-10,412.9,
2026-01-07 10:41:57+05:30,NIFTY2621026400CE,26400.0,2026-02-10,412.9,
2026-01-07 10:41:58+05:30,NIFTY2621026400CE,26400.0,2026-02-10,412.9,
2026-01-07 10:41:59+05:30,NIFTY2621026400CE,26400.0,2026-02-10,412.9,
2026-01-07 10:42:00+05:30,NIFTY2621026400CE,26400.0,2026-02-10,412.9,
2026-01-07 10:42:01+05:30,NIFTY2621026400CE,26400.0,2026-02-10,412.9,
2026-01-07 10:42:02+05:30,NIFTY2621026400CE,26400.0,2026-02-10,412.9,
2026-01-07 10:42:03+05:30,NIFTY2621026400CE,26400.0,2026-02-10,412.9,
2026-01-07 10:42:04+05:30,NIFTY2621026400CE,26400.0,2026-02-10,412.9,
2026-01-07 10:42:05+05:30,NIFTY2621026400CE,26400.0,2026-02-10,412.9,
2026-01-07 10:42:06+05:30,NIFTY2621026400CE,26400.0,2026-02-10,412.9,
2026-01-07 10:42:07+05:30,NIFTY2621026400CE,26400.0,2026-02-10,412.9,
2026-01-07 10:42:08+05:30,NIFTY2621026400CE,26400.0,2026-02-10,412.9,
2026-01-07 10:42:09+05:30,NIFTY2621026400CE,26400.0,2026-02-10,412.9,
2026-01-07 10:42:10+05:30,NIFTY2621026400CE,26400.0,2026-02-10,412.9,
2026-01-07 10:42:11+05:30,NIFTY2621026400CE,26400.0,2026-02-10,412.9,
2026-01-07 10:42:12+05:30,NIFTY2621026400CE,26400.0,2026-02-10,412.9,
2026-01-07 10:42:13+05:30,NIFTY2621026400CE,26400.0,2026-02-10,412.9,
2026-01-07 10:42:14+05:30,NIFTY2621026400CE,26400.0,2026-02-10,412.9,
2026-01-07 10:42:15+05:30,NIFTY2621026400CE,26400.0,2026-02-10,412.9,
2026-01-07 10:42:16+05:30,NIFTY2621026400CE,26400.0,2026-02-10,412.9,
2026-01-07 10:42:17+05:30,NIFTY2621026400CE,26400.0,2026-02-10,412.9,
2026-01-07 10:42:18+05:30,NIFTY2621026400CE,26400.0,2026-02-10,412.9,
2026-01-07 10:42:19+05:30,NIFTY2621026400CE,26400.0,2026-02-10,412.9,
2026-01-07 10:42:20+05:30,NIFTY2621026400CE,26400.0,2026-02-10,412.9,
2026-01-07 10:42:21+05:30,NIFTY2621026400CE,26400.0,2026-02-10,412.9,
2026-01-07 10:42:22+05:30,NIFTY2621026400CE,26400.0,2026-02-10,412.9,
2026-01-07 10:42:23+05:30,NIFTY2621026400CE,26400.0,2026-02-10,412.9,
2026-01-07 10:42:24+05:30,NIFTY2621026400CE,26400.0,2026-02-10,412.9,
2026-01-07 10:42:25+05:30,NIFTY2621026400CE,26400.0,2026-02-10,412.9,
2026-01-07 10:42:26+05:30,NIFTY2621026400CE,26400.0,2026-02-10,412.9,
2026-01-07 10:42:27+05:30,NIFTY2621026400CE,26400.0,2026-02-10,412.9,
2026-01-07 10:42:28+05:30,NIFTY2621026400CE,26400.0,2026-02-10,412.9,
2026-01-07 10:42:29+05:30,NIFTY2621026400CE,26400.0,2026-02-10,412.9,
2026-01-07 10:42:30+05:30,NIFTY2621026400CE,26400.0,2026-02-10,412.9,
2026-01-07 10:42:31+05:30,NIFTY2621026400CE,26400.0,2026-02-10,412.9,
2026-01-07 10:42:32+05:30,NIFTY2621026400CE,26400.0,2026-02-10,412.9,
2026-01-07 10:42:33+05:30,NIFTY2621026400CE,26400.0,2026-02-10,412.9,
2026-01-07 10:42:34+05:30,NIFTY2621026400CE,26400.0,2026-02-10,412.9,
2026-01-07 10:42:35+05:30,NIFTY2621026400CE,26400.0,2026-02-10,412.9,
2026-01-07 10:42:36+05:30,NIFTY2621026400CE,26400.0,2026-02-10,412.9,
2026-01-07 10:42:37+05:30,NIFTY2621026400CE,26400.0,2026-02-10,412.9,
2026-01-07 10:42:38+05:30,NIFTY2621026400CE,26400.0,2026-02-10,412.9,
2026-01-07 10:42:39+05:30,NIFTY2621026400CE,26400.0,2026-02-10,412.9,
2026-01-07 10:42:40+05:30,NIFTY2621026400CE,26400.0,2026-02-10,412.9,
2026-01-07 10:42:41+05:30,NIFTY2621026400CE,26400.0,2026-02-10,412.9,
2026-01-07 10:42:42+05:30,NIFTY2621026400CE,26400.0,2026-02-10,412.9,
2026-01-07 10:42:43+05:30,NIFTY2621026400CE,26400.0,2026-02-10,412.9,
2026-01-07 10:42:44+05:30,NIFTY2621026400CE,26400.0,2026-02-10,412.9,
2026-01-07 10:42:45+05:30,NIFTY2621026400CE,26400.0,2026-02-10,412.9,
2026-01-07 10:42:46+05:30,NIFTY2621026400CE,26400.0,2026-02-10,412.9,
2026-01-07 10:42:47+05:30,NIFTY2621026400CE,26400.0,2026-02-10,412.9,
2026-01-07 10:42:48+05:30,NIFTY2621026400CE,26400.0,2026-02-10,412.9,
2026-01-07 10:42:49+05:30,NIFTY2621026400CE,26400.0,2026-02-10,412.9,
2026-01-07 10:42:50+05:30,NIFTY2621026400CE,26400.0,2026-02-10,412.9,
2026-01-07 10:42:51+05:30,NIFTY2621026400CE,26400.0,2026-02-10,412.9,
2026-01-07 10:42:52+05:30,NIFTY2621026400CE,26400.0,2026-02-10,412.9,
2026-01-07 10:42:53+05:30,NIFTY2621026400CE,26400.0,2026-02-10,412.9,
2026-01-07 10:42:54+05:30,NIFTY2621026400CE,26400.0,2026-02-10,412.9,
2026-01-07 10:42:55+05:30,NIFTY2621026400CE,26400.0,2026-02-10,412.9,
2026-01-07 10:42:56+05:30,NIFTY2621026400CE,26400.0,2026-02-10,412.9,
2026-01-07 10:42:57+05:30,NIFTY2621026400CE,26400.0,2026-02-10,412.9,
2026-01-07 10:42:58+05:30,NIFTY2621026400CE,26400.0,2026-02-10,412.9,
2026-01-07 10:42:59+05:30,NIFTY2621026400CE,26400.0,2026-02-10,412.9,
2026-01-07 10:43:00+05:30,NIFTY2621026400CE,26400.0,2026-02-10,412.9,
2026-01-07 10:43:01+05:30,NIFTY2621026400CE,26400.0,2026-02-10,412.9,
2026-01-07 10:43:02+05:30,NIFTY2621026400CE,26400.0,2026-02-10,412.9,
2026-01-07 10:43:03+05:30,NIFTY2621026400CE,26400.0,2026-02-10,412.9,
2026-01-07 10:43:04+05:30,NIFTY2621026400CE,26400.0,2026-02-10,412.9,
2026-01-07 10:43:05+05:30,NIFTY2621026400CE,26400.0,2026-02-10,412.9,
2026-01-07 10:43:06+05:30,NIFTY2621026400CE,26400.0,2026-02-10,412.9,
2026-01-07 10:43:07+05:30,NIFTY2621026400CE,26400.0,2026-02-10,412.9,
2026-01-07 10:43:08+05:30,NIFTY2621026400CE,26400.0,2026-02-10,412.9,
2026-01-07 10:43:09+05:30,NIFTY2621026400CE,26400.0,2026-02-10,412.9,
2026-01-07 10:43:10+05:30,NIFTY2621026400CE,26400.0,2026-02-10,412.9,
2026-01-07 10:43:11+05:30,NIFTY2621026400CE,26400.0,2026-02-10,412.9,
2026-01-07 10:43:12+05:30,NIFTY2621026400CE,26400.0,2026-02-10,412.9,
2026-01-07 10:43:13+05:30,NIFTY2621026400CE,26400.0,2026-02-10,412.9,
2026-01-07 10:43:14+05:30,NIFTY2621026400CE,26400.0,2026-02-10,412.9,
2026-01-07 10:43:15+05:30,NIFTY2621026400CE,26400.0,2026-02-10,412.9,
2026-01-07 10:43:16+05:30,NIFTY2621026400CE,26400.0,2026-02-10,412.9,
2026-01-07 10:43:17+05:30,NIFTY2621026400CE,26400.0,2026-02-10,412.9,
2026-01-07 10:43:18+05:30,NIFTY2621026400CE,26400.0,2026-02-10,412.9,
2026-01-07 10:43:19+05:30,NIFTY2621026400CE,26400.0,2026-02-10,412.9,
2026-01-07 10:43:20+05:30,NIFTY2621026400CE,26400.0,2026-02-10,412.9,
2026-01-07 10:43:21+05:30,NIFTY2621026400CE,26400.0,2026-02-10,412.9,
2026-01-07 10:43:22+05:30,NIFTY2621026400CE,26400.0,2026-02-10,412.9,
2026-01-07 10:43:23+05:30,NIFTY2621026400CE,26400.0,2026-02-10,412.9,
2026-01-07 10:43:24+05:30,NIFTY2621026400CE,26400.0,2026-02-10,412.9,
2026-01-07 10:43:25+05:30,NIFTY2621026400CE,26400.0,2026-02-10,412.9,
2026-01-07 10:43:26+05:30,NIFTY2621026400CE,26400.0,2026-02-10,412.9,
2026-01-07 10:43:27+05:30,NIFTY2621026400CE,26400.0,2026-02-10,412.9,
2026-01-07 10:43:28+05:30,NIFTY2621026400CE,26400.0,2026-02-10,412.9,
2026-01-07 10:43:29+05:30,NIFTY2621026400CE,26400.0,2026-02-10,412.9,
2026-01-07 10:43:30+05:30,NIFTY2621026400CE,26400.0,2026-02-10,412.9,
2026-01-07 10:43:31+05:30,NIFTY2621026400CE,26400.0,2026-02-10,412.9,
2026-01-07 10:43:32+05:30,NIFTY2621026400CE,26400.0,2026-02-10,412.9,
2026-01-07 10:43:33+05:30,NIFTY2621026400CE,26400.0,2026-02-10,412.9,
2026-01-07 10:43:34+05:30,NIFTY2621026400CE,26400.0,2026-02-10,412.9,
2026-01-07 10:43:35+05:30,NIFTY2621026400CE,26400.0,2026-02-10,412.9,
2026-01-07 10:43:36+05:30,NIFTY2621026400CE,26400.0,2026-02-10,412.9,
2026-01-07 10:43:37+05:30,NIFTY2621026400CE,26400.0,2026-02-10,412.9,
2026-01-07 10:43:38+05:30,NIFTY2621026400CE,26400.0,2026-02-10,412.9,
2026-01-07 10:43:39+05:30,NIFTY2621026400CE,26400.0,2026-02-10,412.9,
2026-01-07 10:43:40+05:30,NIFTY2621026400CE,26400.0,2026-02-10,412.9,
2026-01-07 10:43:41+05:30,NIFTY2621026400CE,26400.0,2026-02-10,412.9,
2026-01-07 10:43:42+05:30,NIFTY2621026400CE,26400.0,2026-02-10,412.9,
2026-01-07 10:43:43+05:30,NIFTY2621026400CE,26400.0,2026-02-10,412.9,
2026-01-07 10:43:44+05:30,NIFTY2621026400CE,26400.0,2026-02-10,412.9,
2026-01-07 10:43:45+05:30,NIFTY2621026400CE,26400.0,2026-02-10,412.9,
2026-01-07 10:43:46+05:30,NIFTY2621026400CE,26400.0,2026-02-10,412.9,
2026-01-07 10:43:47+05:30,NIFTY2621026400CE,26400.0,2026-02-10,412.9,
2026-01-07 10:43:48+05:30,NIFTY2621026400CE,26400.0,2026-02-10,412.9,
2026-01-07 10:43:49+05:30,NIFTY2621026400CE,26400.0,2026-02-10,412.9,
2026-01-07 10:43:50+05:30,NIFTY2621026400CE,26400.0,2026-02-10,412.9,
2026-01-07 10:43:51+05:30,NIFTY2621026400CE,26400.0,2026-02-10,412.9,
2026-01-07 10:43:52+05:30,NIFTY2621026400CE,26400.0,2026-02-10,412.9,
2026-01-07 10:43:53+05:30,NIFTY2621026400CE,26400.0,2026-02-10,412.9,
2026-01-07 10:43:54+05:30,NIFTY2621026400CE,26400.0,2026-02-10,412.9,
2026-01-07 10:43:55+05:30,NIFTY2621026400CE,26400.0,2026-02-10,412.9,
2026-01-07 10:43:56+05:30,NIFTY2621026400CE,26400.0,2026-02-10,412.9,
2026-01-07 10:43:57+05:30,NIFTY2621026400CE,26400.0,2026-02-10,412.9,
2026-01-07 10:43:58+05:30,NIFTY2621026400CE,26400.0,2026-02-10,412.9,
2026-01-07 10:43:59+05:30,NIFTY2621026400CE,26400.0,2026-02-10,412.9,
2026-01-07 10:44:00+05:30,NIFTY2621026400CE,26400.0,2026-02-10,412.9,
2026-01-07 10:44:01+05:30,NIFTY2621026400CE,26400.0,2026-02-10,412.9,
2026-01-07 10:44:02+05:30,NIFTY2621026400CE,26400.0,2026-02-10,412.9,
2026-01-07 10:44:03+05:30,NIFTY2621026400CE,26400.0,2026-02-10,412.9,
2026-01-07 10:44:04+05:30,NIFTY2621026400CE,26400.0,2026-02-10,412.9,
2026-01-07 10:44:05+05:30,NIFTY2621026400CE,26400.0,2026-02-10,412.9,
2026-01-07 10:44:06+05:30,NIFTY2621026400CE,26400.0,2026-02-10,412.9,
2026-01-07 10:44:07+05:30,NIFTY2621026400CE,26400.0,2026-02-10,412.9,
2026-01-07 10:44:08+05:30,NIFTY2621026400CE,26400.0,2026-02-10,412.9,
2026-01-07 10:44:09+05:30,NIFTY2621026400CE,26400.0,2026-02-10,412.9,
2026-01-07 10:44:10+05:30,NIFTY2621026400CE,26400.0,2026-02-10,412.9,
2026-01-07 10:44:11+05:30,NIFTY2621026400CE,26400.0,2026-02-10,412.9,
2026-01-07 10:44:12+05:30,NIFTY2621026400CE,26400.0,2026-02-10,412.9,
2026-01-07 10:44:13+05:30,NIFTY2621026400CE,26400.0,2026-02-10,412.9,
2026-01-07 10:44:14+05:30,NIFTY2621026400CE,26400.0,2026-02-10,412.9,
2026-01-07 10:44:15+05:30,NIFTY2621026400CE,26400.0,2026-02-10,412.9,
2026-01-07 10:44:16+05:30,NIFTY2621026400CE,26400.0,2026-02-10,412.9,
2026-01-07 10:44:17+05:30,NIFTY2621026400CE,26400.0,2026-02-10,412.9,
2026-01-07 10:44:18+05:30,NIFTY2621026400CE,26400.0,2026-02-10,412.9,
2026-01-07 10:44:19+05:30,NIFTY2621026400CE,26400.0,2026-02-10,412.9,
2026-01-07 10:44:20+05:30,NIFTY2621026400CE,26400.0,2026-02-10,412.9,
2026-01-07 10:44:21+05:30,NIFTY2621026400CE,26400.0,2026-02-10,412.9,
2026-01-07 10:44:22+05:30,NIFTY2621026400CE,26400.0,2026-02-10,412.9,
2026-01-07 10:44:23+05:30,NIFTY2621026400CE,26400.0,2026-02-10,412.9,
2026-01-07 10:44:24+05:30,NIFTY2621026400CE,26400.0,2026-02-10,412.9,
2026-01-07 10:44:25+05:30,NIFTY2621026400CE,26400.0,2026-02-10,412.9,
2026-01-07 10:44:26+05:30,NIFTY2621026400CE,26400.0,2026-02-10,412.9,
2026-01-07 10:44:27+05:30,NIFTY2621026400CE,26400.0,2026-02-10,412.9,
2026-01-07 10:44:28+05:30,NIFTY2621026400CE,26400.0,2026-02-10,412.9,
2026-01-07 10:44:29+05:30,NIFTY2621026400CE,26400.0,2026-02-10,412.9,
2026-01-07 10:44:30+05:30,NIFTY2621026400CE,26400.0,2026-02-10,412.9,
2026-01-07 10:44:31+05:30,NIFTY2621026400CE,26400.0,2026-02-10,412.9,
2026-01-07 10:44:32+05:30,NIFTY2621026400CE,26400.0,2026-02-10,412.9,
2026-01-07 10:44:33+05:30,NIFTY2621026400CE,26400.0,2026-02-10,412.9,
2026-01-07 10:44:34+05:30,NIFTY2621026400CE,26400.0,2026-02-10,412.9,
2026-01-07 10:44:35+05:30,NIFTY2621026400CE,26400.0,2026-02-10,412.9,
2026-01-07 10:44:36+05:30,NIFTY2621026400CE,26400.0,2026-02-10,412.9,
2026-01-07 10:44:37+05:30,NIFTY2621026400CE,26400.0,2026-02-10,412.9,
2026-01-07 10:44:38+05:30,NIFTY2621026400CE,26400.0,2026-02-10,412.9,
2026-01-07 10:44:39+05:30,NIFTY2621026400CE,26400.0,2026-02-10,412.9,
2026-01-07 10:44:40+05:30,NIFTY2621026400CE,26400.0,2026-02-10,412.9,
2026-01-07 10:44:41+05:30,NIFTY2621026400CE,26400.0,2026-02-10,412.9,
2026-01-07 10:44:42+05:30,NIFTY2621026400CE,26400.0,2026-02-10,412.9,
2026-01-07 10:44:43+05:30,NIFTY2621026400CE,26400.0,2026-02-10,412.9,
2026-01-07 10:44:44+05:30,NIFTY2621026400CE,26400.0,2026-02-10,412.9,
2026-01-07 10:44:45+05:30,NIFTY2621026400CE,26400.0,2026-02-10,412.9,
2026-01-07 10:44:46+05:30,NIFTY2621026400CE,26400.0,2026-02-10,412.9,
2026-01-07 10:44:47+05:30,NIFTY2621026400CE,26400.0,2026-02-10,412.9,
2026-01-07 10:44:48+05:30,NIFTY2621026400CE,26400.0,2026-02-10,412.9,
2026-01-07 10:44:49+05:30,NIFTY2621026400CE,26400.0,2026-02-10,412.9,
2026-01-07 10:44:50+05:30,NIFTY2621026400CE,26400.0,2026-02-10,412.9,
2026-01-07 10:44:51+05:30,NIFTY2621026400CE,26400.0,2026-02-10,412.9,
2026-01-07 10:44:52+05:30,NIFTY2621026400CE,26400.0,2026-02-10,412.9,
2026-01-07 10:44:53+05:30,NIFTY2621026400CE,26400.0,2026-02-10,412.9,
2026-01-07 10:44:54+05:30,NIFTY2621026400CE,26400.0,2026-02-10,412.9,
2026-01-07 10:44:55+05:30,NIFTY2621026400CE,26400.0,2026-02-10,412.9,
2026-01-07 10:44:56+05:30,NIFTY2621026400CE,26400.0,2026-02-10,412.9,
2026-01-07 10:44:57+05:30,NIFTY2621026400CE,26400.0,2026-02-10,412.9,
2026-01-07 10:44:58+05:30,NIFTY2621026400CE,26400.0,2026-02-10,412.9,
2026-01-07 10:44:59+05:30,NIFTY2621026400CE,26400.0,2026-02-10,412.9,
2026-01-07 10:45:00+05:30,NIFTY2621026400CE,26400.0,2026-02-10,412.9,
2026-01-07 10:45:01+05:30,NIFTY2621026400CE,26400.0,2026-02-10,412.9,
2026-01-07 10:45:02+05:30,NIFTY2621026400CE,26400.0,2026-02-10,412.9,
2026-01-07 10:45:03+05:30,NIFTY2621026400CE,26400.0,2026-02-10,412.9,
2026-01-07 10:45:04+05:30,NIFTY2621026400CE,26400.0,2026-02-10,412.9,
2026-01-07 10:45:05+05:30,NIFTY2621026400CE,26400.0,2026-02-10,412.9,
2026-01-07 10:45:06+05:30,NIFTY2621026400CE,26400.0,2026-02-10,412.9,
2026-01-07 10:45:07+05:30,NIFTY2621026400CE,26400.0,2026-02-10,412.9,
2026-01-07 10:45:08+05:30,NIFTY2621026400CE,26400.0,2026-02-10,412.9,
2026-01-07 10:45:09+05:30,NIFTY2621026400CE,26400.0,2026-02-10,412.9,
2026-01-07 10:45:10+05:30,NIFTY2621026400CE,26400.0,2026-02-10,412.9,
2026-01-07 10:45:11+05:30,NIFTY2621026400CE,26400.0,2026-02-10,412.9,
2026-01-07 10:45:12+05:30,NIFTY2621026400CE,26400.0,2026-02-10,412.9,
2026-01-07 10:45:13+05:30,NIFTY2621026400CE,26400.0,2026-02-10,412.9,
2026-01-07 10:45:14+05:30,NIFTY2621026400CE,26400.0,2026-02-10,412.9,
2026-01-07 10:45:15+05:30,NIFTY2621026400CE,26400.0,2026-02-10,412.9,
2026-01-07 10:45:16+05:30,NIFTY2621026400CE,26400.0,2026-02-10,412.9,
2026-01-07 10:45:17+05:30,NIFTY2621026400CE,26400.0,2026-02-10,412.9,
2026-01-07 10:45:18+05:30,NIFTY2621026400CE,26400.0,2026-02-10,412.9,
2026-01-07 10:45:19+05:30,NIFTY2621026400CE,26400.0,2026-02-10,412.9,
2026-01-07 10:45:20+05:30,NIFTY2621026400CE,26400.0,2026-02-10,412.9,
2026-01-07 10:45:21+05:30,NIFTY2621026400CE,26400.0,2026-02-10,412.9,
2026-01-07 10:45:22+05:30,NIFTY2621026400CE,26400.0,2026-02-10,412.9,
2026-01-07 10:45:23+05:30,NIFTY2621026400CE,26400.0,2026-02-10,412.9,
2026-01-07 10:45:24+05:30,NIFTY2621026400CE,26400.0,2026-02-10,412.9,
2026-01-07 10:45:25+05:30,NIFTY2621026400CE,26400.0,2026-02-10,412.9,
2026-01-07 10:45:26+05:30,NIFTY2621026400CE,26400.0,2026-02-10,412.9,
2026-01-07 10:45:27+05:30,NIFTY2621026400CE,26400.0,2026-02-10,412.9,
2026-01-07 10:45:28+05:30,NIFTY2621026400CE,26400.0,2026-02-10,412.9,
2026-01-07 10:45:29+05:30,NIFTY2621026400CE,26400.0,2026-02-10,412.9,
2026-01-07 10:45:30+05:30,NIFTY2621026400CE,26400.0,2026-02-10,412.9,
2026-01-07 10:45:31+05:30,NIFTY2621026400CE,26400.0,2026-02-10,412.9,
2026-01-07 10:45:32+05:30,NIFTY2621026400CE,26400.0,2026-02-10,412.9,
2026-01-07 10:45:33+05:30,NIFTY2621026400CE,26400.0,2026-02-10,412.9,
2026-01-07 10:45:34+05:30,NIFTY2621026400CE,26400.0,2026-02-10,412.9,
2026-01-07 10:45:35+05:30,NIFTY2621026400CE,26400.0,2026-02-10,412.9,
2026-01-07 10:45:36+05:30,NIFTY2621026400CE,26400.0,2026-02-10,412.9,
2026-01-07 10:45:37+05:30,NIFTY2621026400CE,26400.0,2026-02-10,412.9,
2026-01-07 10:45:38+05:30,NIFTY2621026400CE,26400.0,2026-02-10,412.9,
2026-01-07 10:45:39+05:30,NIFTY2621026400CE,26400.0,2026-02-10,412.9,
2026-01-07 10:45:40+05:30,NIFTY2621026400CE,26400.0,2026-02-10,412.9,
2026-01-07 10:45:41+05:30,NIFTY2621026400CE,26400.0,2026-02-10,412.9,
2026-01-07 10:45:42+05:30,NIFTY2621026400CE,26400.0,2026-02-10,412.9,
2026-01-07 10:45:43+05:30,NIFTY2621026400CE,26400.0,2026-02-10,412.9,
2026-01-07 10:45:44+05:30,NIFTY2621026400CE,26400.0,2026-02-10,412.9,
2026-01-07 10:45:45+05:30,NIFTY2621026400CE,26400.0,2026-02-10,412.9,
2026-01-07 10:45:46+05:30,NIFTY2621026400CE,26400.0,2026-02-10,412.9,
2026-01-07 10:45:47+05:30,NIFTY2621026400CE,26400.0,2026-02-10,412.9,
2026-01-07 10:45:48+05:30,NIFTY2621026400CE,26400.0,2026-02-10,412.9,
2026-01-07 10:45:49+05:30,NIFTY2621026400CE,26400.0,2026-02-10,412.9,
2026-01-07 10:45:50+05:30,NIFTY2621026400CE,26400.0,2026-02-10,412.9,
2026-01-07 10:45:51+05:30,NIFTY2621026400CE,26400.0,2026-02-10,412.9,
2026-01-07 10:45:52+05:30,NIFTY2621026400CE,26400.0,2026-02-10,412.9,
2026-01-07 10:45:53+05:30,NIFTY2621026400CE,26400.0,2026-02-10,412.9,
2026-01-07 10:45:54+05:30,NIFTY2621026400CE,26400.0,2026-02-10,412.9,
2026-01-07 10:45:55+05:30,NIFTY2621026400CE,26400.0,2026-02-10,412.9,
2026-01-07 10:45:56+05:30,NIFTY2621026400CE,26400.0,2026-02-10,412.9,
2026-01-07 10:45:57+05:30,NIFTY2621026400CE,26400.0,2026-02-10,412.9,
2026-01-07 10:45:58+05:30,NIFTY2621026400CE,26400.0,2026-02-10,412.9,
2026-01-07 10:45:59+05:30,NIFTY2621026400CE,26400.0,2026-02-10,412.9,
2026-01-07 10:46:00+05:30,NIFTY2621026400CE,26400.0,2026-02-10,412.9,
2026-01-07 10:46:01+05:30,NIFTY2621026400CE,26400.0,2026-02-10,412.9,
2026-01-07 10:46:02+05:30,NIFTY2621026400CE,26400.0,2026-02-10,412.9,
2026-01-07 10:46:03+05:30,NIFTY2621026400CE,26400.0,2026-02-10,412.9,
2026-01-07 10:46:04+05:30,NIFTY2621026400CE,26400.0,2026-02-10,412.9,
2026-01-07 10:46:05+05:30,NIFTY2621026400CE,26400.0,2026-02-10,412.9,
2026-01-07 10:46:06+05:30,NIFTY2621026400CE,26400.0,2026-02-10,412.9,
2026-01-07 10:46:07+05:30,NIFTY2621026400CE,26400.0,2026-02-10,412.9,
2026-01-07 10:46:08+05:30,NIFTY2621026400CE,26400.0,2026-02-10,412.9,
2026-01-07 10:46:09+05:30,NIFTY2621026400CE,26400.0,2026-02-10,412.9,
2026-01-07 10:46:10+05:30,NIFTY2621026400CE,26400.0,2026-02-10,412.9,
2026-01-07 10:46:11+05:30,NIFTY2621026400CE,26400.0,2026-02-10,412.9,
2026-01-07 10:46:12+05:30,NIFTY2621026400CE,26400.0,2026-02-10,412.9,
2026-01-07 10:46:13+05:30,NIFTY2621026400CE,26400.0,2026-02-10,412.9,
2026-01-07 10:46:14+05:30,NIFTY2621026400CE,26400.0,2026-02-10,412.9,
2026-01-07 10:46:15+05:30,NIFTY2621026400CE,26400.0,2026-02-10,412.9,
2026-01-07 10:46:16+05:30,NIFTY2621026400CE,26400.0,2026-02-10,412.9,
2026-01-07 10:46:17+05:30,NIFTY2621026400CE,26400.0,2026-02-10,412.9,
2026-01-07 10:46:18+05:30,NIFTY2621026400CE,26400.0,2026-02-10,412.9,
2026-01-07 10:46:19+05:30,NIFTY2621026400CE,26400.0,2026-02-10,412.9,
2026-01-07 10:46:20+05:30,NIFTY2621026400CE,26400.0,2026-02-10,412.9,
2026-01-07 10:46:21+05:30,NIFTY2621026400CE,26400.0,2026-02-10,412.9,
2026-01-07 10:46:22+05:30,NIFTY2621026400CE,26400.0,2026-02-10,412.9,
2026-01-07 10:46:23+05:30,NIFTY2621026400CE,26400.0,2026-02-10,412.9,
2026-01-07 10:46:24+05:30,NIFTY2621026400CE,26400.0,2026-02-10,412.9,
2026-01-07 10:46:25+05:30,NIFTY2621026400CE,26400.0,2026-02-10,412.9,
2026-01-07 10:46:26+05:30,NIFTY2621026400CE,26400.0,2026-02-10,412.9,
2026-01-07 10:46:27+05:30,NIFTY2621026400CE,26400.0,2026-02-10,412.9,
2026-01-07 10:46:28+05:30,NIFTY2621026400CE,26400.0,2026-02-10,412.9,
2026-01-07 10:46:29+05:30,NIFTY2621026400CE,26400.0,2026-02-10,412.9,
2026-01-07 10:46:30+05:30,NIFTY2621026400CE,26400.0,2026-02-10,412.9,
2026-01-07 10:46:31+05:30,NIFTY2621026400CE,26400.0,2026-02-10,412.9,
2026-01-07 10:46:32+05:30,NIFTY2621026400CE,26400.0,2026-02-10,412.9,
2026-01-07 10:46:33+05:30,NIFTY2621026400CE,26400.0,2026-02-10,412.9,
2026-01-07 10:46:34+05:30,NIFTY2621026400CE,26400.0,2026-02-10,412.9,
2026-01-07 10:46:35+05:30,NIFTY2621026400CE,26400.0,2026-02-10,412.9,
2026-01-07 10:46:36+05:30,NIFTY2621026400CE,26400.0,2026-02-10,412.9,
2026-01-07 10:46:37+05:30,NIFTY2621026400CE,26400.0,2026-02-10,412.9,
2026-01-07 10:46:38+05:30,NIFTY2621026400CE,26400.0,2026-02-10,412.9,
2026-01-07 10:46:39+05:30,NIFTY2621026400CE,26400.0,2026-02-10,412.9,
2026-01-07 10:46:40+05:30,NIFTY2621026400CE,26400.0,2026-02-10,412.9,
2026-01-07 10:46:41+05:30,NIFTY2621026400CE,26400.0,2026-02-10,412.9,
2026-01-07 10:46:42+05:30,NIFTY2621026400CE,26400.0,2026-02-10,412.9,
2026-01-07 10:46:43+05:30,NIFTY2621026400CE,26400.0,2026-02-10,412.9,
2026-01-07 10:46:44+05:30,NIFTY2621026400CE,26400.0,2026-02-10,412.9,
2026-01-07 10:46:45+05:30,NIFTY2621026400CE,26400.0,2026-02-10,412.9,
2026-01-07 10:46:46+05:30,NIFTY2621026400CE,26400.0,2026-02-10,412.9,
2026-01-07 10:46:47+05:30,NIFTY2621026400CE,26400.0,2026-02-10,412.9,
2026-01-07 10:46:48+05:30,NIFTY2621026400CE,26400.0,2026-02-10,412.9,
2026-01-07 10:46:49+05:30,NIFTY2621026400CE,26400.0,2026-02-10,412.9,
2026-01-07 10:46:50+05:30,NIFTY2621026400CE,26400.0,2026-02-10,412.9,
2026-01-07 10:46:51+05:30,NIFTY2621026400CE,26400.0,2026-02-10,412.9,
2026-01-07 10:46:52+05:30,NIFTY2621026400CE,26400.0,2026-02-10,412.9,
2026-01-07 10:46:53+05:30,NIFTY2621026400CE,26400.0,2026-02-10,412.9,
2026-01-07 10:46:54+05:30,NIFTY2621026400CE,26400.0,2026-02-10,412.9,
2026-01-07 10:46:55+05:30,NIFTY2621026400CE,26400.0,2026-02-10,412.9,
2026-01-07 10:46:56+05:30,NIFTY2621026400CE,26400.0,2026-02-10,412.9,
2026-01-07 10:46:57+05:30,NIFTY2621026400CE,26400.0,2026-02-10,412.9,
2026-01-07 10:46:58+05:30,NIFTY2621026400CE,26400.0,2026-02-10,412.9,
2026-01-07 10:46:59+05:30,NIFTY2621026400CE,26400.0,2026-02-10,412.9,
2026-01-07 10:47:00+05:30,NIFTY2621026400CE,26400.0,2026-02-10,412.9,
2026-01-07 10:47:01+05:30,NIFTY2621026400CE,26400.0,2026-02-10,412.9,
2026-01-07 10:47:02+05:30,NIFTY2621026400CE,26400.0,2026-02-10,412.9,
2026-01-07 10:47:03+05:30,NIFTY2621026400CE,26400.0,2026-02-10,412.9,
2026-01-07 10:47:04+05:30,NIFTY2621026400CE,26400.0,2026-02-10,412.9,
2026-01-07 10:47:05+05:30,NIFTY2621026400CE,26400.0,2026-02-10,412.9,
2026-01-07 10:47:06+05:30,NIFTY2621026400CE,26400.0,2026-02-10,412.9,
2026-01-07 10:47:07+05:30,NIFTY2621026400CE,26400.0,2026-02-10,412.9,
2026-01-07 10:47:08+05:30,NIFTY2621026400CE,26400.0,2026-02-10,412.9,
2026-01-07 10:47:09+05:30,NIFTY2621026400CE,26400.0,2026-02-10,412.9,
2026-01-07 10:47:10+05:30,NIFTY2621026400CE,26400.0,2026-02-10,412.9,
2026-01-07 10:47:11+05:30,NIFTY2621026400CE,26400.0,2026-02-10,412.9,
2026-01-07 10:47:12+05:30,NIFTY2621026400CE,26400.0,2026-02-10,412.9,
2026-01-07 10:47:13+05:30,NIFTY2621026400CE,26400.0,2026-02-10,412.9,
2026-01-07 10:47:14+05:30,NIFTY2621026400CE,26400.0,2026-02-10,412.9,
2026-01-07 10:47:15+05:30,NIFTY2621026400CE,26400.0,2026-02-10,412.9,
2026-01-07 10:47:16+05:30,NIFTY2621026400CE,26400.0,2026-02-10,412.9,
2026-01-07 10:47:17+05:30,NIFTY2621026400CE,26400.0,2026-02-10,412.9,
2026-01-07 10:47:18+05:30,NIFTY2621026400CE,26400.0,2026-02-10,412.9,
2026-01-07 10:47:19+05:30,NIFTY2621026400CE,26400.0,2026-02-10,412.9,
2026-01-07 10:47:20+05:30,NIFTY2621026400CE,26400.0,2026-02-10,412.9,
2026-01-07 10:47:21+05:30,NIFTY2621026400CE,26400.0,2026-02-10,412.9,
2026-01-07 10:47:22+05:30,NIFTY2621026400CE,26400.0,2026-02-10,412.9,
2026-01-07 10:47:23+05:30,NIFTY2621026400CE,26400.0,2026-02-10,412.9,
2026-01-07 10:47:24+05:30,NIFTY2621026400CE,26400.0,2026-02-10,412.9,
2026-01-07 10:47:25+05:30,NIFTY2621026400CE,26400.0,2026-02-10,412.9,
2026-01-07 10:47:26+05:30,NIFTY2621026400CE,26400.0,2026-02-10,412.9,
2026-01-07 10:47:27+05:30,NIFTY2621026400CE,26400.0,2026-02-10,412.9,
2026-01-07 10:47:28+05:30,NIFTY2621026400CE,26400.0,2026-02-10,412.9,
2026-01-07 10:47:29+05:30,NIFTY2621026400CE,26400.0,2026-02-10,412.9,
2026-01-07 10:47:30+05:30,NIFTY2621026400CE,26400.0,2026-02-10,412.9,
2026-01-07 10:47:31+05:30,NIFTY2621026400CE,26400.0,2026-02-10,412.9,
2026-01-07 10:47:32+05:30,NIFTY2621026400CE,26400.0,2026-02-10,412.9,
2026-01-07 10:47:33+05:30,NIFTY2621026400CE,26400.0,2026-02-10,412.9,
2026-01-07 10:47:34+05:30,NIFTY2621026400CE,26400.0,2026-02-10,412.9,
2026-01-07 10:47:35+05:30,NIFTY2621026400CE,26400.0,2026-02-10,412.9,
2026-01-07 10:47:36+05:30,NIFTY2621026400CE,26400.0,2026-02-10,412.9,
2026-01-07 10:47:37+05:30,NIFTY2621026400CE,26400.0,2026-02-10,412.9,
2026-01-07 10:47:38+05:30,NIFTY2621026400CE,26400.0,2026-02-10,412.9,
2026-01-07 10:47:39+05:30,NIFTY2621026400CE,26400.0,2026-02-10,412.9,
2026-01-07 10:47:40+05:30,NIFTY2621026400CE,26400.0,2026-02-10,412.9,
2026-01-07 10:47:41+05:30,NIFTY2621026400CE,26400.0,2026-02-10,412.9,
2026-01-07 10:47:42+05:30,NIFTY2621026400CE,26400.0,2026-02-10,412.9,
2026-01-07 10:47:43+05:30,NIFTY2621026400CE,26400.0,2026-02-10,412.9,
2026-01-07 10:47:44+05:30,NIFTY2621026400CE,26400.0,2026-02-10,412.9,
2026-01-07 10:47:45+05:30,NIFTY2621026400CE,26400.0,2026-02-10,412.9,
2026-01-07 10:47:46+05:30,NIFTY2621026400CE,26400.0,2026-02-10,412.9,
2026-01-07 10:47:47+05:30,NIFTY2621026400CE,26400.0,2026-02-10,412.9,
2026-01-07 10:47:48+05:30,NIFTY2621026400CE,26400.0,2026-02-10,412.9,
2026-01-07 10:47:49+05:30,NIFTY2621026400CE,26400.0,2026-02-10,412.9,
2026-01-07 10:47:50+05:30,NIFTY2621026400CE,26400.0,2026-02-10,412.9,
2026-01-07 10:47:51+05:30,NIFTY2621026400CE,26400.0,2026-02-10,412.9,
2026-01-07 10:47:52+05:30,NIFTY2621026400CE,26400.0,2026-02-10,412.9,
2026-01-07 10:47:53+05:30,NIFTY2621026400CE,26400.0,2026-02-10,412.9,
2026-01-07 10:47:54+05:30,NIFTY2621026400CE,26400.0,2026-02-10,412.9,
2026-01-07 10:47:55+05:30,NIFTY2621026400CE,26400.0,2026-02-10,412.9,
2026-01-07 10:47:56+05:30,NIFTY2621026400CE,26400.0,2026-02-10,412.9,
2026-01-07 10:47:57+05:30,NIFTY2621026400CE,26400.0,2026-02-10,412.9,
2026-01-07 10:47:58+05:30,NIFTY2621026400CE,26400.0,2026-02-10,412.9,
2026-01-07 10:47:59+05:30,NIFTY2621026400CE,26400.0,2026-02-10,412.9,
2026-01-07 10:48:00+05:30,NIFTY2621026400CE,26400.0,2026-02-10,412.9,
2026-01-07 10:48:01+05:30,NIFTY2621026400CE,26400.0,2026-02-10,412.9,
2026-01-07 10:48:02+05:30,NIFTY2621026400CE,26400.0,2026-02-10,412.9,
2026-01-07 10:48:03+05:30,NIFTY2621026400CE,26400.0,2026-02-10,412.9,
2026-01-07 10:48:04+05:30,NIFTY2621026400CE,26400.0,2026-02-10,412.9,
2026-01-07 10:48:05+05:30,NIFTY2621026400CE,26400.0,2026-02-10,412.9,
2026-01-07 10:48:06+05:30,NIFTY2621026400CE,26400.0,2026-02-10,412.9,
2026-01-07 10:48:07+05:30,NIFTY2621026400CE,26400.0,2026-02-10,412.9,
2026-01-07 10:48:08+05:30,NIFTY2621026400CE,26400.0,2026-02-10,412.9,
2026-01-07 10:48:09+05:30,NIFTY2621026400CE,26400.0,2026-02-10,412.9,
2026-01-07 10:48:10+05:30,NIFTY2621026400CE,26400.0,2026-02-10,412.9,
2026-01-07 10:48:11+05:30,NIFTY2621026400CE,26400.0,2026-02-10,412.9,
2026-01-07 10:48:12+05:30,NIFTY2621026400CE,26400.0,2026-02-10,412.9,
2026-01-07 10:48:13+05:30,NIFTY2621026400CE,26400.0,2026-02-10,412.9,
2026-01-07 10:48:14+05:30,NIFTY2621026400CE,26400.0,2026-02-10,412.9,
2026-01-07 10:48:15+05:30,NIFTY2621026400CE,26400.0,2026-02-10,412.9,
2026-01-07 10:48:16+05:30,NIFTY2621026400CE,26400.0,2026-02-10,412.9,
2026-01-07 10:48:17+05:30,NIFTY2621026400CE,26400.0,2026-02-10,412.9,
2026-01-07 10:48:18+05:30,NIFTY2621026400CE,26400.0,2026-02-10,412.9,
2026-01-07 10:48:19+05:30,NIFTY2621026400CE,26400.0,2026-02-10,412.9,
2026-01-07 10:48:20+05:30,NIFTY2621026400CE,26400.0,2026-02-10,412.9,
2026-01-07 10:48:21+05:30,NIFTY2621026400CE,26400.0,2026-02-10,412.9,
2026-01-07 10:48:22+05:30,NIFTY2621026400CE,26400.0,2026-02-10,412.9,
2026-01-07 10:48:23+05:30,NIFTY2621026400CE,26400.0,2026-02-10,412.9,
2026-01-07 10:48:24+05:30,NIFTY2621026400CE,26400.0,2026-02-10,412.9,
2026-01-07 10:48:25+05:30,NIFTY2621026400CE,26400.0,2026-02-10,412.9,
2026-01-07 10:48:26+05:30,NIFTY2621026400CE,26400.0,2026-02-10,412.9,
2026-01-07 10:48:27+05:30,NIFTY2621026400CE,26400.0,2026-02-10,412.9,
2026-01-07 10:48:28+05:30,NIFTY2621026400CE,26400.0,2026-02-10,412.9,
2026-01-07 10:48:29+05:30,NIFTY2621026400CE,26400.0,2026-02-10,412.9,
2026-01-07 10:48:30+05:30,NIFTY2621026400CE,26400.0,2026-02-10,412.9,
2026-01-07 10:48:31+05:30,NIFTY2621026400CE,26400.0,2026-02-10,412.9,
2026-01-07 10:48:32+05:30,NIFTY2621026400CE,26400.0,2026-02-10,412.9,
2026-01-07 10:48:33+05:30,NIFTY2621026400CE,26400.0,2026-02-10,412.9,
2026-01-07 10:48:34+05:30,NIFTY2621026400CE,26400.0,2026-02-10,412.9,
2026-01-07 10:48:35+05:30,NIFTY2621026400CE,26400.0,2026-02-10,412.9,
2026-01-07 10:48:36+05:30,NIFTY2621026400CE,26400.0,2026-02-10,412.9,
2026-01-07 10:48:37+05:30,NIFTY2621026400CE,26400.0,2026-02-10,412.9,
2026-01-07 10:48:38+05:30,NIFTY2621026400CE,26400.0,2026-02-10,412.9,
2026-01-07 10:48:39+05:30,NIFTY2621026400CE,26400.0,2026-02-10,412.9,
2026-01-07 10:48:40+05:30,NIFTY2621026400CE,26400.0,2026-02-10,412.9,
2026-01-07 10:48:41+05:30,NIFTY2621026400CE,26400.0,2026-02-10,412.9,
2026-01-07 10:48:42+05:30,NIFTY2621026400CE,26400.0,2026-02-10,412.9,
2026-01-07 10:48:43+05:30,NIFTY2621026400CE,26400.0,2026-02-10,412.9,
2026-01-07 10:48:44+05:30,NIFTY2621026400CE,26400.0,2026-02-10,412.9,
2026-01-07 10:48:45+05:30,NIFTY2621026400CE,26400.0,2026-02-10,412.9,
2026-01-07 10:48:46+05:30,NIFTY2621026400CE,26400.0,2026-02-10,412.9,
2026-01-07 10:48:47+05:30,NIFTY2621026400CE,26400.0,2026-02-10,412.9,
2026-01-07 10:48:48+05:30,NIFTY2621026400CE,26400.0,2026-02-10,412.9,
2026-01-07 10:48:49+05:30,NIFTY2621026400CE,26400.0,2026-02-10,412.9,
2026-01-07 10:48:50+05:30,NIFTY2621026400CE,26400.0,2026-02-10,412.9,
2026-01-07 10:48:51+05:30,NIFTY2621026400CE,26400.0,2026-02-10,412.9,
2026-01-07 10:48:52+05:30,NIFTY2621026400CE,26400.0,2026-02-10,412.9,
2026-01-07 10:48:53+05:30,NIFTY2621026400CE,26400.0,2026-02-10,412.9,
2026-01-07 10:48:54+05:30,NIFTY2621026400CE,26400.0,2026-02-10,412.9,
2026-01-07 10:48:55+05:30,NIFTY2621026400CE,26400.0,2026-02-10,412.9,
2026-01-07 10:48:56+05:30,NIFTY2621026400CE,26400.0,2026-02-10,412.9,
2026-01-07 10:48:57+05:30,NIFTY2621026400CE,26400.0,2026-02-10,412.9,
2026-01-07 10:48:58+05:30,NIFTY2621026400CE,26400.0,2026-02-10,412.9,
2026-01-07 10:48:59+05:30,NIFTY2621026400CE,26400.0,2026-02-10,412.9,
2026-01-07 10:49:00+05:30,NIFTY2621026400CE,26400.0,2026-02-10,412.9,
2026-01-07 10:49:01+05:30,NIFTY2621026400CE,26400.0,2026-02-10,412.9,
2026-01-07 10:49:02+05:30,NIFTY2621026400CE,26400.0,2026-02-10,412.9,
2026-01-07 10:49:03+05:30,NIFTY2621026400CE,26400.0,2026-02-10,412.9,
2026-01-07 10:49:04+05:30,NIFTY2621026400CE,26400.0,2026-02-10,412.9,
2026-01-07 10:49:05+05:30,NIFTY2621026400CE,26400.0,2026-02-10,412.9,
2026-01-07 10:49:06+05:30,NIFTY2621026400CE,26400.0,2026-02-10,412.9,
2026-01-07 10:49:07+05:30,NIFTY2621026400CE,26400.0,2026-02-10,412.9,
2026-01-07 10:49:08+05:30,NIFTY2621026400CE,26400.0,2026-02-10,412.9,
2026-01-07 10:49:09+05:30,NIFTY2621026400CE,26400.0,2026-02-10,412.9,
2026-01-07 10:49:10+05:30,NIFTY2621026400CE,26400.0,2026-02-10,412.9,
2026-01-07 10:49:11+05:30,NIFTY2621026400CE,26400.0,2026-02-10,412.9,
2026-01-07 10:49:12+05:30,NIFTY2621026400CE,26400.0,2026-02-10,412.9,
2026-01-07 10:49:13+05:30,NIFTY2621026400CE,26400.0,2026-02-10,412.9,
2026-01-07 10:49:14+05:30,NIFTY2621026400CE,26400.0,2026-02-10,412.9,
2026-01-07 10:49:15+05:30,NIFTY2621026400CE,26400.0,2026-02-10,412.9,
2026-01-07 10:49:16+05:30,NIFTY2621026400CE,26400.0,2026-02-10,412.9,
2026-01-07 10:49:17+05:30,NIFTY2621026400CE,26400.0,2026-02-10,412.9,
2026-01-07 10:49:18+05:30,NIFTY2621026400CE,26400.0,2026-02-10,412.9,
2026-01-07 10:49:19+05:30,NIFTY2621026400CE,26400.0,2026-02-10,412.9,
2026-01-07 10:49:20+05:30,NIFTY2621026400CE,26400.0,2026-02-10,412.9,
2026-01-07 10:49:21+05:30,NIFTY2621026400CE,26400.0,2026-02-10,412.9,
2026-01-07 10:49:22+05:30,NIFTY2621026400CE,26400.0,2026-02-10,412.9,
2026-01-07 10:49:23+05:30,NIFTY2621026400CE,26400.0,2026-02-10,412.9,
2026-01-07 10:49:24+05:30,NIFTY2621026400CE,26400.0,2026-02-10,412.9,
2026-01-07 10:49:25+05:30,NIFTY2621026400CE,26400.0,2026-02-10,412.9,
2026-01-07 10:49:26+05:30,NIFTY2621026400CE,26400.0,2026-02-10,412.9,
2026-01-07 10:49:27+05:30,NIFTY2621026400CE,26400.0,2026-02-10,412.9,
2026-01-07 10:49:28+05:30,NIFTY2621026400CE,26400.0,2026-02-10,412.9,
2026-01-07 10:49:29+05:30,NIFTY2621026400CE,26400.0,2026-02-10,412.9,
2026-01-07 10:49:30+05:30,NIFTY2621026400CE,26400.0,2026-02-10,412.9,
2026-01-07 10:49:31+05:30,NIFTY2621026400CE,26400.0,2026-02-10,412.9,
2026-01-07 10:49:32+05:30,NIFTY2621026400CE,26400.0,2026-02-10,412.9,
2026-01-07 10:49:33+05:30,NIFTY2621026400CE,26400.0,2026-02-10,412.9,
2026-01-07 10:49:34+05:30,NIFTY2621026400CE,26400.0,2026-02-10,412.9,
2026-01-07 10:49:35+05:30,NIFTY2621026400CE,26400.0,2026-02-10,412.9,
2026-01-07 10:49:36+05:30,NIFTY2621026400CE,26400.0,2026-02-10,412.9,
2026-01-07 10:49:37+05:30,NIFTY2621026400CE,26400.0,2026-02-10,412.9,
2026-01-07 10:49:38+05:30,NIFTY2621026400CE,26400.0,2026-02-10,412.9,
2026-01-07 10:49:39+05:30,NIFTY2621026400CE,26400.0,2026-02-10,412.9,
2026-01-07 10:49:40+05:30,NIFTY2621026400CE,26400.0,2026-02-10,412.9,
2026-01-07 10:49:41+05:30,NIFTY2621026400CE,26400.0,2026-02-10,412.9,
2026-01-07 10:49:42+05:30,NIFTY2621026400CE,26400.0,2026-02-10,412.9,
2026-01-07 10:49:43+05:30,NIFTY2621026400CE,26400.0,2026-02-10,412.9,
2026-01-07 10:49:44+05:30,NIFTY2621026400CE,26400.0,2026-02-10,412.9,
2026-01-07 10:49:45+05:30,NIFTY2621026400CE,26400.0,2026-02-10,412.9,
2026-01-07 10:49:46+05:30,NIFTY2621026400CE,26400.0,2026-02-10,412.9,
2026-01-07 10:49:47+05:30,NIFTY2621026400CE,26400.0,2026-02-10,412.9,
2026-01-07 10:49:48+05:30,NIFTY2621026400CE,26400.0,2026-02-10,412.9,
2026-01-07 10:49:49+05:30,NIFTY2621026400CE,26400.0,2026-02-10,412.9,
2026-01-07 10:49:50+05:30,NIFTY2621026400CE,26400.0,2026-02-10,412.9,
2026-01-07 10:49:51+05:30,NIFTY2621026400CE,26400.0,2026-02-10,412.9,
2026-01-07 10:49:52+05:30,NIFTY2621026400CE,26400.0,2026-02-10,412.9,
2026-01-07 10:49:53+05:30,NIFTY2621026400CE,26400.0,2026-02-10,412.9,
2026-01-07 10:49:54+05:30,NIFTY2621026400CE,26400.0,2026-02-10,412.9,
2026-01-07 10:49:55+05:30,NIFTY2621026400CE,26400.0,2026-02-10,412.9,
2026-01-07 10:49:56+05:30,NIFTY2621026400CE,26400.0,2026-02-10,412.9,
2026-01-07 10:49:57+05:30,NIFTY2621026400CE,26400.0,2026-02-10,412.9,
2026-01-07 10:49:58+05:30,NIFTY2621026400CE,26400.0,2026-02-10,412.9,
2026-01-07 10:49:59+05:30,NIFTY2621026400CE,26400.0,2026-02-10,412.9,
2026-01-07 10:50:00+05:30,NIFTY2621026400CE,26400.0,2026-02-10,412.9,
2026-01-07 10:50:01+05:30,NIFTY2621026400CE,26400.0,2026-02-10,412.9,
2026-01-07 10:50:02+05:30,NIFTY2621026400CE,26400.0,2026-02-10,412.9,
2026-01-07 10:50:03+05:30,NIFTY2621026400CE,26400.0,2026-02-10,412.9,
2026-01-07 10:50:04+05:30,NIFTY2621026400CE,26400.0,2026-02-10,412.9,
2026-01-07 10:50:05+05:30,NIFTY2621026400CE,26400.0,2026-02-10,412.9,
2026-01-07 10:50:06+05:30,NIFTY2621026400CE,26400.0,2026-02-10,412.9,
2026-01-07 10:50:07+05:30,NIFTY2621026400CE,26400.0,2026-02-10,412.9,
2026-01-07 10:50:08+05:30,NIFTY2621026400CE,26400.0,2026-02-10,412.9,
2026-01-07 10:50:09+05:30,NIFTY2621026400CE,26400.0,2026-02-10,412.9,
2026-01-07 10:50:10+05:30,NIFTY2621026400CE,26400.0,2026-02-10,412.9,
2026-01-07 10:50:11+05:30,NIFTY2621026400CE,26400.0,2026-02-10,412.9,
2026-01-07 10:50:12+05:30,NIFTY2621026400CE,26400.0,2026-02-10,412.9,
2026-01-07 10:50:13+05:30,NIFTY2621026400CE,26400.0,2026-02-10,412.9,
2026-01-07 10:50:14+05:30,NIFTY2621026400CE,26400.0,2026-02-10,412.9,
2026-01-07 10:50:15+05:30,NIFTY2621026400CE,26400.0,2026-02-10,412.9,
2026-01-07 10:50:16+05:30,NIFTY2621026400CE,26400.0,2026-02-10,412.9,
2026-01-07 10:50:17+05:30,NIFTY2621026400CE,26400.0,2026-02-10,412.9,
2026-01-07 10:50:18+05:30,NIFTY2621026400CE,26400.0,2026-02-10,412.9,
2026-01-07 10:50:19+05:30,NIFTY2621026400CE,26400.0,2026-02-10,412.9,
2026-01-07 10:50:20+05:30,NIFTY2621026400CE,26400.0,2026-02-10,412.9,
2026-01-07 10:50:21+05:30,NIFTY2621026400CE,26400.0,2026-02-10,412.9,
2026-01-07 10:50:22+05:30,NIFTY2621026400CE,26400.0,2026-02-10,412.9,
2026-01-07 10:50:23+05:30,NIFTY2621026400CE,26400.0,2026-02-10,412.9,
2026-01-07 10:50:24+05:30,NIFTY2621026400CE,26400.0,2026-02-10,412.9,
2026-01-07 10:50:25+05:30,NIFTY2621026400CE,26400.0,2026-02-10,412.9,
2026-01-07 10:50:26+05:30,NIFTY2621026400CE,26400.0,2026-02-10,412.9,
2026-01-07 10:50:27+05:30,NIFTY2621026400CE,26400.0,2026-02-10,412.9,
2026-01-07 10:50:28+05:30,NIFTY2621026400CE,26400.0,2026-02-10,412.9,
2026-01-07 10:50:29+05:30,NIFTY2621026400CE,26400.0,2026-02-10,412.9,
2026-01-07 10:50:30+05:30,NIFTY2621026400CE,26400.0,2026-02-10,412.9,
2026-01-07 10:50:31+05:30,NIFTY2621026400CE,26400.0,2026-02-10,412.9,
2026-01-07 10:50:32+05:30,NIFTY2621026400CE,26400.0,2026-02-10,412.9,
2026-01-07 10:50:33+05:30,NIFTY2621026400CE,26400.0,2026-02-10,412.9,
2026-01-07 10:50:34+05:30,NIFTY2621026400CE,26400.0,2026-02-10,412.9,
2026-01-07 10:50:35+05:30,NIFTY2621026400CE,26400.0,2026-02-10,412.9,
2026-01-07 10:50:36+05:30,NIFTY2621026400CE,26400.0,2026-02-10,412.9,
2026-01-07 10:50:37+05:30,NIFTY2621026400CE,26400.0,2026-02-10,412.9,
2026-01-07 10:50:38+05:30,NIFTY2621026400CE,26400.0,2026-02-10,412.9,
2026-01-07 10:50:39+05:30,NIFTY2621026400CE,26400.0,2026-02-10,412.9,
2026-01-07 10:50:40+05:30,NIFTY2621026400CE,26400.0,2026-02-10,412.9,
2026-01-07 10:50:41+05:30,NIFTY2621026400CE,26400.0,2026-02-10,412.9,
2026-01-07 10:50:42+05:30,NIFTY2621026400CE,26400.0,2026-02-10,412.9,
2026-01-07 10:50:43+05:30,NIFTY2621026400CE,26400.0,2026-02-10,412.9,
2026-01-07 10:50:44+05:30,NIFTY2621026400CE,26400.0,2026-02-10,412.9,
2026-01-07 10:50:45+05:30,NIFTY2621026400CE,26400.0,2026-02-10,412.9,
2026-01-07 10:50:46+05:30,NIFTY2621026400CE,26400.0,2026-02-10,412.9,
2026-01-07 10:50:47+05:30,NIFTY2621026400CE,26400.0,2026-02-10,412.9,
2026-01-07 10:50:48+05:30,NIFTY2621026400CE,26400.0,2026-02-10,412.9,
2026-01-07 10:50:49+05:30,NIFTY2621026400CE,26400.0,2026-02-10,412.9,
2026-01-07 10:50:50+05:30,NIFTY2621026400CE,26400.0,2026-02-10,412.9,
2026-01-07 10:50:51+05:30,NIFTY2621026400CE,26400.0,2026-02-10,412.9,
2026-01-07 10:50:52+05:30,NIFTY2621026400CE,26400.0,2026-02-10,412.9,
2026-01-07 10:50:53+05:30,NIFTY2621026400CE,26400.0,2026-02-10,412.9,
2026-01-07 10:50:54+05:30,NIFTY2621026400CE,26400.0,2026-02-10,412.9,
2026-01-07 10:50:55+05:30,NIFTY2621026400CE,26400.0,2026-02-10,412.9,
2026-01-07 10:50:56+05:30,NIFTY2621026400CE,26400.0,2026-02-10,412.9,
2026-01-07 10:50:57+05:30,NIFTY2621026400CE,26400.0,2026-02-10,412.9,
2026-01-07 10:50:58+05:30,NIFTY2621026400CE,26400.0,2026-02-10,412.9,
2026-01-07 10:50:59+05:30,NIFTY2621026400CE,26400.0,2026-02-10,412.9,
2026-01-07 10:51:00+05:30,NIFTY2621026400CE,26400.0,2026-02-10,412.9,
2026-01-07 10:51:01+05:30,NIFTY2621026400CE,26400.0,2026-02-10,412.9,
2026-01-07 10:51:02+05:30,NIFTY2621026400CE,26400.0,2026-02-10,412.9,
2026-01-07 10:51:03+05:30,NIFTY2621026400CE,26400.0,2026-02-10,412.9,
2026-01-07 10:51:04+05:30,NIFTY2621026400CE,26400.0,2026-02-10,412.9,
2026-01-07 10:51:05+05:30,NIFTY2621026400CE,26400.0,2026-02-10,412.9,
2026-01-07 10:51:06+05:30,NIFTY2621026400CE,26400.0,2026-02-10,412.9,
2026-01-07 10:51:07+05:30,NIFTY2621026400CE,26400.0,2026-02-10,412.9,
2026-01-07 10:51:08+05:30,NIFTY2621026400CE,26400.0,2026-02-10,412.9,
2026-01-07 10:51:09+05:30,NIFTY2621026400CE,26400.0,2026-02-10,412.9,
2026-01-07 10:51:10+05:30,NIFTY2621026400CE,26400.0,2026-02-10,412.9,
2026-01-07 10:51:11+05:30,NIFTY2621026400CE,26400.0,2026-02-10,412.9,
2026-01-07 10:51:12+05:30,NIFTY2621026400CE,26400.0,2026-02-10,412.9,
2026-01-07 10:51:13+05:30,NIFTY2621026400CE,26400.0,2026-02-10,412.9,
2026-01-07 10:51:14+05:30,NIFTY2621026400CE,26400.0,2026-02-10,412.9,
2026-01-07 10:51:15+05:30,NIFTY2621026400CE,26400.0,2026-02-10,412.9,
2026-01-07 10:51:16+05:30,NIFTY2621026400CE,26400.0,2026-02-10,412.9,
2026-01-07 10:51:17+05:30,NIFTY2621026400CE,26400.0,2026-02-10,412.9,
2026-01-07 10:51:18+05:30,NIFTY2621026400CE,26400.0,2026-02-10,412.9,
2026-01-07 10:51:19+05:30,NIFTY2621026400CE,26400.0,2026-02-10,412.9,
2026-01-07 10:51:20+05:30,NIFTY2621026400CE,26400.0,2026-02-10,412.9,
2026-01-07 10:51:21+05:30,NIFTY2621026400CE,26400.0,2026-02-10,412.9,
2026-01-07 10:51:22+05:30,NIFTY2621026400CE,26400.0,2026-02-10,412.9,
2026-01-07 10:51:23+05:30,NIFTY2621026400CE,26400.0,2026-02-10,412.9,
2026-01-07 10:51:24+05:30,NIFTY2621026400CE,26400.0,2026-02-10,412.9,
2026-01-07 10:51:25+05:30,NIFTY2621026400CE,26400.0,2026-02-10,412.9,
2026-01-07 10:51:26+05:30,NIFTY2621026400CE,26400.0,2026-02-10,412.9,
2026-01-07 10:51:27+05:30,NIFTY2621026400CE,26400.0,2026-02-10,412.9,
2026-01-07 10:51:28+05:30,NIFTY2621026400CE,26400.0,2026-02-10,412.9,
2026-01-07 10:51:29+05:30,NIFTY2621026400CE,26400.0,2026-02-10,412.9,
2026-01-07 10:51:30+05:30,NIFTY2621026400CE,26400.0,2026-02-10,412.9,
2026-01-07 10:51:31+05:30,NIFTY2621026400CE,26400.0,2026-02-10,412.9,
2026-01-07 10:51:32+05:30,NIFTY2621026400CE,26400.0,2026-02-10,412.9,
2026-01-07 10:51:33+05:30,NIFTY2621026400CE,26400.0,2026-02-10,412.9,
2026-01-07 10:51:34+05:30,NIFTY2621026400CE,26400.0,2026-02-10,412.9,
2026-01-07 10:51:35+05:30,NIFTY2621026400CE,26400.0,2026-02-10,412.9,
2026-01-07 10:51:36+05:30,NIFTY2621026400CE,26400.0,2026-02-10,412.9,
2026-01-07 10:51:37+05:30,NIFTY2621026400CE,26400.0,2026-02-10,412.9,
2026-01-07 10:51:38+05:30,NIFTY2621026400CE,26400.0,2026-02-10,412.9,
2026-01-07 10:51:39+05:30,NIFTY2621026400CE,26400.0,2026-02-10,412.9,
2026-01-07 10:51:40+05:30,NIFTY2621026400CE,26400.0,2026-02-10,412.9,
2026-01-07 10:51:41+05:30,NIFTY2621026400CE,26400.0,2026-02-10,412.9,
2026-01-07 10:51:42+05:30,NIFTY2621026400CE,26400.0,2026-02-10,412.9,
2026-01-07 10:51:43+05:30,NIFTY2621026400CE,26400.0,2026-02-10,412.9,
2026-01-07 10:51:44+05:30,NIFTY2621026400CE,26400.0,2026-02-10,412.9,
2026-01-07 10:51:45+05:30,NIFTY2621026400CE,26400.0,2026-02-10,412.9,
2026-01-07 10:51:46+05:30,NIFTY2621026400CE,26400.0,2026-02-10,412.9,
2026-01-07 10:51:47+05:30,NIFTY2621026400CE,26400.0,2026-02-10,412.9,
2026-01-07 10:51:48+05:30,NIFTY2621026400CE,26400.0,2026-02-10,412.9,
2026-01-07 10:51:49+05:30,NIFTY2621026400CE,26400.0,2026-02-10,412.9,
2026-01-07 10:51:50+05:30,NIFTY2621026400CE,26400.0,2026-02-10,412.9,
2026-01-07 10:51:51+05:30,NIFTY2621026400CE,26400.0,2026-02-10,412.9,
2026-01-07 10:51:52+05:30,NIFTY2621026400CE,26400.0,2026-02-10,412.9,
2026-01-07 10:51:53+05:30,NIFTY2621026400CE,26400.0,2026-02-10,412.9,
2026-01-07 10:51:54+05:30,NIFTY2621026400CE,26400.0,2026-02-10,412.9,
2026-01-07 10:51:55+05:30,NIFTY2621026400CE,26400.0,2026-02-10,412.9,
2026-01-07 10:51:56+05:30,NIFTY2621026400CE,26400.0,2026-02-10,412.9,
2026-01-07 10:51:57+05:30,NIFTY2621026400CE,26400.0,2026-02-10,412.9,
2026-01-07 10:51:58+05:30,NIFTY2621026400CE,26400.0,2026-02-10,412.9,
2026-01-07 10:51:59+05:30,NIFTY2621026400CE,26400.0,2026-02-10,412.9,
2026-01-07 10:52:00+05:30,NIFTY2621026400CE,26400.0,2026-02-10,412.9,
2026-01-07 10:52:01+05:30,NIFTY2621026400CE,26400.0,2026-02-10,412.9,
2026-01-07 10:52:02+05:30,NIFTY2621026400CE,26400.0,2026-02-10,412.9,
2026-01-07 10:52:03+05:30,NIFTY2621026400CE,26400.0,2026-02-10,412.9,
2026-01-07 10:52:04+05:30,NIFTY2621026400CE,26400.0,2026-02-10,412.9,
2026-01-07 10:52:05+05:30,NIFTY2621026400CE,26400.0,2026-02-10,412.9,
2026-01-07 10:52:06+05:30,NIFTY2621026400CE,26400.0,2026-02-10,412.9,
2026-01-07 10:52:07+05:30,NIFTY2621026400CE,26400.0,2026-02-10,412.9,
2026-01-07 10:52:08+05:30,NIFTY2621026400CE,26400.0,2026-02-10,412.9,
2026-01-07 10:52:09+05:30,NIFTY2621026400CE,26400.0,2026-02-10,412.9,
2026-01-07 10:52:10+05:30,NIFTY2621026400CE,26400.0,2026-02-10,412.9,
2026-01-07 10:52:11+05:30,NIFTY2621026400CE,26400.0,2026-02-10,412.9,
2026-01-07 10:52:12+05:30,NIFTY2621026400CE,26400.0,2026-02-10,412.9,
2026-01-07 10:52:13+05:30,NIFTY2621026400CE,26400.0,2026-02-10,412.9,
2026-01-07 10:52:14+05:30,NIFTY2621026400CE,26400.0,2026-02-10,412.9,
2026-01-07 10:52:15+05:30,NIFTY2621026400CE,26400.0,2026-02-10,412.9,
2026-01-07 10:52:16+05:30,NIFTY2621026400CE,26400.0,2026-02-10,412.9,
2026-01-07 10:52:17+05:30,NIFTY2621026400CE,26400.0,2026-02-10,412.9,
2026-01-07 10:52:18+05:30,NIFTY2621026400CE,26400.0,2026-02-10,412.9,
2026-01-07 10:52:19+05:30,NIFTY2621026400CE,26400.0,2026-02-10,412.9,
2026-01-07 10:52:20+05:30,NIFTY2621026400CE,26400.0,2026-02-10,412.9,
2026-01-07 10:52:21+05:30,NIFTY2621026400CE,26400.0,2026-02-10,412.9,
2026-01-07 10:52:22+05:30,NIFTY2621026400CE,26400.0,2026-02-10,412.9,
2026-01-07 10:52:23+05:30,NIFTY2621026400CE,26400.0,2026-02-10,412.9,
2026-01-07 10:52:24+05:30,NIFTY2621026400CE,26400.0,2026-02-10,412.9,
2026-01-07 10:52:25+05:30,NIFTY2621026400CE,26400.0,2026-02-10,412.9,
2026-01-07 10:52:26+05:30,NIFTY2621026400CE,26400.0,2026-02-10,412.9,
2026-01-07 10:52:27+05:30,NIFTY2621026400CE,26400.0,2026-02-10,412.9,
2026-01-07 10:52:28+05:30,NIFTY2621026400CE,26400.0,2026-02-10,412.9,
2026-01-07 10:52:29+05:30,NIFTY2621026400CE,26400.0,2026-02-10,412.9,
2026-01-07 10:52:30+05:30,NIFTY2621026400CE,26400.0,2026-02-10,412.9,
2026-01-07 10:52:31+05:30,NIFTY2621026400CE,26400.0,2026-02-10,412.9,
2026-01-07 10:52:32+05:30,NIFTY2621026400CE,26400.0,2026-02-10,412.9,
2026-01-07 10:52:33+05:30,NIFTY2621026400CE,26400.0,2026-02-10,412.9,
2026-01-07 10:52:34+05:30,NIFTY2621026400CE,26400.0,2026-02-10,412.9,
2026-01-07 10:52:35+05:30,NIFTY2621026400CE,26400.0,2026-02-10,412.9,
2026-01-07 10:52:36+05:30,NIFTY2621026400CE,26400.0,2026-02-10,412.9,
2026-01-07 10:52:37+05:30,NIFTY2621026400CE,26400.0,2026-02-10,412.9,
2026-01-07 10:52:38+05:30,NIFTY2621026400CE,26400.0,2026-02-10,412.9,
2026-01-07 10:52:39+05:30,NIFTY2621026400CE,26400.0,2026-02-10,412.9,
2026-01-07 10:52:40+05:30,NIFTY2621026400CE,26400.0,2026-02-10,412.9,
2026-01-07 10:52:41+05:30,NIFTY2621026400CE,26400.0,2026-02-10,412.9,
2026-01-07 10:52:42+05:30,NIFTY2621026400CE,26400.0,2026-02-10,412.9,
2026-01-07 10:52:43+05:30,NIFTY2621026400CE,26400.0,2026-02-10,412.9,
2026-01-07 10:52:44+05:30,NIFTY2621026400CE,26400.0,2026-02-10,412.9,
2026-01-07 10:52:45+05:30,NIFTY2621026400CE,26400.0,2026-02-10,412.9,
2026-01-07 10:52:46+05:30,NIFTY2621026400CE,26400.0,2026-02-10,412.9,
2026-01-07 10:52:47+05:30,NIFTY2621026400CE,26400.0,2026-02-10,412.9,
2026-01-07 10:52:48+05:30,NIFTY2621026400CE,26400.0,2026-02-10,412.9,
2026-01-07 10:52:49+05:30,NIFTY2621026400CE,26400.0,2026-02-10,412.9,
2026-01-07 10:52:50+05:30,NIFTY2621026400CE,26400.0,2026-02-10,412.9,
2026-01-07 10:52:51+05:30,NIFTY2621026400CE,26400.0,2026-02-10,412.9,
2026-01-07 10:52:52+05:30,NIFTY2621026400CE,26400.0,2026-02-10,412.9,
2026-01-07 10:52:53+05:30,NIFTY2621026400CE,26400.0,2026-02-10,412.9,
2026-01-07 10:52:54+05:30,NIFTY2621026400CE,26400.0,2026-02-10,412.9,
2026-01-07 10:52:55+05:30,NIFTY2621026400CE,26400.0,2026-02-10,412.9,
2026-01-07 10:52:56+05:30,NIFTY2621026400CE,26400.0,2026-02-10,412.9,
2026-01-07 10:52:57+05:30,NIFTY2621026400CE,26400.0,2026-02-10,412.9,
2026-01-07 10:52:58+05:30,NIFTY2621026400CE,26400.0,2026-02-10,412.9,
2026-01-07 10:52:59+05:30,NIFTY2621026400CE,26400.0,2026-02-10,412.9,
2026-01-07 10:53:00+05:30,NIFTY2621026400CE,26400.0,2026-02-10,412.9,
2026-01-07 10:53:01+05:30,NIFTY2621026400CE,26400.0,2026-02-10,412.9,
2026-01-07 10:53:02+05:30,NIFTY2621026400CE,26400.0,2026-02-10,412.9,
2026-01-07 10:53:03+05:30,NIFTY2621026400CE,26400.0,2026-02-10,412.9,
2026-01-07 10:53:04+05:30,NIFTY2621026400CE,26400.0,2026-02-10,412.9,
2026-01-07 10:53:05+05:30,NIFTY2621026400CE,26400.0,2026-02-10,412.9,
2026-01-07 10:53:06+05:30,NIFTY2621026400CE,26400.0,2026-02-10,412.9,
2026-01-07 10:53:07+05:30,NIFTY2621026400CE,26400.0,2026-02-10,412.9,
2026-01-07 10:53:08+05:30,NIFTY2621026400CE,26400.0,2026-02-10,412.9,
2026-01-07 10:53:09+05:30,NIFTY2621026400CE,26400.0,2026-02-10,412.9,
2026-01-07 10:53:10+05:30,NIFTY2621026400CE,26400.0,2026-02-10,412.9,
2026-01-07 10:53:11+05:30,NIFTY2621026400CE,26400.0,2026-02-10,412.9,
2026-01-07 10:53:12+05:30,NIFTY2621026400CE,26400.0,2026-02-10,412.9,
2026-01-07 10:53:13+05:30,NIFTY2621026400CE,26400.0,2026-02-10,412.9,
2026-01-07 10:53:14+05:30,NIFTY2621026400CE,26400.0,2026-02-10,412.9,
2026-01-07 10:53:15+05:30,NIFTY2621026400CE,26400.0,2026-02-10,412.9,
2026-01-07 10:53:16+05:30,NIFTY2621026400CE,26400.0,2026-02-10,412.9,
2026-01-07 10:53:17+05:30,NIFTY2621026400CE,26400.0,2026-02-10,412.9,
2026-01-07 10:53:18+05:30,NIFTY2621026400CE,26400.0,2026-02-10,412.9,
2026-01-07 10:53:19+05:30,NIFTY2621026400CE,26400.0,2026-02-10,412.9,
2026-01-07 10:53:20+05:30,NIFTY2621026400CE,26400.0,2026-02-10,412.9,
2026-01-07 10:53:21+05:30,NIFTY2621026400CE,26400.0,2026-02-10,412.9,
2026-01-07 10:53:22+05:30,NIFTY2621026400CE,26400.0,2026-02-10,412.9,
2026-01-07 10:53:23+05:30,NIFTY2621026400CE,26400.0,2026-02-10,412.9,
2026-01-07 10:53:24+05:30,NIFTY2621026400CE,26400.0,2026-02-10,412.9,
2026-01-07 10:53:25+05:30,NIFTY2621026400CE,26400.0,2026-02-10,412.9,
2026-01-07 10:53:26+05:30,NIFTY2621026400CE,26400.0,2026-02-10,412.9,
2026-01-07 10:53:27+05:30,NIFTY2621026400CE,26400.0,2026-02-10,412.9,
2026-01-07 10:53:28+05:30,NIFTY2621026400CE,26400.0,2026-02-10,412.9,
2026-01-07 10:53:29+05:30,NIFTY2621026400CE,26400.0,2026-02-10,412.9,
2026-01-07 10:53:30+05:30,NIFTY2621026400CE,26400.0,2026-02-10,412.9,
2026-01-07 10:53:31+05:30,NIFTY2621026400CE,26400.0,2026-02-10,412.9,
2026-01-07 10:53:32+05:30,NIFTY2621026400CE,26400.0,2026-02-10,412.9,
2026-01-07 10:53:33+05:30,NIFTY2621026400CE,26400.0,2026-02-10,412.9,
2026-01-07 10:53:34+05:30,NIFTY2621026400CE,26400.0,2026-02-10,412.9,
2026-01-07 10:53:35+05:30,NIFTY2621026400CE,26400.0,2026-02-10,412.9,
2026-01-07 10:53:36+05:30,NIFTY2621026400CE,26400.0,2026-02-10,412.9,
2026-01-07 10:53:37+05:30,NIFTY2621026400CE,26400.0,2026-02-10,412.9,
2026-01-07 10:53:38+05:30,NIFTY2621026400CE,26400.0,2026-02-10,412.9,
2026-01-07 10:53:39+05:30,NIFTY2621026400CE,26400.0,2026-02-10,412.9,
2026-01-07 10:53:40+05:30,NIFTY2621026400CE,26400.0,2026-02-10,412.9,
2026-01-07 10:53:41+05:30,NIFTY2621026400CE,26400.0,2026-02-10,412.9,
2026-01-07 10:53:42+05:30,NIFTY2621026400CE,26400.0,2026-02-10,412.9,
2026-01-07 10:53:43+05:30,NIFTY2621026400CE,26400.0,2026-02-10,412.9,
2026-01-07 10:53:44+05:30,NIFTY2621026400CE,26400.0,2026-02-10,412.9,
2026-01-07 10:53:45+05:30,NIFTY2621026400CE,26400.0,2026-02-10,412.9,
2026-01-07 10:53:46+05:30,NIFTY2621026400CE,26400.0,2026-02-10,412.9,
2026-01-07 10:53:47+05:30,NIFTY2621026400CE,26400.0,2026-02-10,412.9,
2026-01-07 10:53:48+05:30,NIFTY2621026400CE,26400.0,2026-02-10,412.9,
2026-01-07 10:53:49+05:30,NIFTY2621026400CE,26400.0,2026-02-10,412.9,
2026-01-07 10:53:50+05:30,NIFTY2621026400CE,26400.0,2026-02-10,412.9,
2026-01-07 10:53:51+05:30,NIFTY2621026400CE,26400.0,2026-02-10,412.9,
2026-01-07 10:53:52+05:30,NIFTY2621026400CE,26400.0,2026-02-10,412.9,
2026-01-07 10:53:53+05:30,NIFTY2621026400CE,26400.0,2026-02-10,412.9,
2026-01-07 10:53:54+05:30,NIFTY2621026400CE,26400.0,2026-02-10,412.9,
2026-01-07 10:53:55+05:30,NIFTY2621026400CE,26400.0,2026-02-10,412.9,
2026-01-07 10:53:56+05:30,NIFTY2621026400CE,26400.0,2026-02-10,412.9,
2026-01-07 10:53:57+05:30,NIFTY2621026400CE,26400.0,2026-02-10,412.9,
2026-01-07 10:53:58+05:30,NIFTY2621026400CE,26400.0,2026-02-10,412.9,
2026-01-07 10:53:59+05:30,NIFTY2621026400CE,26400.0,2026-02-10,412.9,
2026-01-07 10:54:00+05:30,NIFTY2621026400CE,26400.0,2026-02-10,412.9,
2026-01-07 10:54:01+05:30,NIFTY2621026400CE,26400.0,2026-02-10,412.9,
2026-01-07 10:54:02+05:30,NIFTY2621026400CE,26400.0,2026-02-10,412.9,
2026-01-07 10:54:03+05:30,NIFTY2621026400CE,26400.0,2026-02-10,412.9,
2026-01-07 10:54:04+05:30,NIFTY2621026400CE,26400.0,2026-02-10,412.9,
2026-01-07 10:54:05+05:30,NIFTY2621026400CE,26400.0,2026-02-10,412.9,
2026-01-07 10:54:06+05:30,NIFTY2621026400CE,26400.0,2026-02-10,412.9,
2026-01-07 10:54:07+05:30,NIFTY2621026400CE,26400.0,2026-02-10,412.9,
2026-01-07 10:54:08+05:30,NIFTY2621026400CE,26400.0,2026-02-10,412.9,
2026-01-07 10:54:09+05:30,NIFTY2621026400CE,26400.0,2026-02-10,412.9,
2026-01-07 10:54:10+05:30,NIFTY2621026400CE,26400.0,2026-02-10,412.9,
2026-01-07 10:54:11+05:30,NIFTY2621026400CE,26400.0,2026-02-10,412.9,
2026-01-07 10:54:12+05:30,NIFTY2621026400CE,26400.0,2026-02-10,412.9,
2026-01-07 10:54:13+05:30,NIFTY2621026400CE,26400.0,2026-02-10,412.9,
2026-01-07 10:54:14+05:30,NIFTY2621026400CE,26400.0,2026-02-10,412.9,
2026-01-07 10:54:15+05:30,NIFTY2621026400CE,26400.0,2026-02-10,412.9,
2026-01-07 10:54:16+05:30,NIFTY2621026400CE,26400.0,2026-02-10,412.9,
2026-01-07 10:54:17+05:30,NIFTY2621026400CE,26400.0,2026-02-10,412.9,
2026-01-07 10:54:18+05:30,NIFTY2621026400CE,26400.0,2026-02-10,412.9,
2026-01-07 10:54:19+05:30,NIFTY2621026400CE,26400.0,2026-02-10,412.9,
2026-01-07 10:54:20+05:30,NIFTY2621026400CE,26400.0,2026-02-10,412.9,
2026-01-07 10:54:21+05:30,NIFTY2621026400CE,26400.0,2026-02-10,412.9,
2026-01-07 10:54:22+05:30,NIFTY2621026400CE,26400.0,2026-02-10,412.9,
2026-01-07 10:54:23+05:30,NIFTY2621026400CE,26400.0,2026-02-10,412.9,
2026-01-07 10:54:24+05:30,NIFTY2621026400CE,26400.0,2026-02-10,412.9,
2026-01-07 10:54:25+05:30,NIFTY2621026400CE,26400.0,2026-02-10,412.9,
2026-01-07 10:54:26+05:30,NIFTY2621026400CE,26400.0,2026-02-10,412.9,
2026-01-07 10:54:27+05:30,NIFTY2621026400CE,26400.0,2026-02-10,412.9,
2026-01-07 10:54:28+05:30,NIFTY2621026400CE,26400.0,2026-02-10,412.9,
2026-01-07 10:54:29+05:30,NIFTY2621026400CE,26400.0,2026-02-10,412.9,
2026-01-07 10:54:30+05:30,NIFTY2621026400CE,26400.0,2026-02-10,412.9,
2026-01-07 10:54:31+05:30,NIFTY2621026400CE,26400.0,2026-02-10,412.9,
2026-01-07 10:54:32+05:30,NIFTY2621026400CE,26400.0,2026-02-10,412.9,
2026-01-07 10:54:33+05:30,NIFTY2621026400CE,26400.0,2026-02-10,412.9,
2026-01-07 10:54:34+05:30,NIFTY2621026400CE,26400.0,2026-02-10,412.9,
2026-01-07 10:54:35+05:30,NIFTY2621026400CE,26400.0,2026-02-10,412.9,
2026-01-07 10:54:36+05:30,NIFTY2621026400CE,26400.0,2026-02-10,412.9,
2026-01-07 10:54:37+05:30,NIFTY2621026400CE,26400.0,2026-02-10,412.9,
2026-01-07 10:54:38+05:30,NIFTY2621026400CE,26400.0,2026-02-10,412.9,
2026-01-07 10:54:39+05:30,NIFTY2621026400CE,26400.0,2026-02-10,412.9,
2026-01-07 10:54:40+05:30,NIFTY2621026400CE,26400.0,2026-02-10,412.9,
2026-01-07 10:54:41+05:30,NIFTY2621026400CE,26400.0,2026-02-10,412.9,
2026-01-07 10:54:42+05:30,NIFTY2621026400CE,26400.0,2026-02-10,412.9,
2026-01-07 10:54:43+05:30,NIFTY2621026400CE,26400.0,2026-02-10,412.9,
2026-01-07 10:54:44+05:30,NIFTY2621026400CE,26400.0,2026-02-10,412.9,
2026-01-07 10:54:45+05:30,NIFTY2621026400CE,26400.0,2026-02-10,412.9,
2026-01-07 10:54:46+05:30,NIFTY2621026400CE,26400.0,2026-02-10,412.9,
2026-01-07 10:54:47+05:30,NIFTY2621026400CE,26400.0,2026-02-10,412.9,
2026-01-07 10:54:48+05:30,NIFTY2621026400CE,26400.0,2026-02-10,412.9,
2026-01-07 10:54:49+05:30,NIFTY2621026400CE,26400.0,2026-02-10,412.9,
2026-01-07 10:54:50+05:30,NIFTY2621026400CE,26400.0,2026-02-10,412.9,
2026-01-07 10:54:51+05:30,NIFTY2621026400CE,26400.0,2026-02-10,412.9,
2026-01-07 10:54:52+05:30,NIFTY2621026400CE,26400.0,2026-02-10,412.9,
2026-01-07 10:54:53+05:30,NIFTY2621026400CE,26400.0,2026-02-10,412.9,
2026-01-07 10:54:54+05:30,NIFTY2621026400CE,26400.0,2026-02-10,412.9,
2026-01-07 10:54:55+05:30,NIFTY2621026400CE,26400.0,2026-02-10,412.9,
2026-01-07 10:54:56+05:30,NIFTY2621026400CE,26400.0,2026-02-10,412.9,
2026-01-07 10:54:57+05:30,NIFTY2621026400CE,26400.0,2026-02-10,412.9,
2026-01-07 10:54:58+05:30,NIFTY2621026400CE,26400.0,2026-02-10,412.9,
2026-01-07 10:54:59+05:30,NIFTY2621026400CE,26400.0,2026-02-10,412.9,
2026-01-07 10:55:00+05:30,NIFTY2621026400CE,26400.0,2026-02-10,412.9,
2026-01-07 10:55:01+05:30,NIFTY2621026400CE,26400.0,2026-02-10,412.9,
2026-01-07 10:55:02+05:30,NIFTY2621026400CE,26400.0,2026-02-10,412.9,
2026-01-07 10:55:03+05:30,NIFTY2621026400CE,26400.0,2026-02-10,412.9,
2026-01-07 10:55:04+05:30,NIFTY2621026400CE,26400.0,2026-02-10,412.9,
2026-01-07 10:55:05+05:30,NIFTY2621026400CE,26400.0,2026-02-10,412.9,
2026-01-07 10:55:06+05:30,NIFTY2621026400CE,26400.0,2026-02-10,412.9,
2026-01-07 10:55:07+05:30,NIFTY2621026400CE,26400.0,2026-02-10,412.9,
2026-01-07 10:55:08+05:30,NIFTY2621026400CE,26400.0,2026-02-10,412.9,
2026-01-07 10:55:09+05:30,NIFTY2621026400CE,26400.0,2026-02-10,412.9,
2026-01-07 10:55:10+05:30,NIFTY2621026400CE,26400.0,2026-02-10,412.9,
2026-01-07 10:55:11+05:30,NIFTY2621026400CE,26400.0,2026-02-10,412.9,
2026-01-07 10:55:12+05:30,NIFTY2621026400CE,26400.0,2026-02-10,412.9,
2026-01-07 10:55:13+05:30,NIFTY2621026400CE,26400.0,2026-02-10,412.9,
2026-01-07 10:55:14+05:30,NIFTY2621026400CE,26400.0,2026-02-10,412.9,
2026-01-07 10:55:15+05:30,NIFTY2621026400CE,26400.0,2026-02-10,412.9,
2026-01-07 10:55:16+05:30,NIFTY2621026400CE,26400.0,2026-02-10,412.9,
2026-01-07 10:55:17+05:30,NIFTY2621026400CE,26400.0,2026-02-10,412.9,
2026-01-07 10:55:18+05:30,NIFTY2621026400CE,26400.0,2026-02-10,412.9,
2026-01-07 10:55:19+05:30,NIFTY2621026400CE,26400.0,2026-02-10,412.9,
2026-01-07 10:55:20+05:30,NIFTY2621026400CE,26400.0,2026-02-10,412.9,
2026-01-07 10:55:21+05:30,NIFTY2621026400CE,26400.0,2026-02-10,412.9,
2026-01-07 10:55:22+05:30,NIFTY2621026400CE,26400.0,2026-02-10,412.9,
2026-01-07 10:55:23+05:30,NIFTY2621026400CE,26400.0,2026-02-10,412.9,
2026-01-07 10:55:24+05:30,NIFTY2621026400CE,26400.0,2026-02-10,412.9,
2026-01-07 10:55:25+05:30,NIFTY2621026400CE,26400.0,2026-02-10,412.9,
2026-01-07 10:55:26+05:30,NIFTY2621026400CE,26400.0,2026-02-10,412.9,
2026-01-07 10:55:27+05:30,NIFTY2621026400CE,26400.0,2026-02-10,412.9,
2026-01-07 10:55:28+05:30,NIFTY2621026400CE,26400.0,2026-02-10,412.9,
2026-01-07 10:55:29+05:30,NIFTY2621026400CE,26400.0,2026-02-10,412.9,
2026-01-07 10:55:30+05:30,NIFTY2621026400CE,26400.0,2026-02-10,412.9,
2026-01-07 10:55:31+05:30,NIFTY2621026400CE,26400.0,2026-02-10,412.9,
2026-01-07 10:55:32+05:30,NIFTY2621026400CE,26400.0,2026-02-10,412.9,
2026-01-07 10:55:33+05:30,NIFTY2621026400CE,26400.0,2026-02-10,412.9,
2026-01-07 10:55:34+05:30,NIFTY2621026400CE,26400.0,2026-02-10,412.9,
2026-01-07 10:55:35+05:30,NIFTY2621026400CE,26400.0,2026-02-10,412.9,
2026-01-07 10:55:36+05:30,NIFTY2621026400CE,26400.0,2026-02-10,412.9,
2026-01-07 10:55:37+05:30,NIFTY2621026400CE,26400.0,2026-02-10,412.9,
2026-01-07 10:55:38+05:30,NIFTY2621026400CE,26400.0,2026-02-10,412.9,
2026-01-07 10:55:39+05:30,NIFTY2621026400CE,26400.0,2026-02-10,412.9,
2026-01-07 10:55:40+05:30,NIFTY2621026400CE,26400.0,2026-02-10,412.9,
2026-01-07 10:55:41+05:30,NIFTY2621026400CE,26400.0,2026-02-10,412.9,
2026-01-07 10:55:42+05:30,NIFTY2621026400CE,26400.0,2026-02-10,412.9,
2026-01-07 10:55:43+05:30,NIFTY2621026400CE,26400.0,2026-02-10,412.9,
2026-01-07 10:55:44+05:30,NIFTY2621026400CE,26400.0,2026-02-10,412.9,
2026-01-07 10:55:45+05:30,NIFTY2621026400CE,26400.0,2026-02-10,412.9,
2026-01-07 10:55:46+05:30,NIFTY2621026400CE,26400.0,2026-02-10,412.9,
2026-01-07 10:55:47+05:30,NIFTY2621026400CE,26400.0,2026-02-10,412.9,
2026-01-07 10:55:48+05:30,NIFTY2621026400CE,26400.0,2026-02-10,412.9,
2026-01-07 10:55:49+05:30,NIFTY2621026400CE,26400.0,2026-02-10,412.9,
2026-01-07 10:55:50+05:30,NIFTY2621026400CE,26400.0,2026-02-10,412.9,
2026-01-07 10:55:51+05:30,NIFTY2621026400CE,26400.0,2026-02-10,412.9,
2026-01-07 10:55:52+05:30,NIFTY2621026400CE,26400.0,2026-02-10,412.9,
2026-01-07 10:55:53+05:30,NIFTY2621026400CE,26400.0,2026-02-10,412.9,
2026-01-07 10:55:54+05:30,NIFTY2621026400CE,26400.0,2026-02-10,412.9,
2026-01-07 10:55:55+05:30,NIFTY2621026400CE,26400.0,2026-02-10,412.9,
2026-01-07 10:55:56+05:30,NIFTY2621026400CE,26400.0,2026-02-10,412.9,
2026-01-07 10:55:57+05:30,NIFTY2621026400CE,26400.0,2026-02-10,412.9,
2026-01-07 10:55:58+05:30,NIFTY2621026400CE,26400.0,2026-02-10,412.9,
2026-01-07 10:55:59+05:30,NIFTY2621026400CE,26400.0,2026-02-10,412.9,
2026-01-07 10:56:00+05:30,NIFTY2621026400CE,26400.0,2026-02-10,412.9,
2026-01-07 10:56:01+05:30,NIFTY2621026400CE,26400.0,2026-02-10,412.9,
2026-01-07 10:56:02+05:30,NIFTY2621026400CE,26400.0,2026-02-10,412.9,
2026-01-07 10:56:03+05:30,NIFTY2621026400CE,26400.0,2026-02-10,412.9,
2026-01-07 10:56:04+05:30,NIFTY2621026400CE,26400.0,2026-02-10,412.9,
2026-01-07 10:56:05+05:30,NIFTY2621026400CE,26400.0,2026-02-10,412.9,
2026-01-07 10:56:06+05:30,NIFTY2621026400CE,26400.0,2026-02-10,412.9,
2026-01-07 10:56:07+05:30,NIFTY2621026400CE,26400.0,2026-02-10,412.9,
2026-01-07 10:56:08+05:30,NIFTY2621026400CE,26400.0,2026-02-10,412.9,
2026-01-07 10:56:09+05:30,NIFTY2621026400CE,26400.0,2026-02-10,412.9,
2026-01-07 10:56:10+05:30,NIFTY2621026400CE,26400.0,2026-02-10,412.9,
2026-01-07 10:56:11+05:30,NIFTY2621026400CE,26400.0,2026-02-10,412.9,
2026-01-07 10:56:12+05:30,NIFTY2621026400CE,26400.0,2026-02-10,412.9,
2026-01-07 10:56:13+05:30,NIFTY2621026400CE,26400.0,2026-02-10,412.9,
2026-01-07 10:56:14+05:30,NIFTY2621026400CE,26400.0,2026-02-10,412.9,
2026-01-07 10:56:15+05:30,NIFTY2621026400CE,26400.0,2026-02-10,412.9,
2026-01-07 10:56:16+05:30,NIFTY2621026400CE,26400.0,2026-02-10,412.9,
2026-01-07 10:56:17+05:30,NIFTY2621026400CE,26400.0,2026-02-10,412.9,
2026-01-07 10:56:18+05:30,NIFTY2621026400CE,26400.0,2026-02-10,412.9,
2026-01-07 10:56:19+05:30,NIFTY2621026400CE,26400.0,2026-02-10,412.9,
2026-01-07 10:56:20+05:30,NIFTY2621026400CE,26400.0,2026-02-10,412.9,
2026-01-07 10:56:21+05:30,NIFTY2621026400CE,26400.0,2026-02-10,412.9,
2026-01-07 10:56:22+05:30,NIFTY2621026400CE,26400.0,2026-02-10,412.9,
2026-01-07 10:56:23+05:30,NIFTY2621026400CE,26400.0,2026-02-10,412.9,
2026-01-07 10:56:24+05:30,NIFTY2621026400CE,26400.0,2026-02-10,412.9,
2026-01-07 10:56:25+05:30,NIFTY2621026400CE,26400.0,2026-02-10,412.9,
2026-01-07 10:56:26+05:30,NIFTY2621026400CE,26400.0,2026-02-10,412.9,
2026-01-07 10:56:27+05:30,NIFTY2621026400CE,26400.0,2026-02-10,412.9,
2026-01-07 10:56:28+05:30,NIFTY2621026400CE,26400.0,2026-02-10,412.9,
2026-01-07 10:56:29+05:30,NIFTY2621026400CE,26400.0,2026-02-10,412.9,
2026-01-07 10:56:30+05:30,NIFTY2621026400CE,26400.0,2026-02-10,412.9,
2026-01-07 10:56:31+05:30,NIFTY2621026400CE,26400.0,2026-02-10,412.9,
2026-01-07 10:56:32+05:30,NIFTY2621026400CE,26400.0,2026-02-10,412.9,
2026-01-07 10:56:33+05:30,NIFTY2621026400CE,26400.0,2026-02-10,412.9,
2026-01-07 10:56:34+05:30,NIFTY2621026400CE,26400.0,2026-02-10,412.9,
2026-01-07 10:56:35+05:30,NIFTY2621026400CE,26400.0,2026-02-10,412.9,
2026-01-07 10:56:36+05:30,NIFTY2621026400CE,26400.0,2026-02-10,412.9,
2026-01-07 10:56:37+05:30,NIFTY2621026400CE,26400.0,2026-02-10,412.9,
2026-01-07 10:56:38+05:30,NIFTY2621026400CE,26400.0,2026-02-10,412.9,
2026-01-07 10:56:39+05:30,NIFTY2621026400CE,26400.0,2026-02-10,412.9,
2026-01-07 10:56:40+05:30,NIFTY2621026400CE,26400.0,2026-02-10,412.9,
2026-01-07 10:56:41+05:30,NIFTY2621026400CE,26400.0,2026-02-10,412.9,
2026-01-07 10:56:42+05:30,NIFTY2621026400CE,26400.0,2026-02-10,412.9,
2026-01-07 10:56:43+05:30,NIFTY2621026400CE,26400.0,2026-02-10,412.9,
2026-01-07 10:56:44+05:30,NIFTY2621026400CE,26400.0,2026-02-10,412.9,
2026-01-07 10:56:45+05:30,NIFTY2621026400CE,26400.0,2026-02-10,412.9,
2026-01-07 10:56:46+05:30,NIFTY2621026400CE,26400.0,2026-02-10,412.9,
2026-01-07 10:56:47+05:30,NIFTY2621026400CE,26400.0,2026-02-10,412.9,
2026-01-07 10:56:48+05:30,NIFTY2621026400CE,26400.0,2026-02-10,412.9,
2026-01-07 10:56:49+05:30,NIFTY2621026400CE,26400.0,2026-02-10,412.9,
2026-01-07 10:56:50+05:30,NIFTY2621026400CE,26400.0,2026-02-10,412.9,
2026-01-07 10:56:51+05:30,NIFTY2621026400CE,26400.0,2026-02-10,412.9,
2026-01-07 10:56:52+05:30,NIFTY2621026400CE,26400.0,2026-02-10,412.9,
2026-01-07 10:56:53+05:30,NIFTY2621026400CE,26400.0,2026-02-10,412.9,
2026-01-07 10:56:54+05:30,NIFTY2621026400CE,26400.0,2026-02-10,412.9,
2026-01-07 10:56:55+05:30,NIFTY2621026400CE,26400.0,2026-02-10,412.9,
2026-01-07 10:56:56+05:30,NIFTY2621026400CE,26400.0,2026-02-10,412.9,
2026-01-07 10:56:57+05:30,NIFTY2621026400CE,26400.0,2026-02-10,412.9,
2026-01-07 10:56:58+05:30,NIFTY2621026400CE,26400.0,2026-02-10,412.9,
2026-01-07 10:56:59+05:30,NIFTY2621026400CE,26400.0,2026-02-10,412.9,
2026-01-07 10:57:00+05:30,NIFTY2621026400CE,26400.0,2026-02-10,412.9,
2026-01-07 10:57:01+05:30,NIFTY2621026400CE,26400.0,2026-02-10,412.9,
2026-01-07 10:57:02+05:30,NIFTY2621026400CE,26400.0,2026-02-10,412.9,
2026-01-07 10:57:03+05:30,NIFTY2621026400CE,26400.0,2026-02-10,412.9,
2026-01-07 10:57:04+05:30,NIFTY2621026400CE,26400.0,2026-02-10,412.9,
2026-01-07 10:57:05+05:30,NIFTY2621026400CE,26400.0,2026-02-10,412.9,
2026-01-07 10:57:06+05:30,NIFTY2621026400CE,26400.0,2026-02-10,412.9,
2026-01-07 10:57:07+05:30,NIFTY2621026400CE,26400.0,2026-02-10,412.9,
2026-01-07 10:57:08+05:30,NIFTY2621026400CE,26400.0,2026-02-10,412.9,
2026-01-07 10:57:09+05:30,NIFTY2621026400CE,26400.0,2026-02-10,412.9,
2026-01-07 10:57:10+05:30,NIFTY2621026400CE,26400.0,2026-02-10,412.9,
2026-01-07 10:57:11+05:30,NIFTY2621026400CE,26400.0,2026-02-10,412.9,
2026-01-07 10:57:12+05:30,NIFTY2621026400CE,26400.0,2026-02-10,412.9,
2026-01-07 10:57:13+05:30,NIFTY2621026400CE,26400.0,2026-02-10,412.9,
2026-01-07 10:57:14+05:30,NIFTY2621026400CE,26400.0,2026-02-10,412.9,
2026-01-07 10:57:15+05:30,NIFTY2621026400CE,26400.0,2026-02-10,412.9,
2026-01-07 10:57:16+05:30,NIFTY2621026400CE,26400.0,2026-02-10,412.9,
2026-01-07 10:57:17+05:30,NIFTY2621026400CE,26400.0,2026-02-10,412.9,
2026-01-07 10:57:18+05:30,NIFTY2621026400CE,26400.0,2026-02-10,412.9,
2026-01-07 10:57:19+05:30,NIFTY2621026400CE,26400.0,2026-02-10,412.9,
2026-01-07 10:57:20+05:30,NIFTY2621026400CE,26400.0,2026-02-10,412.9,
2026-01-07 10:57:21+05:30,NIFTY2621026400CE,26400.0,2026-02-10,412.9,
2026-01-07 10:57:22+05:30,NIFTY2621026400CE,26400.0,2026-02-10,412.9,
2026-01-07 10:57:23+05:30,NIFTY2621026400CE,26400.0,2026-02-10,412.9,
2026-01-07 10:57:24+05:30,NIFTY2621026400CE,26400.0,2026-02-10,412.9,
2026-01-07 10:57:25+05:30,NIFTY2621026400CE,26400.0,2026-02-10,412.9,
2026-01-07 10:57:26+05:30,NIFTY2621026400CE,26400.0,2026-02-10,412.9,
2026-01-07 10:57:27+05:30,NIFTY2621026400CE,26400.0,2026-02-10,412.9,
2026-01-07 10:57:28+05:30,NIFTY2621026400CE,26400.0,2026-02-10,412.9,
2026-01-07 10:57:29+05:30,NIFTY2621026400CE,26400.0,2026-02-10,412.9,
2026-01-07 10:57:30+05:30,NIFTY2621026400CE,26400.0,2026-02-10,412.9,
2026-01-07 10:57:31+05:30,NIFTY2621026400CE,26400.0,2026-02-10,412.9,
2026-01-07 10:57:32+05:30,NIFTY2621026400CE,26400.0,2026-02-10,412.9,
2026-01-07 10:57:33+05:30,NIFTY2621026400CE,26400.0,2026-02-10,412.9,
2026-01-07 10:57:34+05:30,NIFTY2621026400CE,26400.0,2026-02-10,412.9,
2026-01-07 10:57:35+05:30,NIFTY2621026400CE,26400.0,2026-02-10,412.9,
2026-01-07 10:57:36+05:30,NIFTY2621026400CE,26400.0,2026-02-10,412.9,
2026-01-07 10:57:37+05:30,NIFTY2621026400CE,26400.0,2026-02-10,412.9,
2026-01-07 10:57:38+05:30,NIFTY2621026400CE,26400.0,2026-02-10,412.9,
2026-01-07 10:57:39+05:30,NIFTY2621026400CE,26400.0,2026-02-10,412.9,
2026-01-07 10:57:40+05:30,NIFTY2621026400CE,26400.0,2026-02-10,412.9,
2026-01-07 10:57:41+05:30,NIFTY2621026400CE,26400.0,2026-02-10,412.9,
2026-01-07 10:57:42+05:30,NIFTY2621026400CE,26400.0,2026-02-10,412.9,
2026-01-07 10:57:43+05:30,NIFTY2621026400CE,26400.0,2026-02-10,412.9,
2026-01-07 10:57:44+05:30,NIFTY2621026400CE,26400.0,2026-02-10,412.9,
2026-01-07 10:57:45+05:30,NIFTY2621026400CE,26400.0,2026-02-10,412.9,
2026-01-07 10:57:46+05:30,NIFTY2621026400CE,26400.0,2026-02-10,412.9,
2026-01-07 10:57:47+05:30,NIFTY2621026400CE,26400.0,2026-02-10,412.9,
2026-01-07 10:57:48+05:30,NIFTY2621026400CE,26400.0,2026-02-10,412.9,
2026-01-07 10:57:49+05:30,NIFTY2621026400CE,26400.0,2026-02-10,412.9,
2026-01-07 10:57:50+05:30,NIFTY2621026400CE,26400.0,2026-02-10,412.9,
2026-01-07 10:57:51+05:30,NIFTY2621026400CE,26400.0,2026-02-10,412.9,
2026-01-07 10:57:52+05:30,NIFTY2621026400CE,26400.0,2026-02-10,412.9,
2026-01-07 10:57:53+05:30,NIFTY2621026400CE,26400.0,2026-02-10,412.9,
2026-01-07 10:57:54+05:30,NIFTY2621026400CE,26400.0,2026-02-10,412.9,
2026-01-07 10:57:55+05:30,NIFTY2621026400CE,26400.0,2026-02-10,412.9,
2026-01-07 10:57:56+05:30,NIFTY2621026400CE,26400.0,2026-02-10,412.9,
2026-01-07 10:57:57+05:30,NIFTY2621026400CE,26400.0,2026-02-10,412.9,
2026-01-07 10:57:58+05:30,NIFTY2621026400CE,26400.0,2026-02-10,412.9,
2026-01-07 10:57:59+05:30,NIFTY2621026400CE,26400.0,2026-02-10,412.9,
2026-01-07 10:58:00+05:30,NIFTY2621026400CE,26400.0,2026-02-10,412.9,
2026-01-07 10:58:01+05:30,NIFTY2621026400CE,26400.0,2026-02-10,412.9,
2026-01-07 10:58:02+05:30,NIFTY2621026400CE,26400.0,2026-02-10,412.9,
2026-01-07 10:58:03+05:30,NIFTY2621026400CE,26400.0,2026-02-10,412.9,
2026-01-07 10:58:04+05:30,NIFTY2621026400CE,26400.0,2026-02-10,412.9,
2026-01-07 10:58:05+05:30,NIFTY2621026400CE,26400.0,2026-02-10,412.9,
2026-01-07 10:58:06+05:30,NIFTY2621026400CE,26400.0,2026-02-10,412.9,
2026-01-07 10:58:07+05:30,NIFTY2621026400CE,26400.0,2026-02-10,412.9,
2026-01-07 10:58:08+05:30,NIFTY2621026400CE,26400.0,2026-02-10,412.9,
2026-01-07 10:58:09+05:30,NIFTY2621026400CE,26400.0,2026-02-10,412.9,
2026-01-07 10:58:10+05:30,NIFTY2621026400CE,26400.0,2026-02-10,412.9,
2026-01-07 10:58:11+05:30,NIFTY2621026400CE,26400.0,2026-02-10,412.9,
2026-01-07 10:58:12+05:30,NIFTY2621026400CE,26400.0,2026-02-10,412.9,
2026-01-07 10:58:13+05:30,NIFTY2621026400CE,26400.0,2026-02-10,412.9,
2026-01-07 10:58:14+05:30,NIFTY2621026400CE,26400.0,2026-02-10,412.9,
2026-01-07 10:58:15+05:30,NIFTY2621026400CE,26400.0,2026-02-10,412.9,
2026-01-07 10:58:16+05:30,NIFTY2621026400CE,26400.0,2026-02-10,412.9,
2026-01-07 10:58:17+05:30,NIFTY2621026400CE,26400.0,2026-02-10,412.9,
2026-01-07 10:58:18+05:30,NIFTY2621026400CE,26400.0,2026-02-10,412.9,
2026-01-07 10:58:19+05:30,NIFTY2621026400CE,26400.0,2026-02-10,412.9,
2026-01-07 10:58:20+05:30,NIFTY2621026400CE,26400.0,2026-02-10,412.9,
2026-01-07 10:58:21+05:30,NIFTY2621026400CE,26400.0,2026-02-10,412.9,
2026-01-07 10:58:22+05:30,NIFTY2621026400CE,26400.0,2026-02-10,412.9,
2026-01-07 10:58:23+05:30,NIFTY2621026400CE,26400.0,2026-02-10,412.9,
2026-01-07 10:58:24+05:30,NIFTY2621026400CE,26400.0,2026-02-10,412.9,
2026-01-07 10:58:25+05:30,NIFTY2621026400CE,26400.0,2026-02-10,412.9,
2026-01-07 10:58:26+05:30,NIFTY2621026400CE,26400.0,2026-02-10,412.9,
2026-01-07 10:58:27+05:30,NIFTY2621026400CE,26400.0,2026-02-10,412.9,
2026-01-07 10:58:28+05:30,NIFTY2621026400CE,26400.0,2026-02-10,412.9,
2026-01-07 10:58:29+05:30,NIFTY2621026400CE,26400.0,2026-02-10,412.9,
2026-01-07 10:58:30+05:30,NIFTY2621026400CE,26400.0,2026-02-10,412.9,
2026-01-07 10:58:31+05:30,NIFTY2621026400CE,26400.0,2026-02-10,412.9,
2026-01-07 10:58:32+05:30,NIFTY2621026400CE,26400.0,2026-02-10,412.9,
2026-01-07 10:58:33+05:30,NIFTY2621026400CE,26400.0,2026-02-10,412.9,
2026-01-07 10:58:34+05:30,NIFTY2621026400CE,26400.0,2026-02-10,412.9,
2026-01-07 10:58:35+05:30,NIFTY2621026400CE,26400.0,2026-02-10,412.9,
2026-01-07 10:58:36+05:30,NIFTY2621026400CE,26400.0,2026-02-10,412.9,
2026-01-07 10:58:37+05:30,NIFTY2621026400CE,26400.0,2026-02-10,412.9,
2026-01-07 10:58:38+05:30,NIFTY2621026400CE,26400.0,2026-02-10,412.9,
2026-01-07 10:58:39+05:30,NIFTY2621026400CE,26400.0,2026-02-10,412.9,
2026-01-07 10:58:40+05:30,NIFTY2621026400CE,26400.0,2026-02-10,412.9,
2026-01-07 10:58:41+05:30,NIFTY2621026400CE,26400.0,2026-02-10,412.9,
2026-01-07 10:58:42+05:30,NIFTY2621026400CE,26400.0,2026-02-10,412.9,
2026-01-07 10:58:43+05:30,NIFTY2621026400CE,26400.0,2026-02-10,412.9,
2026-01-07 10:58:44+05:30,NIFTY2621026400CE,26400.0,2026-02-10,412.9,
2026-01-07 10:58:45+05:30,NIFTY2621026400CE,26400.0,2026-02-10,412.9,
2026-01-07 10:58:46+05:30,NIFTY2621026400CE,26400.0,2026-02-10,412.9,
2026-01-07 10:58:47+05:30,NIFTY2621026400CE,26400.0,2026-02-10,412.9,
2026-01-07 10:58:48+05:30,NIFTY2621026400CE,26400.0,2026-02-10,412.9,
2026-01-07 10:58:49+05:30,NIFTY2621026400CE,26400.0,2026-02-10,412.9,
2026-01-07 10:58:50+05:30,NIFTY2621026400CE,26400.0,2026-02-10,412.9,
2026-01-07 10:58:51+05:30,NIFTY2621026400CE,26400.0,2026-02-10,412.9,
2026-01-07 10:58:52+05:30,NIFTY2621026400CE,26400.0,2026-02-10,412.9,
2026-01-07 10:58:53+05:30,NIFTY2621026400CE,26400.0,2026-02-10,412.9,
2026-01-07 10:58:54+05:30,NIFTY2621026400CE,26400.0,2026-02-10,412.9,
2026-01-07 10:58:55+05:30,NIFTY2621026400CE,26400.0,2026-02-10,412.9,
2026-01-07 10:58:56+05:30,NIFTY2621026400CE,26400.0,2026-02-10,412.9,
2026-01-07 10:58:57+05:30,NIFTY2621026400CE,26400.0,2026-02-10,412.9,
2026-01-07 10:58:58+05:30,NIFTY2621026400CE,26400.0,2026-02-10,412.9,
2026-01-07 10:58:59+05:30,NIFTY2621026400CE,26400.0,2026-02-10,412.9,
2026-01-07 10:59:00+05:30,NIFTY2621026400CE,26400.0,2026-02-10,412.9,
2026-01-07 10:59:01+05:30,NIFTY2621026400CE,26400.0,2026-02-10,412.9,
2026-01-07 10:59:02+05:30,NIFTY2621026400CE,26400.0,2026-02-10,412.9,
2026-01-07 10:59:03+05:30,NIFTY2621026400CE,26400.0,2026-02-10,412.9,
2026-01-07 10:59:04+05:30,NIFTY2621026400CE,26400.0,2026-02-10,412.9,
2026-01-07 10:59:05+05:30,NIFTY2621026400CE,26400.0,2026-02-10,412.9,
2026-01-07 10:59:06+05:30,NIFTY2621026400CE,26400.0,2026-02-10,412.9,
2026-01-07 10:59:07+05:30,NIFTY2621026400CE,26400.0,2026-02-10,412.9,
2026-01-07 10:59:08+05:30,NIFTY2621026400CE,26400.0,2026-02-10,412.9,
2026-01-07 10:59:09+05:30,NIFTY2621026400CE,26400.0,2026-02-10,412.9,
2026-01-07 10:59:10+05:30,NIFTY2621026400CE,26400.0,2026-02-10,412.9,
2026-01-07 10:59:11+05:30,NIFTY2621026400CE,26400.0,2026-02-10,412.9,
2026-01-07 10:59:12+05:30,NIFTY2621026400CE,26400.0,2026-02-10,412.9,
2026-01-07 10:59:13+05:30,NIFTY2621026400CE,26400.0,2026-02-10,412.9,
2026-01-07 10:59:14+05:30,NIFTY2621026400CE,26400.0,2026-02-10,412.9,
2026-01-07 10:59:15+05:30,NIFTY2621026400CE,26400.0,2026-02-10,412.9,
2026-01-07 10:59:16+05:30,NIFTY2621026400CE,26400.0,2026-02-10,412.9,
2026-01-07 10:59:17+05:30,NIFTY2621026400CE,26400.0,2026-02-10,412.9,
2026-01-07 10:59:18+05:30,NIFTY2621026400CE,26400.0,2026-02-10,412.9,
2026-01-07 10:59:19+05:30,NIFTY2621026400CE,26400.0,2026-02-10,412.9,
2026-01-07 10:59:20+05:30,NIFTY2621026400CE,26400.0,2026-02-10,412.9,
2026-01-07 10:59:21+05:30,NIFTY2621026400CE,26400.0,2026-02-10,412.9,
2026-01-07 10:59:22+05:30,NIFTY2621026400CE,26400.0,2026-02-10,412.9,
2026-01-07 10:59:23+05:30,NIFTY2621026400CE,26400.0,2026-02-10,412.9,
2026-01-07 10:59:24+05:30,NIFTY2621026400CE,26400.0,2026-02-10,412.9,
2026-01-07 10:59:25+05:30,NIFTY2621026400CE,26400.0,2026-02-10,412.9,
2026-01-07 10:59:26+05:30,NIFTY2621026400CE,26400.0,2026-02-10,412.9,
2026-01-07 10:59:27+05:30,NIFTY2621026400CE,26400.0,2026-02-10,412.9,
2026-01-07 10:59:28+05:30,NIFTY2621026400CE,26400.0,2026-02-10,412.9,
2026-01-07 10:59:29+05:30,NIFTY2621026400CE,26400.0,2026-02-10,412.9,
2026-01-07 10:59:30+05:30,NIFTY2621026400CE,26400.0,2026-02-10,412.9,
2026-01-07 10:59:31+05:30,NIFTY2621026400CE,26400.0,2026-02-10,412.9,
2026-01-07 10:59:32+05:30,NIFTY2621026400CE,26400.0,2026-02-10,412.9,
2026-01-07 10:59:33+05:30,NIFTY2621026400CE,26400.0,2026-02-10,412.9,
2026-01-07 10:59:34+05:30,NIFTY2621026400CE,26400.0,2026-02-10,412.9,
2026-01-07 10:59:35+05:30,NIFTY2621026400CE,26400.0,2026-02-10,412.9,
2026-01-07 10:59:36+05:30,NIFTY2621026400CE,26400.0,2026-02-10,412.9,
2026-01-07 10:59:37+05:30,NIFTY2621026400CE,26400.0,2026-02-10,412.9,
2026-01-07 10:59:38+05:30,NIFTY2621026400CE,26400.0,2026-02-10,412.9,
2026-01-07 10:59:39+05:30,NIFTY2621026400CE,26400.0,2026-02-10,412.9,
2026-01-07 10:59:40+05:30,NIFTY2621026400CE,26400.0,2026-02-10,412.9,
2026-01-07 10:59:41+05:30,NIFTY2621026400CE,26400.0,2026-02-10,412.9,
2026-01-07 10:59:42+05:30,NIFTY2621026400CE,26400.0,2026-02-10,412.9,
2026-01-07 10:59:43+05:30,NIFTY2621026400CE,26400.0,2026-02-10,412.9,
2026-01-07 10:59:44+05:30,NIFTY2621026400CE,26400.0,2026-02-10,412.9,
2026-01-07 10:59:45+05:30,NIFTY2621026400CE,26400.0,2026-02-10,412.9,
2026-01-07 10:59:46+05:30,NIFTY2621026400CE,26400.0,2026-02-10,412.9,
2026-01-07 10:59:47+05:30,NIFTY2621026400CE,26400.0,2026-02-10,412.9,
2026-01-07 10:59:48+05:30,NIFTY2621026400CE,26400.0,2026-02-10,412.9,
2026-01-07 10:59:49+05:30,NIFTY2621026400CE,26400.0,2026-02-10,412.9,
2026-01-07 10:59:50+05:30,NIFTY2621026400CE,26400.0,2026-02-10,412.9,
2026-01-07 10:59:51+05:30,NIFTY2621026400CE,26400.0,2026-02-10,412.9,
2026-01-07 10:59:52+05:30,NIFTY2621026400CE,26400.0,2026-02-10,412.9,
2026-01-07 10:59:53+05:30,NIFTY2621026400CE,26400.0,2026-02-10,412.9,
2026-01-07 10:59:54+05:30,NIFTY2621026400CE,26400.0,2026-02-10,412.9,
2026-01-07 10:59:55+05:30,NIFTY2621026400CE,26400.0,2026-02-10,412.9,
2026-01-07 10:59:56+05:30,NIFTY2621026400CE,26400.0,2026-02-10,412.9,
2026-01-07 10:59:57+05:30,NIFTY2621026400CE,26400.0,2026-02-10,412.9,
2026-01-07 10:59:58+05:30,NIFTY2621026400CE,26400.0,2026-02-10,412.9,
2026-01-07 10:59:59+05:30,NIFTY2621026400CE,26400.0,2026-02-10,412.9,
2026-01-07 11:00:00+05:30,NIFTY2621026400CE,26400.0,2026-02-10,412.9,
2026-01-07 11:00:01+05:30,NIFTY2621026400CE,26400.0,2026-02-10,412.9,
2026-01-07 11:00:02+05:30,NIFTY2621026400CE,26400.0,2026-02-10,412.9,
2026-01-07 11:00:03+05:30,NIFTY2621026400CE,26400.0,2026-02-10,412.9,
2026-01-07 11:00:04+05:30,NIFTY2621026400CE,26400.0,2026-02-10,412.9,
2026-01-07 11:00:05+05:30,NIFTY2621026400CE,26400.0,2026-02-10,412.9,
2026-01-07 11:00:06+05:30,NIFTY2621026400CE,26400.0,2026-02-10,412.9,
2026-01-07 11:00:07+05:30,NIFTY2621026400CE,26400.0,2026-02-10,412.9,
2026-01-07 11:00:08+05:30,NIFTY2621026400CE,26400.0,2026-02-10,412.9,
2026-01-07 11:00:09+05:30,NIFTY2621026400CE,26400.0,2026-02-10,412.9,
2026-01-07 11:00:10+05:30,NIFTY2621026400CE,26400.0,2026-02-10,412.9,
2026-01-07 11:00:11+05:30,NIFTY2621026400CE,26400.0,2026-02-10,412.9,
2026-01-07 11:00:12+05:30,NIFTY2621026400CE,26400.0,2026-02-10,412.9,
2026-01-07 11:00:13+05:30,NIFTY2621026400CE,26400.0,2026-02-10,412.9,
2026-01-07 11:00:14+05:30,NIFTY2621026400CE,26400.0,2026-02-10,412.9,
2026-01-07 11:00:15+05:30,NIFTY2621026400CE,26400.0,2026-02-10,412.9,
2026-01-07 11:00:16+05:30,NIFTY2621026400CE,26400.0,2026-02-10,412.9,
2026-01-07 11:00:17+05:30,NIFTY2621026400CE,26400.0,2026-02-10,412.9,
2026-01-07 11:00:18+05:30,NIFTY2621026400CE,26400.0,2026-02-10,412.9,
2026-01-07 11:00:19+05:30,NIFTY2621026400CE,26400.0,2026-02-10,412.9,
2026-01-07 11:00:20+05:30,NIFTY2621026400CE,26400.0,2026-02-10,412.9,
2026-01-07 11:00:21+05:30,NIFTY2621026400CE,26400.0,2026-02-10,412.9,
2026-01-07 11:00:22+05:30,NIFTY2621026400CE,26400.0,2026-02-10,412.9,
2026-01-07 11:00:23+05:30,NIFTY2621026400CE,26400.0,2026-02-10,412.9,
2026-01-07 11:00:24+05:30,NIFTY2621026400CE,26400.0,2026-02-10,412.9,
2026-01-07 11:00:25+05:30,NIFTY2621026400CE,26400.0,2026-02-10,412.9,
2026-01-07 11:00:26+05:30,NIFTY2621026400CE,26400.0,2026-02-10,412.9,
2026-01-07 11:00:27+05:30,NIFTY2621026400CE,26400.0,2026-02-10,412.9,
2026-01-07 11:00:28+05:30,NIFTY2621026400CE,26400.0,2026-02-10,412.9,
2026-01-07 11:00:29+05:30,NIFTY2621026400CE,26400.0,2026-02-10,412.9,
2026-01-07 11:00:30+05:30,NIFTY2621026400CE,26400.0,2026-02-10,412.9,
2026-01-07 11:00:31+05:30,NIFTY2621026400CE,26400.0,2026-02-10,412.9,
2026-01-07 11:00:32+05:30,NIFTY2621026400CE,26400.0,2026-02-10,412.9,
2026-01-07 11:00:33+05:30,NIFTY2621026400CE,26400.0,2026-02-10,412.9,
2026-01-07 11:00:34+05:30,NIFTY2621026400CE,26400.0,2026-02-10,412.9,
2026-01-07 11:00:35+05:30,NIFTY2621026400CE,26400.0,2026-02-10,412.9,
2026-01-07 11:00:36+05:30,NIFTY2621026400CE,26400.0,2026-02-10,412.9,
2026-01-07 11:00:37+05:30,NIFTY2621026400CE,26400.0,2026-02-10,412.9,
2026-01-07 11:00:38+05:30,NIFTY2621026400CE,26400.0,2026-02-10,412.9,
2026-01-07 11:00:39+05:30,NIFTY2621026400CE,26400.0,2026-02-10,412.9,
2026-01-07 11:00:40+05:30,NIFTY2621026400CE,26400.0,2026-02-10,412.9,
2026-01-07 11:00:41+05:30,NIFTY2621026400CE,26400.0,2026-02-10,412.9,
2026-01-07 11:00:42+05:30,NIFTY2621026400CE,26400.0,2026-02-10,412.9,
2026-01-07 11:00:43+05:30,NIFTY2621026400CE,26400.0,2026-02-10,412.9,
2026-01-07 11:00:44+05:30,NIFTY2621026400CE,26400.0,2026-02-10,412.9,
2026-01-07 11:00:45+05:30,NIFTY2621026400CE,26400.0,2026-02-10,412.9,
2026-01-07 11:00:46+05:30,NIFTY2621026400CE,26400.0,2026-02-10,412.9,
2026-01-07 11:00:47+05:30,NIFTY2621026400CE,26400.0,2026-02-10,412.9,
2026-01-07 11:00:48+05:30,NIFTY2621026400CE,26400.0,2026-02-10,412.9,
2026-01-07 11:00:49+05:30,NIFTY2621026400CE,26400.0,2026-02-10,412.9,
2026-01-07 11:00:50+05:30,NIFTY2621026400CE,26400.0,2026-02-10,412.9,
2026-01-07 11:00:51+05:30,NIFTY2621026400CE,26400.0,2026-02-10,412.9,
2026-01-07 11:00:52+05:30,NIFTY2621026400CE,26400.0,2026-02-10,412.9,
2026-01-07 11:00:53+05:30,NIFTY2621026400CE,26400.0,2026-02-10,412.9,
2026-01-07 11:00:54+05:30,NIFTY2621026400CE,26400.0,2026-02-10,412.9,
2026-01-07 11:00:55+05:30,NIFTY2621026400CE,26400.0,2026-02-10,412.9,
2026-01-07 11:00:56+05:30,NIFTY2621026400CE,26400.0,2026-02-10,412.9,
2026-01-07 11:00:57+05:30,NIFTY2621026400CE,26400.0,2026-02-10,412.9,
2026-01-07 11:00:58+05:30,NIFTY2621026400CE,26400.0,2026-02-10,412.9,
2026-01-07 11:00:59+05:30,NIFTY2621026400CE,26400.0,2026-02-10,412.9,
2026-01-07 11:01:00+05:30,NIFTY2621026400CE,26400.0,2026-02-10,412.9,
2026-01-07 11:01:01+05:30,NIFTY2621026400CE,26400.0,2026-02-10,412.9,
2026-01-07 11:01:02+05:30,NIFTY2621026400CE,26400.0,2026-02-10,412.9,
2026-01-07 11:01:03+05:30,NIFTY2621026400CE,26400.0,2026-02-10,412.9,
2026-01-07 11:01:04+05:30,NIFTY2621026400CE,26400.0,2026-02-10,412.9,
2026-01-07 11:01:05+05:30,NIFTY2621026400CE,26400.0,2026-02-10,412.9,
2026-01-07 11:01:06+05:30,NIFTY2621026400CE,26400.0,2026-02-10,412.9,
2026-01-07 11:01:07+05:30,NIFTY2621026400CE,26400.0,2026-02-10,412.9,
2026-01-07 11:01:08+05:30,NIFTY2621026400CE,26400.0,2026-02-10,412.9,
2026-01-07 11:01:09+05:30,NIFTY2621026400CE,26400.0,2026-02-10,412.9,
2026-01-07 11:01:10+05:30,NIFTY2621026400CE,26400.0,2026-02-10,412.9,
2026-01-07 11:01:11+05:30,NIFTY2621026400CE,26400.0,2026-02-10,412.9,
2026-01-07 11:01:12+05:30,NIFTY2621026400CE,26400.0,2026-02-10,412.9,
2026-01-07 11:01:13+05:30,NIFTY2621026400CE,26400.0,2026-02-10,412.9,
2026-01-07 11:01:14+05:30,NIFTY2621026400CE,26400.0,2026-02-10,412.9,
2026-01-07 11:01:15+05:30,NIFTY2621026400CE,26400.0,2026-02-10,412.9,
2026-01-07 11:01:16+05:30,NIFTY2621026400CE,26400.0,2026-02-10,412.9,
2026-01-07 11:01:17+05:30,NIFTY2621026400CE,26400.0,2026-02-10,412.9,
2026-01-07 11:01:18+05:30,NIFTY2621026400CE,26400.0,2026-02-10,412.9,
2026-01-07 11:01:19+05:30,NIFTY2621026400CE,26400.0,2026-02-10,412.9,
2026-01-07 11:01:20+05:30,NIFTY2621026400CE,26400.0,2026-02-10,412.9,
2026-01-07 11:01:21+05:30,NIFTY2621026400CE,26400.0,2026-02-10,412.9,
2026-01-07 11:01:22+05:30,NIFTY2621026400CE,26400.0,2026-02-10,412.9,
2026-01-07 11:01:23+05:30,NIFTY2621026400CE,26400.0,2026-02-10,412.9,
2026-01-07 11:01:24+05:30,NIFTY2621026400CE,26400.0,2026-02-10,412.9,
2026-01-07 11:01:25+05:30,NIFTY2621026400CE,26400.0,2026-02-10,412.9,
2026-01-07 11:01:26+05:30,NIFTY2621026400CE,26400.0,2026-02-10,412.9,
2026-01-07 11:01:27+05:30,NIFTY2621026400CE,26400.0,2026-02-10,412.9,
2026-01-07 11:01:28+05:30,NIFTY2621026400CE,26400.0,2026-02-10,412.9,
2026-01-07 11:01:29+05:30,NIFTY2621026400CE,26400.0,2026-02-10,412.9,
2026-01-07 11:01:30+05:30,NIFTY2621026400CE,26400.0,2026-02-10,412.9,
2026-01-07 11:01:31+05:30,NIFTY2621026400CE,26400.0,2026-02-10,412.9,
2026-01-07 11:01:32+05:30,NIFTY2621026400CE,26400.0,2026-02-10,412.9,
2026-01-07 11:01:33+05:30,NIFTY2621026400CE,26400.0,2026-02-10,412.9,
2026-01-07 11:01:34+05:30,NIFTY2621026400CE,26400.0,2026-02-10,412.9,
2026-01-07 11:01:35+05:30,NIFTY2621026400CE,26400.0,2026-02-10,412.9,
2026-01-07 11:01:36+05:30,NIFTY2621026400CE,26400.0,2026-02-10,412.9,
2026-01-07 11:01:37+05:30,NIFTY2621026400CE,26400.0,2026-02-10,412.9,
2026-01-07 11:01:38+05:30,NIFTY2621026400CE,26400.0,2026-02-10,412.9,
2026-01-07 11:01:39+05:30,NIFTY2621026400CE,26400.0,2026-02-10,412.9,
2026-01-07 11:01:40+05:30,NIFTY2621026400CE,26400.0,2026-02-10,412.9,
2026-01-07 11:01:41+05:30,NIFTY2621026400CE,26400.0,2026-02-10,412.9,
2026-01-07 11:01:42+05:30,NIFTY2621026400CE,26400.0,2026-02-10,412.9,
2026-01-07 11:01:43+05:30,NIFTY2621026400CE,26400.0,2026-02-10,412.9,
2026-01-07 11:01:44+05:30,NIFTY2621026400CE,26400.0,2026-02-10,412.9,
2026-01-07 11:01:45+05:30,NIFTY2621026400CE,26400.0,2026-02-10,412.9,
2026-01-07 11:01:46+05:30,NIFTY2621026400CE,26400.0,2026-02-10,412.9,
2026-01-07 11:01:47+05:30,NIFTY2621026400CE,26400.0,2026-02-10,412.9,
2026-01-07 11:01:48+05:30,NIFTY2621026400CE,26400.0,2026-02-10,412.9,
2026-01-07 11:01:49+05:30,NIFTY2621026400CE,26400.0,2026-02-10,412.9,
2026-01-07 11:01:50+05:30,NIFTY2621026400CE,26400.0,2026-02-10,412.9,
2026-01-07 11:01:51+05:30,NIFTY2621026400CE,26400.0,2026-02-10,412.9,
2026-01-07 11:01:52+05:30,NIFTY2621026400CE,26400.0,2026-02-10,412.9,
2026-01-07 11:01:53+05:30,NIFTY2621026400CE,26400.0,2026-02-10,412.9,
2026-01-07 11:01:54+05:30,NIFTY2621026400CE,26400.0,2026-02-10,412.9,
2026-01-07 11:01:55+05:30,NIFTY2621026400CE,26400.0,2026-02-10,412.9,
2026-01-07 11:01:56+05:30,NIFTY2621026400CE,26400.0,2026-02-10,412.9,
2026-01-07 11:01:57+05:30,NIFTY2621026400CE,26400.0,2026-02-10,412.9,
2026-01-07 11:01:58+05:30,NIFTY2621026400CE,26400.0,2026-02-10,412.9,
2026-01-07 11:01:59+05:30,NIFTY2621026400CE,26400.0,2026-02-10,412.9,
2026-01-07 11:02:00+05:30,NIFTY2621026400CE,26400.0,2026-02-10,412.9,
2026-01-07 11:02:01+05:30,NIFTY2621026400CE,26400.0,2026-02-10,412.9,
2026-01-07 11:02:02+05:30,NIFTY2621026400CE,26400.0,2026-02-10,412.9,
2026-01-07 11:02:03+05:30,NIFTY2621026400CE,26400.0,2026-02-10,412.9,
2026-01-07 11:02:04+05:30,NIFTY2621026400CE,26400.0,2026-02-10,412.9,
2026-01-07 11:02:05+05:30,NIFTY2621026400CE,26400.0,2026-02-10,412.9,
2026-01-07 11:02:06+05:30,NIFTY2621026400CE,26400.0,2026-02-10,412.9,
2026-01-07 11:02:07+05:30,NIFTY2621026400CE,26400.0,2026-02-10,412.9,
2026-01-07 11:02:08+05:30,NIFTY2621026400CE,26400.0,2026-02-10,412.9,
2026-01-07 11:02:09+05:30,NIFTY2621026400CE,26400.0,2026-02-10,412.9,
2026-01-07 11:02:10+05:30,NIFTY2621026400CE,26400.0,2026-02-10,412.9,
2026-01-07 11:02:11+05:30,NIFTY2621026400CE,26400.0,2026-02-10,412.9,
2026-01-07 11:02:12+05:30,NIFTY2621026400CE,26400.0,2026-02-10,412.9,
2026-01-07 11:02:13+05:30,NIFTY2621026400CE,26400.0,2026-02-10,412.9,
2026-01-07 11:02:14+05:30,NIFTY2621026400CE,26400.0,2026-02-10,412.9,
2026-01-07 11:02:15+05:30,NIFTY2621026400CE,26400.0,2026-02-10,412.9,
2026-01-07 11:02:16+05:30,NIFTY2621026400CE,26400.0,2026-02-10,412.9,
2026-01-07 11:02:17+05:30,NIFTY2621026400CE,26400.0,2026-02-10,412.9,
2026-01-07 11:02:18+05:30,NIFTY2621026400CE,26400.0,2026-02-10,412.9,
2026-01-07 11:02:19+05:30,NIFTY2621026400CE,26400.0,2026-02-10,412.9,
2026-01-07 11:02:20+05:30,NIFTY2621026400CE,26400.0,2026-02-10,412.9,
2026-01-07 11:02:21+05:30,NIFTY2621026400CE,26400.0,2026-02-10,412.9,
2026-01-07 11:02:22+05:30,NIFTY2621026400CE,26400.0,2026-02-10,412.9,
2026-01-07 11:02:23+05:30,NIFTY2621026400CE,26400.0,2026-02-10,412.9,
2026-01-07 11:02:24+05:30,NIFTY2621026400CE,26400.0,2026-02-10,412.9,
2026-01-07 11:02:25+05:30,NIFTY2621026400CE,26400.0,2026-02-10,412.9,
2026-01-07 11:02:26+05:30,NIFTY2621026400CE,26400.0,2026-02-10,412.9,
2026-01-07 11:02:27+05:30,NIFTY2621026400CE,26400.0,2026-02-10,412.9,
2026-01-07 11:02:28+05:30,NIFTY2621026400CE,26400.0,2026-02-10,412.9,
2026-01-07 11:02:29+05:30,NIFTY2621026400CE,26400.0,2026-02-10,412.9,
2026-01-07 11:02:30+05:30,NIFTY2621026400CE,26400.0,2026-02-10,412.9,
2026-01-07 11:02:31+05:30,NIFTY2621026400CE,26400.0,2026-02-10,412.9,
2026-01-07 11:02:32+05:30,NIFTY2621026400CE,26400.0,2026-02-10,412.9,
2026-01-07 11:02:33+05:30,NIFTY2621026400CE,26400.0,2026-02-10,412.9,
2026-01-07 11:02:34+05:30,NIFTY2621026400CE,26400.0,2026-02-10,412.9,
2026-01-07 11:02:35+05:30,NIFTY2621026400CE,26400.0,2026-02-10,412.9,
2026-01-07 11:02:36+05:30,NIFTY2621026400CE,26400.0,2026-02-10,412.9,
2026-01-07 11:02:37+05:30,NIFTY2621026400CE,26400.0,2026-02-10,412.9,
2026-01-07 11:02:38+05:30,NIFTY2621026400CE,26400.0,2026-02-10,412.9,
2026-01-07 11:02:39+05:30,NIFTY2621026400CE,26400.0,2026-02-10,412.9,
2026-01-07 11:02:40+05:30,NIFTY2621026400CE,26400.0,2026-02-10,412.9,
2026-01-07 11:02:41+05:30,NIFTY2621026400CE,26400.0,2026-02-10,412.9,
2026-01-07 11:02:42+05:30,NIFTY2621026400CE,26400.0,2026-02-10,412.9,
2026-01-07 11:02:43+05:30,NIFTY2621026400CE,26400.0,2026-02-10,412.9,
2026-01-07 11:02:44+05:30,NIFTY2621026400CE,26400.0,2026-02-10,412.9,
2026-01-07 11:02:45+05:30,NIFTY2621026400CE,26400.0,2026-02-10,412.9,
2026-01-07 11:02:46+05:30,NIFTY2621026400CE,26400.0,2026-02-10,412.9,
2026-01-07 11:02:47+05:30,NIFTY2621026400CE,26400.0,2026-02-10,412.9,
2026-01-07 11:02:48+05:30,NIFTY2621026400CE,26400.0,2026-02-10,412.9,
2026-01-07 11:02:49+05:30,NIFTY2621026400CE,26400.0,2026-02-10,412.9,
2026-01-07 11:02:50+05:30,NIFTY2621026400CE,26400.0,2026-02-10,412.9,
2026-01-07 11:02:51+05:30,NIFTY2621026400CE,26400.0,2026-02-10,412.9,
2026-01-07 11:02:52+05:30,NIFTY2621026400CE,26400.0,2026-02-10,412.9,
2026-01-07 11:02:53+05:30,NIFTY2621026400CE,26400.0,2026-02-10,412.9,
2026-01-07 11:02:54+05:30,NIFTY2621026400CE,26400.0,2026-02-10,412.9,
2026-01-07 11:02:55+05:30,NIFTY2621026400CE,26400.0,2026-02-10,412.9,
2026-01-07 11:02:56+05:30,NIFTY2621026400CE,26400.0,2026-02-10,412.9,
2026-01-07 11:02:57+05:30,NIFTY2621026400CE,26400.0,2026-02-10,412.9,
2026-01-07 11:02:58+05:30,NIFTY2621026400CE,26400.0,2026-02-10,412.9,
2026-01-07 11:02:59+05:30,NIFTY2621026400CE,26400.0,2026-02-10,412.9,
2026-01-07 11:03:00+05:30,NIFTY2621026400CE,26400.0,2026-02-10,412.9,
2026-01-07 11:03:01+05:30,NIFTY2621026400CE,26400.0,2026-02-10,412.9,
2026-01-07 11:03:02+05:30,NIFTY2621026400CE,26400.0,2026-02-10,412.9,
2026-01-07 11:03:03+05:30,NIFTY2621026400CE,26400.0,2026-02-10,412.9,
2026-01-07 11:03:04+05:30,NIFTY2621026400CE,26400.0,2026-02-10,412.9,
2026-01-07 11:03:05+05:30,NIFTY2621026400CE,26400.0,2026-02-10,412.9,
2026-01-07 11:03:06+05:30,NIFTY2621026400CE,26400.0,2026-02-10,412.9,
2026-01-07 11:03:07+05:30,NIFTY2621026400CE,26400.0,2026-02-10,412.9,
2026-01-07 11:03:08+05:30,NIFTY2621026400CE,26400.0,2026-02-10,412.9,
2026-01-07 11:03:09+05:30,NIFTY2621026400CE,26400.0,2026-02-10,412.9,
2026-01-07 11:03:10+05:30,NIFTY2621026400CE,26400.0,2026-02-10,412.9,
2026-01-07 11:03:11+05:30,NIFTY2621026400CE,26400.0,2026-02-10,412.9,
2026-01-07 11:03:12+05:30,NIFTY2621026400CE,26400.0,2026-02-10,412.9,
2026-01-07 11:03:13+05:30,NIFTY2621026400CE,26400.0,2026-02-10,412.9,
2026-01-07 11:03:14+05:30,NIFTY2621026400CE,26400.0,2026-02-10,412.9,
2026-01-07 11:03:15+05:30,NIFTY2621026400CE,26400.0,2026-02-10,412.9,
2026-01-07 11:03:16+05:30,NIFTY2621026400CE,26400.0,2026-02-10,412.9,
2026-01-07 11:03:17+05:30,NIFTY2621026400CE,26400.0,2026-02-10,412.9,
2026-01-07 11:03:18+05:30,NIFTY2621026400CE,26400.0,2026-02-10,412.9,
2026-01-07 11:03:19+05:30,NIFTY2621026400CE,26400.0,2026-02-10,412.9,
2026-01-07 11:03:20+05:30,NIFTY2621026400CE,26400.0,2026-02-10,412.9,
2026-01-07 11:03:21+05:30,NIFTY2621026400CE,26400.0,2026-02-10,412.9,
2026-01-07 11:03:22+05:30,NIFTY2621026400CE,26400.0,2026-02-10,412.9,
2026-01-07 11:03:23+05:30,NIFTY2621026400CE,26400.0,2026-02-10,412.9,
2026-01-07 11:03:24+05:30,NIFTY2621026400CE,26400.0,2026-02-10,412.9,
2026-01-07 11:03:25+05:30,NIFTY2621026400CE,26400.0,2026-02-10,412.9,
2026-01-07 11:03:26+05:30,NIFTY2621026400CE,26400.0,2026-02-10,412.9,
2026-01-07 11:03:27+05:30,NIFTY2621026400CE,26400.0,2026-02-10,412.9,
2026-01-07 11:03:28+05:30,NIFTY2621026400CE,26400.0,2026-02-10,412.9,
2026-01-07 11:03:29+05:30,NIFTY2621026400CE,26400.0,2026-02-10,412.9,
2026-01-07 11:03:30+05:30,NIFTY2621026400CE,26400.0,2026-02-10,412.9,
2026-01-07 11:03:31+05:30,NIFTY2621026400CE,26400.0,2026-02-10,412.9,
2026-01-07 11:03:32+05:30,NIFTY2621026400CE,26400.0,2026-02-10,412.9,
2026-01-07 11:03:33+05:30,NIFTY2621026400CE,26400.0,2026-02-10,412.9,
2026-01-07 11:03:34+05:30,NIFTY2621026400CE,26400.0,2026-02-10,412.9,
2026-01-07 11:03:35+05:30,NIFTY2621026400CE,26400.0,2026-02-10,412.9,
2026-01-07 11:03:36+05:30,NIFTY2621026400CE,26400.0,2026-02-10,412.9,
2026-01-07 11:03:37+05:30,NIFTY2621026400CE,26400.0,2026-02-10,412.9,
2026-01-07 11:03:38+05:30,NIFTY2621026400CE,26400.0,2026-02-10,412.9,
2026-01-07 11:03:39+05:30,NIFTY2621026400CE,26400.0,2026-02-10,412.9,
2026-01-07 11:03:40+05:30,NIFTY2621026400CE,26400.0,2026-02-10,412.9,
2026-01-07 11:03:41+05:30,NIFTY2621026400CE,26400.0,2026-02-10,412.9,
2026-01-07 11:03:42+05:30,NIFTY2621026400CE,26400.0,2026-02-10,412.9,
2026-01-07 11:03:43+05:30,NIFTY2621026400CE,26400.0,2026-02-10,412.9,
2026-01-07 11:03:44+05:30,NIFTY2621026400CE,26400.0,2026-02-10,412.9,
2026-01-07 11:03:45+05:30,NIFTY2621026400CE,26400.0,2026-02-10,412.9,
2026-01-07 11:03:46+05:30,NIFTY2621026400CE,26400.0,2026-02-10,412.9,
2026-01-07 11:03:47+05:30,NIFTY2621026400CE,26400.0,2026-02-10,412.9,
2026-01-07 11:03:48+05:30,NIFTY2621026400CE,26400.0,2026-02-10,412.9,
2026-01-07 11:03:49+05:30,NIFTY2621026400CE,26400.0,2026-02-10,412.9,
2026-01-07 11:03:50+05:30,NIFTY2621026400CE,26400.0,2026-02-10,412.9,
2026-01-07 11:03:51+05:30,NIFTY2621026400CE,26400.0,2026-02-10,412.9,
2026-01-07 11:03:52+05:30,NIFTY2621026400CE,26400.0,2026-02-10,412.9,
2026-01-07 11:03:53+05:30,NIFTY2621026400CE,26400.0,2026-02-10,412.9,
2026-01-07 11:03:54+05:30,NIFTY2621026400CE,26400.0,2026-02-10,412.9,
2026-01-07 11:03:55+05:30,NIFTY2621026400CE,26400.0,2026-02-10,412.9,
2026-01-07 11:03:56+05:30,NIFTY2621026400CE,26400.0,2026-02-10,412.9,
2026-01-07 11:03:57+05:30,NIFTY2621026400CE,26400.0,2026-02-10,412.9,
2026-01-07 11:03:58+05:30,NIFTY2621026400CE,26400.0,2026-02-10,412.9,
2026-01-07 11:03:59+05:30,NIFTY2621026400CE,26400.0,2026-02-10,412.9,
2026-01-07 11:04:00+05:30,NIFTY2621026400CE,26400.0,2026-02-10,412.9,
2026-01-07 11:04:01+05:30,NIFTY2621026400CE,26400.0,2026-02-10,412.9,
2026-01-07 11:04:02+05:30,NIFTY2621026400CE,26400.0,2026-02-10,412.9,
2026-01-07 11:04:03+05:30,NIFTY2621026400CE,26400.0,2026-02-10,412.9,
2026-01-07 11:04:04+05:30,NIFTY2621026400CE,26400.0,2026-02-10,412.9,
2026-01-07 11:04:05+05:30,NIFTY2621026400CE,26400.0,2026-02-10,412.9,
2026-01-07 11:04:06+05:30,NIFTY2621026400CE,26400.0,2026-02-10,412.9,
2026-01-07 11:04:07+05:30,NIFTY2621026400CE,26400.0,2026-02-10,412.9,
2026-01-07 11:04:08+05:30,NIFTY2621026400CE,26400.0,2026-02-10,412.9,
2026-01-07 11:04:09+05:30,NIFTY2621026400CE,26400.0,2026-02-10,412.9,
2026-01-07 11:04:10+05:30,NIFTY2621026400CE,26400.0,2026-02-10,412.9,
2026-01-07 11:04:11+05:30,NIFTY2621026400CE,26400.0,2026-02-10,412.9,
2026-01-07 11:04:12+05:30,NIFTY2621026400CE,26400.0,2026-02-10,412.9,
2026-01-07 11:04:13+05:30,NIFTY2621026400CE,26400.0,2026-02-10,412.9,
2026-01-07 11:04:14+05:30,NIFTY2621026400CE,26400.0,2026-02-10,412.9,
2026-01-07 11:04:15+05:30,NIFTY2621026400CE,26400.0,2026-02-10,412.9,
2026-01-07 11:04:16+05:30,NIFTY2621026400CE,26400.0,2026-02-10,412.9,
2026-01-07 11:04:17+05:30,NIFTY2621026400CE,26400.0,2026-02-10,412.9,
2026-01-07 11:04:18+05:30,NIFTY2621026400CE,26400.0,2026-02-10,412.9,
2026-01-07 11:04:19+05:30,NIFTY2621026400CE,26400.0,2026-02-10,412.9,
2026-01-07 11:04:20+05:30,NIFTY2621026400CE,26400.0,2026-02-10,412.9,
2026-01-07 11:04:21+05:30,NIFTY2621026400CE,26400.0,2026-02-10,412.9,
2026-01-07 11:04:22+05:30,NIFTY2621026400CE,26400.0,2026-02-10,412.9,
2026-01-07 11:04:23+05:30,NIFTY2621026400CE,26400.0,2026-02-10,412.9,
2026-01-07 11:04:24+05:30,NIFTY2621026400CE,26400.0,2026-02-10,412.9,
2026-01-07 11:04:25+05:30,NIFTY2621026400CE,26400.0,2026-02-10,412.9,
2026-01-07 11:04:26+05:30,NIFTY2621026400CE,26400.0,2026-02-10,412.9,
2026-01-07 11:04:27+05:30,NIFTY2621026400CE,26400.0,2026-02-10,412.9,
2026-01-07 11:04:28+05:30,NIFTY2621026400CE,26400.0,2026-02-10,412.9,
2026-01-07 11:04:29+05:30,NIFTY2621026400CE,26400.0,2026-02-10,412.9,
2026-01-07 11:04:30+05:30,NIFTY2621026400CE,26400.0,2026-02-10,412.9,
2026-01-07 11:04:31+05:30,NIFTY2621026400CE,26400.0,2026-02-10,412.9,
2026-01-07 11:04:32+05:30,NIFTY2621026400CE,26400.0,2026-02-10,412.9,
2026-01-07 11:04:33+05:30,NIFTY2621026400CE,26400.0,2026-02-10,412.9,
2026-01-07 11:04:34+05:30,NIFTY2621026400CE,26400.0,2026-02-10,412.9,
2026-01-07 11:04:35+05:30,NIFTY2621026400CE,26400.0,2026-02-10,412.9,
2026-01-07 11:04:36+05:30,NIFTY2621026400CE,26400.0,2026-02-10,412.9,
2026-01-07 11:04:37+05:30,NIFTY2621026400CE,26400.0,2026-02-10,412.9,
2026-01-07 11:04:38+05:30,NIFTY2621026400CE,26400.0,2026-02-10,412.9,
2026-01-07 11:04:39+05:30,NIFTY2621026400CE,26400.0,2026-02-10,412.9,
2026-01-07 11:04:40+05:30,NIFTY2621026400CE,26400.0,2026-02-10,412.9,
2026-01-07 11:04:41+05:30,NIFTY2621026400CE,26400.0,2026-02-10,412.9,
2026-01-07 11:04:42+05:30,NIFTY2621026400CE,26400.0,2026-02-10,412.9,
2026-01-07 11:04:43+05:30,NIFTY2621026400CE,26400.0,2026-02-10,412.9,
2026-01-07 11:04:44+05:30,NIFTY2621026400CE,26400.0,2026-02-10,412.9,
2026-01-07 11:04:45+05:30,NIFTY2621026400CE,26400.0,2026-02-10,412.9,
2026-01-07 11:04:46+05:30,NIFTY2621026400CE,26400.0,2026-02-10,412.9,
2026-01-07 11:04:47+05:30,NIFTY2621026400CE,26400.0,2026-02-10,412.9,
2026-01-07 11:04:48+05:30,NIFTY2621026400CE,26400.0,2026-02-10,412.9,
2026-01-07 11:04:49+05:30,NIFTY2621026400CE,26400.0,2026-02-10,412.9,
2026-01-07 11:04:50+05:30,NIFTY2621026400CE,26400.0,2026-02-10,412.9,
2026-01-07 11:04:51+05:30,NIFTY2621026400CE,26400.0,2026-02-10,412.9,
2026-01-07 11:04:52+05:30,NIFTY2621026400CE,26400.0,2026-02-10,412.9,
2026-01-07 11:04:53+05:30,NIFTY2621026400CE,26400.0,2026-02-10,412.9,
2026-01-07 11:04:54+05:30,NIFTY2621026400CE,26400.0,2026-02-10,412.9,
2026-01-07 11:04:55+05:30,NIFTY2621026400CE,26400.0,2026-02-10,412.9,
2026-01-07 11:04:56+05:30,NIFTY2621026400CE,26400.0,2026-02-10,412.9,
2026-01-07 11:04:57+05:30,NIFTY2621026400CE,26400.0,2026-02-10,412.9,
2026-01-07 11:04:58+05:30,NIFTY2621026400CE,26400.0,2026-02-10,412.9,
2026-01-07 11:04:59+05:30,NIFTY2621026400CE,26400.0,2026-02-10,412.9,
2026-01-07 11:05:00+05:30,NIFTY2621026400CE,26400.0,2026-02-10,412.9,
2026-01-07 11:05:01+05:30,NIFTY2621026400CE,26400.0,2026-02-10,412.9,
2026-01-07 11:05:02+05:30,NIFTY2621026400CE,26400.0,2026-02-10,412.9,
2026-01-07 11:05:03+05:30,NIFTY2621026400CE,26400.0,2026-02-10,412.9,
2026-01-07 11:05:04+05:30,NIFTY2621026400CE,26400.0,2026-02-10,412.9,
2026-01-07 11:05:05+05:30,NIFTY2621026400CE,26400.0,2026-02-10,412.9,
2026-01-07 11:05:06+05:30,NIFTY2621026400CE,26400.0,2026-02-10,412.9,
2026-01-07 11:05:07+05:30,NIFTY2621026400CE,26400.0,2026-02-10,412.9,
2026-01-07 11:05:08+05:30,NIFTY2621026400CE,26400.0,2026-02-10,412.9,
2026-01-07 11:05:09+05:30,NIFTY2621026400CE,26400.0,2026-02-10,412.9,
2026-01-07 11:05:10+05:30,NIFTY2621026400CE,26400.0,2026-02-10,412.9,
2026-01-07 11:05:11+05:30,NIFTY2621026400CE,26400.0,2026-02-10,412.9,
2026-01-07 11:05:12+05:30,NIFTY2621026400CE,26400.0,2026-02-10,412.9,
2026-01-07 11:05:13+05:30,NIFTY2621026400CE,26400.0,2026-02-10,412.9,
2026-01-07 11:05:14+05:30,NIFTY2621026400CE,26400.0,2026-02-10,412.9,
2026-01-07 11:05:15+05:30,NIFTY2621026400CE,26400.0,2026-02-10,412.9,
2026-01-07 11:05:16+05:30,NIFTY2621026400CE,26400.0,2026-02-10,412.9,
2026-01-07 11:05:17+05:30,NIFTY2621026400CE,26400.0,2026-02-10,412.9,
2026-01-07 11:05:18+05:30,NIFTY2621026400CE,26400.0,2026-02-10,412.9,
2026-01-07 11:05:19+05:30,NIFTY2621026400CE,26400.0,2026-02-10,412.9,
2026-01-07 11:05:20+05:30,NIFTY2621026400CE,26400.0,2026-02-10,412.9,
2026-01-07 11:05:21+05:30,NIFTY2621026400CE,26400.0,2026-02-10,412.9,
2026-01-07 11:05:22+05:30,NIFTY2621026400CE,26400.0,2026-02-10,412.9,
2026-01-07 11:05:23+05:30,NIFTY2621026400CE,26400.0,2026-02-10,412.9,
2026-01-07 11:05:24+05:30,NIFTY2621026400CE,26400.0,2026-02-10,412.9,
2026-01-07 11:05:25+05:30,NIFTY2621026400CE,26400.0,2026-02-10,412.9,
2026-01-07 11:05:26+05:30,NIFTY2621026400CE,26400.0,2026-02-10,412.9,
2026-01-07 11:05:27+05:30,NIFTY2621026400CE,26400.0,2026-02-10,412.9,
2026-01-07 11:05:28+05:30,NIFTY2621026400CE,26400.0,2026-02-10,412.9,
2026-01-07 11:05:29+05:30,NIFTY2621026400CE,26400.0,2026-02-10,412.9,
2026-01-07 11:05:30+05:30,NIFTY2621026400CE,26400.0,2026-02-10,412.9,
2026-01-07 11:05:31+05:30,NIFTY2621026400CE,26400.0,2026-02-10,412.9,
2026-01-07 11:05:32+05:30,NIFTY2621026400CE,26400.0,2026-02-10,412.9,
2026-01-07 11:05:33+05:30,NIFTY2621026400CE,26400.0,2026-02-10,412.9,
2026-01-07 11:05:34+05:30,NIFTY2621026400CE,26400.0,2026-02-10,412.9,
2026-01-07 11:05:35+05:30,NIFTY2621026400CE,26400.0,2026-02-10,412.9,
2026-01-07 11:05:36+05:30,NIFTY2621026400CE,26400.0,2026-02-10,412.9,
2026-01-07 11:05:37+05:30,NIFTY2621026400CE,26400.0,2026-02-10,412.9,
2026-01-07 11:05:38+05:30,NIFTY2621026400CE,26400.0,2026-02-10,412.9,
2026-01-07 11:05:39+05:30,NIFTY2621026400CE,26400.0,2026-02-10,412.9,
2026-01-07 11:05:40+05:30,NIFTY2621026400CE,26400.0,2026-02-10,412.9,
2026-01-07 11:05:41+05:30,NIFTY2621026400CE,26400.0,2026-02-10,412.9,
2026-01-07 11:05:42+05:30,NIFTY2621026400CE,26400.0,2026-02-10,412.9,
2026-01-07 11:05:43+05:30,NIFTY2621026400CE,26400.0,2026-02-10,412.9,
2026-01-07 11:05:44+05:30,NIFTY2621026400CE,26400.0,2026-02-10,412.9,
2026-01-07 11:05:45+05:30,NIFTY2621026400CE,26400.0,2026-02-10,412.9,
2026-01-07 11:05:46+05:30,NIFTY2621026400CE,26400.0,2026-02-10,412.9,
2026-01-07 11:05:47+05:30,NIFTY2621026400CE,26400.0,2026-02-10,412.9,
2026-01-07 11:05:48+05:30,NIFTY2621026400CE,26400.0,2026-02-10,412.9,
2026-01-07 11:05:49+05:30,NIFTY2621026400CE,26400.0,2026-02-10,412.9,
2026-01-07 11:05:50+05:30,NIFTY2621026400CE,26400.0,2026-02-10,412.9,
2026-01-07 11:05:51+05:30,NIFTY2621026400CE,26400.0,2026-02-10,412.9,
2026-01-07 11:05:52+05:30,NIFTY2621026400CE,26400.0,2026-02-10,412.9,
2026-01-07 11:05:53+05:30,NIFTY2621026400CE,26400.0,2026-02-10,412.9,
2026-01-07 11:05:54+05:30,NIFTY2621026400CE,26400.0,2026-02-10,412.9,
2026-01-07 11:05:55+05:30,NIFTY2621026400CE,26400.0,2026-02-10,412.9,
2026-01-07 11:05:56+05:30,NIFTY2621026400CE,26400.0,2026-02-10,412.9,
2026-01-07 11:05:57+05:30,NIFTY2621026400CE,26400.0,2026-02-10,412.9,
2026-01-07 11:05:58+05:30,NIFTY2621026400CE,26400.0,2026-02-10,412.9,
2026-01-07 11:05:59+05:30,NIFTY2621026400CE,26400.0,2026-02-10,412.9,
2026-01-07 11:06:00+05:30,NIFTY2621026400CE,26400.0,2026-02-10,412.9,
2026-01-07 11:06:01+05:30,NIFTY2621026400CE,26400.0,2026-02-10,412.9,
2026-01-07 11:06:02+05:30,NIFTY2621026400CE,26400.0,2026-02-10,412.9,
2026-01-07 11:06:03+05:30,NIFTY2621026400CE,26400.0,2026-02-10,412.9,
2026-01-07 11:06:04+05:30,NIFTY2621026400CE,26400.0,2026-02-10,412.9,
2026-01-07 11:06:05+05:30,NIFTY2621026400CE,26400.0,2026-02-10,412.9,
2026-01-07 11:06:06+05:30,NIFTY2621026400CE,26400.0,2026-02-10,412.9,
2026-01-07 11:06:07+05:30,NIFTY2621026400CE,26400.0,2026-02-10,412.9,
2026-01-07 11:06:08+05:30,NIFTY2621026400CE,26400.0,2026-02-10,412.9,
2026-01-07 11:06:09+05:30,NIFTY2621026400CE,26400.0,2026-02-10,412.9,
2026-01-07 11:06:10+05:30,NIFTY2621026400CE,26400.0,2026-02-10,412.9,
2026-01-07 11:06:11+05:30,NIFTY2621026400CE,26400.0,2026-02-10,412.9,
2026-01-07 11:06:12+05:30,NIFTY2621026400CE,26400.0,2026-02-10,412.9,
2026-01-07 11:06:13+05:30,NIFTY2621026400CE,26400.0,2026-02-10,412.9,
2026-01-07 11:06:14+05:30,NIFTY2621026400CE,26400.0,2026-02-10,412.9,
2026-01-07 11:06:15+05:30,NIFTY2621026400CE,26400.0,2026-02-10,412.9,
2026-01-07 11:06:16+05:30,NIFTY2621026400CE,26400.0,2026-02-10,412.9,
2026-01-07 11:06:17+05:30,NIFTY2621026400CE,26400.0,2026-02-10,412.9,
2026-01-07 11:06:18+05:30,NIFTY2621026400CE,26400.0,2026-02-10,412.9,
2026-01-07 11:06:19+05:30,NIFTY2621026400CE,26400.0,2026-02-10,412.9,
2026-01-07 11:06:20+05:30,NIFTY2621026400CE,26400.0,2026-02-10,412.9,
2026-01-07 11:06:21+05:30,NIFTY2621026400CE,26400.0,2026-02-10,412.9,
2026-01-07 11:06:22+05:30,NIFTY2621026400CE,26400.0,2026-02-10,412.9,
2026-01-07 11:06:23+05:30,NIFTY2621026400CE,26400.0,2026-02-10,412.9,
2026-01-07 11:06:24+05:30,NIFTY2621026400CE,26400.0,2026-02-10,412.9,
2026-01-07 11:06:25+05:30,NIFTY2621026400CE,26400.0,2026-02-10,412.9,
2026-01-07 11:06:26+05:30,NIFTY2621026400CE,26400.0,2026-02-10,412.9,
2026-01-07 11:06:27+05:30,NIFTY2621026400CE,26400.0,2026-02-10,412.9,
2026-01-07 11:06:28+05:30,NIFTY2621026400CE,26400.0,2026-02-10,412.9,
2026-01-07 11:06:29+05:30,NIFTY2621026400CE,26400.0,2026-02-10,412.9,
2026-01-07 11:06:30+05:30,NIFTY2621026400CE,26400.0,2026-02-10,412.9,
2026-01-07 11:06:31+05:30,NIFTY2621026400CE,26400.0,2026-02-10,412.9,
2026-01-07 11:06:32+05:30,NIFTY2621026400CE,26400.0,2026-02-10,412.9,
2026-01-07 11:06:33+05:30,NIFTY2621026400CE,26400.0,2026-02-10,412.9,
2026-01-07 11:06:34+05:30,NIFTY2621026400CE,26400.0,2026-02-10,412.9,
2026-01-07 11:06:35+05:30,NIFTY2621026400CE,26400.0,2026-02-10,412.9,
2026-01-07 11:06:36+05:30,NIFTY2621026400CE,26400.0,2026-02-10,412.9,
2026-01-07 11:06:37+05:30,NIFTY2621026400CE,26400.0,2026-02-10,412.9,
2026-01-07 11:06:38+05:30,NIFTY2621026400CE,26400.0,2026-02-10,412.9,
2026-01-07 11:06:39+05:30,NIFTY2621026400CE,26400.0,2026-02-10,412.9,
2026-01-07 11:06:40+05:30,NIFTY2621026400CE,26400.0,2026-02-10,412.9,
2026-01-07 11:06:41+05:30,NIFTY2621026400CE,26400.0,2026-02-10,412.9,
2026-01-07 11:06:42+05:30,NIFTY2621026400CE,26400.0,2026-02-10,412.9,
2026-01-07 11:06:43+05:30,NIFTY2621026400CE,26400.0,2026-02-10,412.9,
2026-01-07 11:06:44+05:30,NIFTY2621026400CE,26400.0,2026-02-10,412.9,
2026-01-07 11:06:45+05:30,NIFTY2621026400CE,26400.0,2026-02-10,412.9,
2026-01-07 11:06:46+05:30,NIFTY2621026400CE,26400.0,2026-02-10,412.9,
2026-01-07 11:06:47+05:30,NIFTY2621026400CE,26400.0,2026-02-10,412.9,
2026-01-07 11:06:48+05:30,NIFTY2621026400CE,26400.0,2026-02-10,412.9,
2026-01-07 11:06:49+05:30,NIFTY2621026400CE,26400.0,2026-02-10,412.9,
2026-01-07 11:06:50+05:30,NIFTY2621026400CE,26400.0,2026-02-10,412.9,
2026-01-07 11:06:51+05:30,NIFTY2621026400CE,26400.0,2026-02-10,412.9,
2026-01-07 11:06:52+05:30,NIFTY2621026400CE,26400.0,2026-02-10,412.9,
2026-01-07 11:06:53+05:30,NIFTY2621026400CE,26400.0,2026-02-10,412.9,
2026-01-07 11:06:54+05:30,NIFTY2621026400CE,26400.0,2026-02-10,412.9,
2026-01-07 11:06:55+05:30,NIFTY2621026400CE,26400.0,2026-02-10,412.9,
2026-01-07 11:06:56+05:30,NIFTY2621026400CE,26400.0,2026-02-10,412.9,
2026-01-07 11:06:57+05:30,NIFTY2621026400CE,26400.0,2026-02-10,412.9,
2026-01-07 11:06:58+05:30,NIFTY2621026400CE,26400.0,2026-02-10,412.9,
2026-01-07 11:06:59+05:30,NIFTY2621026400CE,26400.0,2026-02-10,412.9,
2026-01-07 11:07:00+05:30,NIFTY2621026400CE,26400.0,2026-02-10,412.9,
2026-01-07 11:07:01+05:30,NIFTY2621026400CE,26400.0,2026-02-10,412.9,
2026-01-07 11:07:02+05:30,NIFTY2621026400CE,26400.0,2026-02-10,412.9,
2026-01-07 11:07:03+05:30,NIFTY2621026400CE,26400.0,2026-02-10,412.9,
2026-01-07 11:07:04+05:30,NIFTY2621026400CE,26400.0,2026-02-10,412.9,
2026-01-07 11:07:05+05:30,NIFTY2621026400CE,26400.0,2026-02-10,412.9,
2026-01-07 11:07:06+05:30,NIFTY2621026400CE,26400.0,2026-02-10,412.9,
2026-01-07 11:07:07+05:30,NIFTY2621026400CE,26400.0,2026-02-10,412.9,
2026-01-07 11:07:08+05:30,NIFTY2621026400CE,26400.0,2026-02-10,412.9,
2026-01-07 11:07:09+05:30,NIFTY2621026400CE,26400.0,2026-02-10,412.9,
2026-01-07 11:07:10+05:30,NIFTY2621026400CE,26400.0,2026-02-10,412.9,
2026-01-07 11:07:11+05:30,NIFTY2621026400CE,26400.0,2026-02-10,412.9,
2026-01-07 11:07:12+05:30,NIFTY2621026400CE,26400.0,2026-02-10,412.9,
2026-01-07 11:07:13+05:30,NIFTY2621026400CE,26400.0,2026-02-10,412.9,
2026-01-07 11:07:14+05:30,NIFTY2621026400CE,26400.0,2026-02-10,412.9,
2026-01-07 11:07:15+05:30,NIFTY2621026400CE,26400.0,2026-02-10,412.9,
2026-01-07 11:07:16+05:30,NIFTY2621026400CE,26400.0,2026-02-10,412.9,
2026-01-07 11:07:17+05:30,NIFTY2621026400CE,26400.0,2026-02-10,412.9,
2026-01-07 11:07:18+05:30,NIFTY2621026400CE,26400.0,2026-02-10,412.9,
2026-01-07 11:07:19+05:30,NIFTY2621026400CE,26400.0,2026-02-10,412.9,
2026-01-07 11:07:20+05:30,NIFTY2621026400CE,26400.0,2026-02-10,412.9,
2026-01-07 11:07:21+05:30,NIFTY2621026400CE,26400.0,2026-02-10,412.9,
2026-01-07 11:07:22+05:30,NIFTY2621026400CE,26400.0,2026-02-10,412.9,
2026-01-07 11:07:23+05:30,NIFTY2621026400CE,26400.0,2026-02-10,412.9,
2026-01-07 11:07:24+05:30,NIFTY2621026400CE,26400.0,2026-02-10,412.9,
2026-01-07 11:07:25+05:30,NIFTY2621026400CE,26400.0,2026-02-10,412.9,
2026-01-07 11:07:26+05:30,NIFTY2621026400CE,26400.0,2026-02-10,412.9,
2026-01-07 11:07:27+05:30,NIFTY2621026400CE,26400.0,2026-02-10,412.9,
2026-01-07 11:07:28+05:30,NIFTY2621026400CE,26400.0,2026-02-10,412.9,
2026-01-07 11:07:29+05:30,NIFTY2621026400CE,26400.0,2026-02-10,412.9,
2026-01-07 11:07:30+05:30,NIFTY2621026400CE,26400.0,2026-02-10,412.9,
2026-01-07 11:07:31+05:30,NIFTY2621026400CE,26400.0,2026-02-10,412.9,
2026-01-07 11:07:32+05:30,NIFTY2621026400CE,26400.0,2026-02-10,412.9,
2026-01-07 11:07:33+05:30,NIFTY2621026400CE,26400.0,2026-02-10,412.9,
2026-01-07 11:07:34+05:30,NIFTY2621026400CE,26400.0,2026-02-10,412.9,
2026-01-07 11:07:35+05:30,NIFTY2621026400CE,26400.0,2026-02-10,412.9,
2026-01-07 11:07:36+05:30,NIFTY2621026400CE,26400.0,2026-02-10,412.9,
2026-01-07 11:07:37+05:30,NIFTY2621026400CE,26400.0,2026-02-10,412.9,
2026-01-07 11:07:38+05:30,NIFTY2621026400CE,26400.0,2026-02-10,412.9,
2026-01-07 11:07:39+05:30,NIFTY2621026400CE,26400.0,2026-02-10,412.9,
2026-01-07 11:07:40+05:30,NIFTY2621026400CE,26400.0,2026-02-10,412.9,
2026-01-07 11:07:41+05:30,NIFTY2621026400CE,26400.0,2026-02-10,412.9,
2026-01-07 11:07:42+05:30,NIFTY2621026400CE,26400.0,2026-02-10,412.9,
2026-01-07 11:07:43+05:30,NIFTY2621026400CE,26400.0,2026-02-10,412.9,
2026-01-07 11:07:44+05:30,NIFTY2621026400CE,26400.0,2026-02-10,412.9,
2026-01-07 11:07:45+05:30,NIFTY2621026400CE,26400.0,2026-02-10,412.9,
2026-01-07 11:07:46+05:30,NIFTY2621026400CE,26400.0,2026-02-10,412.9,
2026-01-07 11:07:47+05:30,NIFTY2621026400CE,26400.0,2026-02-10,412.9,
2026-01-07 11:07:48+05:30,NIFTY2621026400CE,26400.0,2026-02-10,412.9,
2026-01-07 11:07:49+05:30,NIFTY2621026400CE,26400.0,2026-02-10,412.9,
2026-01-07 11:07:50+05:30,NIFTY2621026400CE,26400.0,2026-02-10,412.9,
2026-01-07 11:07:51+05:30,NIFTY2621026400CE,26400.0,2026-02-10,412.9,
2026-01-07 11:07:52+05:30,NIFTY2621026400CE,26400.0,2026-02-10,412.9,
2026-01-07 11:07:53+05:30,NIFTY2621026400CE,26400.0,2026-02-10,412.9,
2026-01-07 11:07:54+05:30,NIFTY2621026400CE,26400.0,2026-02-10,412.9,
2026-01-07 11:07:55+05:30,NIFTY2621026400CE,26400.0,2026-02-10,412.9,
2026-01-07 11:07:56+05:30,NIFTY2621026400CE,26400.0,2026-02-10,412.9,
2026-01-07 11:07:57+05:30,NIFTY2621026400CE,26400.0,2026-02-10,412.9,
2026-01-07 11:07:58+05:30,NIFTY2621026400CE,26400.0,2026-02-10,412.9,
2026-01-07 11:07:59+05:30,NIFTY2621026400CE,26400.0,2026-02-10,412.9,
2026-01-07 11:08:00+05:30,NIFTY2621026400CE,26400.0,2026-02-10,412.9,
2026-01-07 11:08:01+05:30,NIFTY2621026400CE,26400.0,2026-02-10,412.9,
2026-01-07 11:08:02+05:30,NIFTY2621026400CE,26400.0,2026-02-10,412.9,
2026-01-07 11:08:03+05:30,NIFTY2621026400CE,26400.0,2026-02-10,412.9,
2026-01-07 11:08:04+05:30,NIFTY2621026400CE,26400.0,2026-02-10,412.9,
2026-01-07 11:08:05+05:30,NIFTY2621026400CE,26400.0,2026-02-10,412.9,
2026-01-07 11:08:06+05:30,NIFTY2621026400CE,26400.0,2026-02-10,412.9,
2026-01-07 11:08:07+05:30,NIFTY2621026400CE,26400.0,2026-02-10,412.9,
2026-01-07 11:08:08+05:30,NIFTY2621026400CE,26400.0,2026-02-10,412.9,
2026-01-07 11:08:09+05:30,NIFTY2621026400CE,26400.0,2026-02-10,412.9,
2026-01-07 11:08:10+05:30,NIFTY2621026400CE,26400.0,2026-02-10,412.9,
2026-01-07 11:08:11+05:30,NIFTY2621026400CE,26400.0,2026-02-10,412.9,
2026-01-07 11:08:12+05:30,NIFTY2621026400CE,26400.0,2026-02-10,412.9,
2026-01-07 11:08:13+05:30,NIFTY2621026400CE,26400.0,2026-02-10,412.9,
2026-01-07 11:08:14+05:30,NIFTY2621026400CE,26400.0,2026-02-10,412.9,
2026-01-07 11:08:15+05:30,NIFTY2621026400CE,26400.0,2026-02-10,412.9,
2026-01-07 11:08:16+05:30,NIFTY2621026400CE,26400.0,2026-02-10,412.9,
2026-01-07 11:08:17+05:30,NIFTY2621026400CE,26400.0,2026-02-10,412.9,
2026-01-07 11:08:18+05:30,NIFTY2621026400CE,26400.0,2026-02-10,412.9,
2026-01-07 11:08:19+05:30,NIFTY2621026400CE,26400.0,2026-02-10,412.9,
2026-01-07 11:08:20+05:30,NIFTY2621026400CE,26400.0,2026-02-10,412.9,
2026-01-07 11:08:21+05:30,NIFTY2621026400CE,26400.0,2026-02-10,412.9,
2026-01-07 11:08:22+05:30,NIFTY2621026400CE,26400.0,2026-02-10,412.9,
2026-01-07 11:08:23+05:30,NIFTY2621026400CE,26400.0,2026-02-10,412.9,
2026-01-07 11:08:24+05:30,NIFTY2621026400CE,26400.0,2026-02-10,412.9,
2026-01-07 11:08:25+05:30,NIFTY2621026400CE,26400.0,2026-02-10,412.9,
2026-01-07 11:08:26+05:30,NIFTY2621026400CE,26400.0,2026-02-10,412.9,
2026-01-07 11:08:27+05:30,NIFTY2621026400CE,26400.0,2026-02-10,412.9,
2026-01-07 11:08:28+05:30,NIFTY2621026400CE,26400.0,2026-02-10,412.9,
2026-01-07 11:08:29+05:30,NIFTY2621026400CE,26400.0,2026-02-10,412.9,
2026-01-07 11:08:30+05:30,NIFTY2621026400CE,26400.0,2026-02-10,412.9,
2026-01-07 11:08:31+05:30,NIFTY2621026400CE,26400.0,2026-02-10,412.9,
2026-01-07 11:08:32+05:30,NIFTY2621026400CE,26400.0,2026-02-10,412.9,
2026-01-07 11:08:33+05:30,NIFTY2621026400CE,26400.0,2026-02-10,412.9,
2026-01-07 11:08:34+05:30,NIFTY2621026400CE,26400.0,2026-02-10,412.9,
2026-01-07 11:08:35+05:30,NIFTY2621026400CE,26400.0,2026-02-10,412.9,
2026-01-07 11:08:36+05:30,NIFTY2621026400CE,26400.0,2026-02-10,412.9,
2026-01-07 11:08:37+05:30,NIFTY2621026400CE,26400.0,2026-02-10,412.9,
2026-01-07 11:08:38+05:30,NIFTY2621026400CE,26400.0,2026-02-10,412.9,
2026-01-07 11:08:39+05:30,NIFTY2621026400CE,26400.0,2026-02-10,412.9,
2026-01-07 11:08:40+05:30,NIFTY2621026400CE,26400.0,2026-02-10,412.9,
2026-01-07 11:08:41+05:30,NIFTY2621026400CE,26400.0,2026-02-10,412.9,
2026-01-07 11:08:42+05:30,NIFTY2621026400CE,26400.0,2026-02-10,412.9,
2026-01-07 11:08:43+05:30,NIFTY2621026400CE,26400.0,2026-02-10,412.9,
2026-01-07 11:08:44+05:30,NIFTY2621026400CE,26400.0,2026-02-10,412.9,
2026-01-07 11:08:45+05:30,NIFTY2621026400CE,26400.0,2026-02-10,412.9,
2026-01-07 11:08:46+05:30,NIFTY2621026400CE,26400.0,2026-02-10,412.9,
2026-01-07 11:08:47+05:30,NIFTY2621026400CE,26400.0,2026-02-10,412.9,
2026-01-07 11:08:48+05:30,NIFTY2621026400CE,26400.0,2026-02-10,412.9,
2026-01-07 11:08:49+05:30,NIFTY2621026400CE,26400.0,2026-02-10,412.9,
2026-01-07 11:08:50+05:30,NIFTY2621026400CE,26400.0,2026-02-10,412.9,
2026-01-07 11:08:51+05:30,NIFTY2621026400CE,26400.0,2026-02-10,412.9,
2026-01-07 11:08:52+05:30,NIFTY2621026400CE,26400.0,2026-02-10,412.9,
2026-01-07 11:08:53+05:30,NIFTY2621026400CE,26400.0,2026-02-10,412.9,
2026-01-07 11:08:54+05:30,NIFTY2621026400CE,26400.0,2026-02-10,412.9,
2026-01-07 11:08:55+05:30,NIFTY2621026400CE,26400.0,2026-02-10,412.9,
2026-01-07 11:08:56+05:30,NIFTY2621026400CE,26400.0,2026-02-10,412.9,
2026-01-07 11:08:57+05:30,NIFTY2621026400CE,26400.0,2026-02-10,412.9,
2026-01-07 11:08:58+05:30,NIFTY2621026400CE,26400.0,2026-02-10,412.9,
2026-01-07 11:08:59+05:30,NIFTY2621026400CE,26400.0,2026-02-10,412.9,
2026-01-07 11:09:00+05:30,NIFTY2621026400CE,26400.0,2026-02-10,412.9,
2026-01-07 11:09:01+05:30,NIFTY2621026400CE,26400.0,2026-02-10,412.9,
2026-01-07 11:09:02+05:30,NIFTY2621026400CE,26400.0,2026-02-10,412.9,
2026-01-07 11:09:03+05:30,NIFTY2621026400CE,26400.0,2026-02-10,412.9,
2026-01-07 11:09:04+05:30,NIFTY2621026400CE,26400.0,2026-02-10,412.9,
2026-01-07 11:09:05+05:30,NIFTY2621026400CE,26400.0,2026-02-10,412.9,
2026-01-07 11:09:06+05:30,NIFTY2621026400CE,26400.0,2026-02-10,412.9,
2026-01-07 11:09:07+05:30,NIFTY2621026400CE,26400.0,2026-02-10,412.9,
2026-01-07 11:09:08+05:30,NIFTY2621026400CE,26400.0,2026-02-10,412.9,
2026-01-07 11:09:09+05:30,NIFTY2621026400CE,26400.0,2026-02-10,412.9,
2026-01-07 11:09:10+05:30,NIFTY2621026400CE,26400.0,2026-02-10,412.9,
2026-01-07 11:09:11+05:30,NIFTY2621026400CE,26400.0,2026-02-10,412.9,
2026-01-07 11:09:12+05:30,NIFTY2621026400CE,26400.0,2026-02-10,412.9,
2026-01-07 11:09:13+05:30,NIFTY2621026400CE,26400.0,2026-02-10,412.9,
2026-01-07 11:09:14+05:30,NIFTY2621026400CE,26400.0,2026-02-10,412.9,
2026-01-07 11:09:15+05:30,NIFTY2621026400CE,26400.0,2026-02-10,412.9,
2026-01-07 11:09:16+05:30,NIFTY2621026400CE,26400.0,2026-02-10,412.9,
2026-01-07 11:09:17+05:30,NIFTY2621026400CE,26400.0,2026-02-10,412.9,
2026-01-07 11:09:18+05:30,NIFTY2621026400CE,26400.0,2026-02-10,412.9,
2026-01-07 11:09:19+05:30,NIFTY2621026400CE,26400.0,2026-02-10,412.9,
2026-01-07 11:09:20+05:30,NIFTY2621026400CE,26400.0,2026-02-10,412.9,
2026-01-07 11:09:21+05:30,NIFTY2621026400CE,26400.0,2026-02-10,412.9,
2026-01-07 11:09:22+05:30,NIFTY2621026400CE,26400.0,2026-02-10,412.9,
2026-01-07 11:09:23+05:30,NIFTY2621026400CE,26400.0,2026-02-10,412.9,
2026-01-07 11:09:24+05:30,NIFTY2621026400CE,26400.0,2026-02-10,412.9,
2026-01-07 11:09:25+05:30,NIFTY2621026400CE,26400.0,2026-02-10,412.9,
2026-01-07 11:09:26+05:30,NIFTY2621026400CE,26400.0,2026-02-10,412.9,
2026-01-07 11:09:27+05:30,NIFTY2621026400CE,26400.0,2026-02-10,412.9,
2026-01-07 11:09:28+05:30,NIFTY2621026400CE,26400.0,2026-02-10,412.9,
2026-01-07 11:09:29+05:30,NIFTY2621026400CE,26400.0,2026-02-10,412.9,
2026-01-07 11:09:30+05:30,NIFTY2621026400CE,26400.0,2026-02-10,412.9,
2026-01-07 11:09:31+05:30,NIFTY2621026400CE,26400.0,2026-02-10,412.9,
2026-01-07 11:09:32+05:30,NIFTY2621026400CE,26400.0,2026-02-10,412.9,
2026-01-07 11:09:33+05:30,NIFTY2621026400CE,26400.0,2026-02-10,412.9,
2026-01-07 11:09:34+05:30,NIFTY2621026400CE,26400.0,2026-02-10,412.9,
2026-01-07 11:09:35+05:30,NIFTY2621026400CE,26400.0,2026-02-10,412.9,
2026-01-07 11:09:36+05:30,NIFTY2621026400CE,26400.0,2026-02-10,412.9,
2026-01-07 11:09:37+05:30,NIFTY2621026400CE,26400.0,2026-02-10,412.9,
2026-01-07 11:09:38+05:30,NIFTY2621026400CE,26400.0,2026-02-10,412.9,
2026-01-07 11:09:39+05:30,NIFTY2621026400CE,26400.0,2026-02-10,412.9,
2026-01-07 11:09:40+05:30,NIFTY2621026400CE,26400.0,2026-02-10,412.9,
2026-01-07 11:09:41+05:30,NIFTY2621026400CE,26400.0,2026-02-10,412.9,
2026-01-07 11:09:42+05:30,NIFTY2621026400CE,26400.0,2026-02-10,412.9,
2026-01-07 11:09:43+05:30,NIFTY2621026400CE,26400.0,2026-02-10,412.9,
2026-01-07 11:09:44+05:30,NIFTY2621026400CE,26400.0,2026-02-10,412.9,
2026-01-07 11:09:45+05:30,NIFTY2621026400CE,26400.0,2026-02-10,412.9,
2026-01-07 11:09:46+05:30,NIFTY2621026400CE,26400.0,2026-02-10,412.9,
2026-01-07 11:09:47+05:30,NIFTY2621026400CE,26400.0,2026-02-10,412.9,
2026-01-07 11:09:48+05:30,NIFTY2621026400CE,26400.0,2026-02-10,412.9,
2026-01-07 11:09:49+05:30,NIFTY2621026400CE,26400.0,2026-02-10,412.9,
2026-01-07 11:09:50+05:30,NIFTY2621026400CE,26400.0,2026-02-10,412.9,
2026-01-07 11:09:51+05:30,NIFTY2621026400CE,26400.0,2026-02-10,412.9,
2026-01-07 11:09:52+05:30,NIFTY2621026400CE,26400.0,2026-02-10,412.9,
2026-01-07 11:09:53+05:30,NIFTY2621026400CE,26400.0,2026-02-10,412.9,
2026-01-07 11:09:54+05:30,NIFTY2621026400CE,26400.0,2026-02-10,412.9,
2026-01-07 11:09:55+05:30,NIFTY2621026400CE,26400.0,2026-02-10,412.9,
2026-01-07 11:09:56+05:30,NIFTY2621026400CE,26400.0,2026-02-10,412.9,
2026-01-07 11:09:57+05:30,NIFTY2621026400CE,26400.0,2026-02-10,412.9,
2026-01-07 11:09:58+05:30,NIFTY2621026400CE,26400.0,2026-02-10,412.9,
2026-01-07 11:09:59+05:30,NIFTY2621026400CE,26400.0,2026-02-10,412.9,
2026-01-07 11:10:00+05:30,NIFTY2621026400CE,26400.0,2026-02-10,412.9,
2026-01-07 11:10:01+05:30,NIFTY2621026400CE,26400.0,2026-02-10,412.9,
2026-01-07 11:10:02+05:30,NIFTY2621026400CE,26400.0,2026-02-10,412.9,
2026-01-07 11:10:03+05:30,NIFTY2621026400CE,26400.0,2026-02-10,412.9,
2026-01-07 11:10:04+05:30,NIFTY2621026400CE,26400.0,2026-02-10,412.9,
2026-01-07 11:10:05+05:30,NIFTY2621026400CE,26400.0,2026-02-10,412.9,
2026-01-07 11:10:06+05:30,NIFTY2621026400CE,26400.0,2026-02-10,412.9,
2026-01-07 11:10:07+05:30,NIFTY2621026400CE,26400.0,2026-02-10,412.9,
2026-01-07 11:10:08+05:30,NIFTY2621026400CE,26400.0,2026-02-10,412.9,
2026-01-07 11:10:09+05:30,NIFTY2621026400CE,26400.0,2026-02-10,412.9,
2026-01-07 11:10:10+05:30,NIFTY2621026400CE,26400.0,2026-02-10,412.9,
2026-01-07 11:10:11+05:30,NIFTY2621026400CE,26400.0,2026-02-10,412.9,
2026-01-07 11:10:12+05:30,NIFTY2621026400CE,26400.0,2026-02-10,412.9,
2026-01-07 11:10:13+05:30,NIFTY2621026400CE,26400.0,2026-02-10,412.9,
2026-01-07 11:10:14+05:30,NIFTY2621026400CE,26400.0,2026-02-10,412.9,
2026-01-07 11:10:15+05:30,NIFTY2621026400CE,26400.0,2026-02-10,412.9,
2026-01-07 11:10:16+05:30,NIFTY2621026400CE,26400.0,2026-02-10,412.9,
2026-01-07 11:10:17+05:30,NIFTY2621026400CE,26400.0,2026-02-10,412.9,
2026-01-07 11:10:18+05:30,NIFTY2621026400CE,26400.0,2026-02-10,412.9,
2026-01-07 11:10:19+05:30,NIFTY2621026400CE,26400.0,2026-02-10,412.9,
2026-01-07 11:10:20+05:30,NIFTY2621026400CE,26400.0,2026-02-10,412.9,
2026-01-07 11:10:21+05:30,NIFTY2621026400CE,26400.0,2026-02-10,412.9,
2026-01-07 11:10:22+05:30,NIFTY2621026400CE,26400.0,2026-02-10,412.9,
2026-01-07 11:10:23+05:30,NIFTY2621026400CE,26400.0,2026-02-10,412.9,
2026-01-07 11:10:24+05:30,NIFTY2621026400CE,26400.0,2026-02-10,412.9,
2026-01-07 11:10:25+05:30,NIFTY2621026400CE,26400.0,2026-02-10,412.9,
2026-01-07 11:10:26+05:30,NIFTY2621026400CE,26400.0,2026-02-10,412.9,
2026-01-07 11:10:27+05:30,NIFTY2621026400CE,26400.0,2026-02-10,412.9,
2026-01-07 11:10:28+05:30,NIFTY2621026400CE,26400.0,2026-02-10,412.9,
2026-01-07 11:10:29+05:30,NIFTY2621026400CE,26400.0,2026-02-10,412.9,
2026-01-07 11:10:30+05:30,NIFTY2621026400CE,26400.0,2026-02-10,412.9,
2026-01-07 11:10:31+05:30,NIFTY2621026400CE,26400.0,2026-02-10,412.9,
2026-01-07 11:10:32+05:30,NIFTY2621026400CE,26400.0,2026-02-10,412.9,
2026-01-07 11:10:33+05:30,NIFTY2621026400CE,26400.0,2026-02-10,412.9,
2026-01-07 11:10:34+05:30,NIFTY2621026400CE,26400.0,2026-02-10,412.9,
2026-01-07 11:10:35+05:30,NIFTY2621026400CE,26400.0,2026-02-10,412.9,
2026-01-07 11:10:36+05:30,NIFTY2621026400CE,26400.0,2026-02-10,412.9,
2026-01-07 11:10:37+05:30,NIFTY2621026400CE,26400.0,2026-02-10,412.9,
2026-01-07 11:10:38+05:30,NIFTY2621026400CE,26400.0,2026-02-10,412.9,
2026-01-07 11:10:39+05:30,NIFTY2621026400CE,26400.0,2026-02-10,412.9,
2026-01-07 11:10:40+05:30,NIFTY2621026400CE,26400.0,2026-02-10,412.9,
2026-01-07 11:10:41+05:30,NIFTY2621026400CE,26400.0,2026-02-10,412.9,
2026-01-07 11:10:42+05:30,NIFTY2621026400CE,26400.0,2026-02-10,412.9,
2026-01-07 11:10:43+05:30,NIFTY2621026400CE,26400.0,2026-02-10,412.9,
2026-01-07 11:10:44+05:30,NIFTY2621026400CE,26400.0,2026-02-10,412.9,
2026-01-07 11:10:45+05:30,NIFTY2621026400CE,26400.0,2026-02-10,412.9,
2026-01-07 11:10:46+05:30,NIFTY2621026400CE,26400.0,2026-02-10,412.9,
2026-01-07 11:10:47+05:30,NIFTY2621026400CE,26400.0,2026-02-10,412.9,
2026-01-07 11:10:48+05:30,NIFTY2621026400CE,26400.0,2026-02-10,412.9,
2026-01-07 11:10:49+05:30,NIFTY2621026400CE,26400.0,2026-02-10,412.9,
2026-01-07 11:10:50+05:30,NIFTY2621026400CE,26400.0,2026-02-10,412.9,
2026-01-07 11:10:51+05:30,NIFTY2621026400CE,26400.0,2026-02-10,412.9,
2026-01-07 11:10:52+05:30,NIFTY2621026400CE,26400.0,2026-02-10,412.9,
2026-01-07 11:10:53+05:30,NIFTY2621026400CE,26400.0,2026-02-10,412.9,
2026-01-07 11:10:54+05:30,NIFTY2621026400CE,26400.0,2026-02-10,412.9,
2026-01-07 11:10:55+05:30,NIFTY2621026400CE,26400.0,2026-02-10,412.9,
2026-01-07 11:10:56+05:30,NIFTY2621026400CE,26400.0,2026-02-10,412.9,
2026-01-07 11:10:57+05:30,NIFTY2621026400CE,26400.0,2026-02-10,412.9,
2026-01-07 11:10:58+05:30,NIFTY2621026400CE,26400.0,2026-02-10,412.9,
2026-01-07 11:10:59+05:30,NIFTY2621026400CE,26400.0,2026-02-10,412.9,
2026-01-07 11:11:00+05:30,NIFTY2621026400CE,26400.0,2026-02-10,412.9,
2026-01-07 11:11:01+05:30,NIFTY2621026400CE,26400.0,2026-02-10,412.9,
2026-01-07 11:11:02+05:30,NIFTY2621026400CE,26400.0,2026-02-10,412.9,
2026-01-07 11:11:03+05:30,NIFTY2621026400CE,26400.0,2026-02-10,412.9,
2026-01-07 11:11:04+05:30,NIFTY2621026400CE,26400.0,2026-02-10,412.9,
2026-01-07 11:11:05+05:30,NIFTY2621026400CE,26400.0,2026-02-10,412.9,
2026-01-07 11:11:06+05:30,NIFTY2621026400CE,26400.0,2026-02-10,412.9,
2026-01-07 11:11:07+05:30,NIFTY2621026400CE,26400.0,2026-02-10,412.9,
2026-01-07 11:11:08+05:30,NIFTY2621026400CE,26400.0,2026-02-10,412.9,
2026-01-07 11:11:09+05:30,NIFTY2621026400CE,26400.0,2026-02-10,412.9,
2026-01-07 11:11:10+05:30,NIFTY2621026400CE,26400.0,2026-02-10,412.9,
2026-01-07 11:11:11+05:30,NIFTY2621026400CE,26400.0,2026-02-10,412.9,
2026-01-07 11:11:12+05:30,NIFTY2621026400CE,26400.0,2026-02-10,412.9,
2026-01-07 11:11:13+05:30,NIFTY2621026400CE,26400.0,2026-02-10,412.9,
2026-01-07 11:11:14+05:30,NIFTY2621026400CE,26400.0,2026-02-10,412.9,
2026-01-07 11:11:15+05:30,NIFTY2621026400CE,26400.0,2026-02-10,412.9,
2026-01-07 11:11:16+05:30,NIFTY2621026400CE,26400.0,2026-02-10,412.9,
2026-01-07 11:11:17+05:30,NIFTY2621026400CE,26400.0,2026-02-10,412.9,
2026-01-07 11:11:18+05:30,NIFTY2621026400CE,26400.0,2026-02-10,412.9,
2026-01-07 11:11:19+05:30,NIFTY2621026400CE,26400.0,2026-02-10,412.9,
2026-01-07 11:11:20+05:30,NIFTY2621026400CE,26400.0,2026-02-10,412.9,
2026-01-07 11:11:21+05:30,NIFTY2621026400CE,26400.0,2026-02-10,412.9,
2026-01-07 11:11:22+05:30,NIFTY2621026400CE,26400.0,2026-02-10,412.9,
2026-01-07 11:11:23+05:30,NIFTY2621026400CE,26400.0,2026-02-10,412.9,
2026-01-07 11:11:24+05:30,NIFTY2621026400CE,26400.0,2026-02-10,412.9,
2026-01-07 11:11:25+05:30,NIFTY2621026400CE,26400.0,2026-02-10,412.9,
2026-01-07 11:11:26+05:30,NIFTY2621026400CE,26400.0,2026-02-10,412.9,
2026-01-07 11:11:27+05:30,NIFTY2621026400CE,26400.0,2026-02-10,412.9,
2026-01-07 11:11:28+05:30,NIFTY2621026400CE,26400.0,2026-02-10,412.9,
2026-01-07 11:11:29+05:30,NIFTY2621026400CE,26400.0,2026-02-10,412.9,
2026-01-07 11:11:30+05:30,NIFTY2621026400CE,26400.0,2026-02-10,412.9,
2026-01-07 11:11:31+05:30,NIFTY2621026400CE,26400.0,2026-02-10,412.9,
2026-01-07 11:11:32+05:30,NIFTY2621026400CE,26400.0,2026-02-10,412.9,
2026-01-07 11:11:33+05:30,NIFTY2621026400CE,26400.0,2026-02-10,412.9,
2026-01-07 11:11:34+05:30,NIFTY2621026400CE,26400.0,2026-02-10,412.9,
2026-01-07 11:11:35+05:30,NIFTY2621026400CE,26400.0,2026-02-10,412.9,
2026-01-07 11:11:36+05:30,NIFTY2621026400CE,26400.0,2026-02-10,412.9,
2026-01-07 11:11:37+05:30,NIFTY2621026400CE,26400.0,2026-02-10,412.9,
2026-01-07 11:11:38+05:30,NIFTY2621026400CE,26400.0,2026-02-10,412.9,
2026-01-07 11:11:39+05:30,NIFTY2621026400CE,26400.0,2026-02-10,412.9,
2026-01-07 11:11:40+05:30,NIFTY2621026400CE,26400.0,2026-02-10,412.9,
2026-01-07 11:11:41+05:30,NIFTY2621026400CE,26400.0,2026-02-10,412.9,
2026-01-07 11:11:42+05:30,NIFTY2621026400CE,26400.0,2026-02-10,412.9,
2026-01-07 11:11:43+05:30,NIFTY2621026400CE,26400.0,2026-02-10,412.9,
2026-01-07 11:11:44+05:30,NIFTY2621026400CE,26400.0,2026-02-10,412.9,
2026-01-07 11:11:45+05:30,NIFTY2621026400CE,26400.0,2026-02-10,412.9,
2026-01-07 11:11:46+05:30,NIFTY2621026400CE,26400.0,2026-02-10,412.9,
2026-01-07 11:11:47+05:30,NIFTY2621026400CE,26400.0,2026-02-10,412.9,
2026-01-07 11:11:48+05:30,NIFTY2621026400CE,26400.0,2026-02-10,412.9,
2026-01-07 11:11:49+05:30,NIFTY2621026400CE,26400.0,2026-02-10,412.9,
2026-01-07 11:11:50+05:30,NIFTY2621026400CE,26400.0,2026-02-10,412.9,
2026-01-07 11:11:51+05:30,NIFTY2621026400CE,26400.0,2026-02-10,412.9,
2026-01-07 11:11:52+05:30,NIFTY2621026400CE,26400.0,2026-02-10,412.9,
2026-01-07 11:11:53+05:30,NIFTY2621026400CE,26400.0,2026-02-10,412.9,
2026-01-07 11:11:54+05:30,NIFTY2621026400CE,26400.0,2026-02-10,412.9,
2026-01-07 11:11:55+05:30,NIFTY2621026400CE,26400.0,2026-02-10,412.9,
2026-01-07 11:11:56+05:30,NIFTY2621026400CE,26400.0,2026-02-10,412.9,
2026-01-07 11:11:57+05:30,NIFTY2621026400CE,26400.0,2026-02-10,412.9,
2026-01-07 11:11:58+05:30,NIFTY2621026400CE,26400.0,2026-02-10,412.9,
2026-01-07 11:11:59+05:30,NIFTY2621026400CE,26400.0,2026-02-10,412.9,
2026-01-07 11:12:00+05:30,NIFTY2621026400CE,26400.0,2026-02-10,412.9,
2026-01-07 11:12:01+05:30,NIFTY2621026400CE,26400.0,2026-02-10,412.9,
2026-01-07 11:12:02+05:30,NIFTY2621026400CE,26400.0,2026-02-10,412.9,
2026-01-07 11:12:03+05:30,NIFTY2621026400CE,26400.0,2026-02-10,412.9,
2026-01-07 11:12:04+05:30,NIFTY2621026400CE,26400.0,2026-02-10,412.9,
2026-01-07 11:12:05+05:30,NIFTY2621026400CE,26400.0,2026-02-10,412.9,
2026-01-07 11:12:06+05:30,NIFTY2621026400CE,26400.0,2026-02-10,412.9,
2026-01-07 11:12:07+05:30,NIFTY2621026400CE,26400.0,2026-02-10,412.9,
2026-01-07 11:12:08+05:30,NIFTY2621026400CE,26400.0,2026-02-10,412.9,
2026-01-07 11:12:09+05:30,NIFTY2621026400CE,26400.0,2026-02-10,412.9,
2026-01-07 11:12:10+05:30,NIFTY2621026400CE,26400.0,2026-02-10,412.9,
2026-01-07 11:12:11+05:30,NIFTY2621026400CE,26400.0,2026-02-10,412.9,
2026-01-07 11:12:12+05:30,NIFTY2621026400CE,26400.0,2026-02-10,412.9,
2026-01-07 11:12:13+05:30,NIFTY2621026400CE,26400.0,2026-02-10,412.9,
2026-01-07 11:12:14+05:30,NIFTY2621026400CE,26400.0,2026-02-10,412.9,
2026-01-07 11:12:15+05:30,NIFTY2621026400CE,26400.0,2026-02-10,412.9,
2026-01-07 11:12:16+05:30,NIFTY2621026400CE,26400.0,2026-02-10,412.9,
2026-01-07 11:12:17+05:30,NIFTY2621026400CE,26400.0,2026-02-10,412.9,
2026-01-07 11:12:18+05:30,NIFTY2621026400CE,26400.0,2026-02-10,412.9,
2026-01-07 11:12:19+05:30,NIFTY2621026400CE,26400.0,2026-02-10,412.9,
2026-01-07 11:12:20+05:30,NIFTY2621026400CE,26400.0,2026-02-10,412.9,
2026-01-07 11:12:21+05:30,NIFTY2621026400CE,26400.0,2026-02-10,412.9,
2026-01-07 11:12:22+05:30,NIFTY2621026400CE,26400.0,2026-02-10,412.9,
2026-01-07 11:12:23+05:30,NIFTY2621026400CE,26400.0,2026-02-10,412.9,
2026-01-07 11:12:24+05:30,NIFTY2621026400CE,26400.0,2026-02-10,412.9,
2026-01-07 11:12:25+05:30,NIFTY2621026400CE,26400.0,2026-02-10,412.9,
2026-01-07 11:12:26+05:30,NIFTY2621026400CE,26400.0,2026-02-10,412.9,
2026-01-07 11:12:27+05:30,NIFTY2621026400CE,26400.0,2026-02-10,412.9,
2026-01-07 11:12:28+05:30,NIFTY2621026400CE,26400.0,2026-02-10,412.9,
2026-01-07 11:12:29+05:30,NIFTY2621026400CE,26400.0,2026-02-10,412.9,
2026-01-07 11:12:30+05:30,NIFTY2621026400CE,26400.0,2026-02-10,412.9,
2026-01-07 11:12:31+05:30,NIFTY2621026400CE,26400.0,2026-02-10,412.9,
2026-01-07 11:12:32+05:30,NIFTY2621026400CE,26400.0,2026-02-10,412.9,
2026-01-07 11:12:33+05:30,NIFTY2621026400CE,26400.0,2026-02-10,412.9,
2026-01-07 11:12:34+05:30,NIFTY2621026400CE,26400.0,2026-02-10,412.9,
2026-01-07 11:12:35+05:30,NIFTY2621026400CE,26400.0,2026-02-10,412.9,
2026-01-07 11:12:36+05:30,NIFTY2621026400CE,26400.0,2026-02-10,412.9,
2026-01-07 11:12:37+05:30,NIFTY2621026400CE,26400.0,2026-02-10,412.9,
2026-01-07 11:12:38+05:30,NIFTY2621026400CE,26400.0,2026-02-10,412.9,
2026-01-07 11:12:39+05:30,NIFTY2621026400CE,26400.0,2026-02-10,412.9,
2026-01-07 11:12:40+05:30,NIFTY2621026400CE,26400.0,2026-02-10,412.9,
2026-01-07 11:12:41+05:30,NIFTY2621026400CE,26400.0,2026-02-10,412.9,
2026-01-07 11:12:42+05:30,NIFTY2621026400CE,26400.0,2026-02-10,412.9,
2026-01-07 11:12:43+05:30,NIFTY2621026400CE,26400.0,2026-02-10,412.9,
2026-01-07 11:12:44+05:30,NIFTY2621026400CE,26400.0,2026-02-10,412.9,
2026-01-07 11:12:45+05:30,NIFTY2621026400CE,26400.0,2026-02-10,412.9,
2026-01-07 11:12:46+05:30,NIFTY2621026400CE,26400.0,2026-02-10,412.9,
2026-01-07 11:12:47+05:30,NIFTY2621026400CE,26400.0,2026-02-10,412.9,
2026-01-07 11:12:48+05:30,NIFTY2621026400CE,26400.0,2026-02-10,412.9,
2026-01-07 11:12:49+05:30,NIFTY2621026400CE,26400.0,2026-02-10,412.9,
2026-01-07 11:12:50+05:30,NIFTY2621026400CE,26400.0,2026-02-10,412.9,
2026-01-07 11:12:51+05:30,NIFTY2621026400CE,26400.0,2026-02-10,412.9,
2026-01-07 11:12:52+05:30,NIFTY2621026400CE,26400.0,2026-02-10,412.9,
2026-01-07 11:12:53+05:30,NIFTY2621026400CE,26400.0,2026-02-10,412.9,
2026-01-07 11:12:54+05:30,NIFTY2621026400CE,26400.0,2026-02-10,412.9,
2026-01-07 11:12:55+05:30,NIFTY2621026400CE,26400.0,2026-02-10,412.9,
2026-01-07 11:12:56+05:30,NIFTY2621026400CE,26400.0,2026-02-10,412.9,
2026-01-07 11:12:57+05:30,NIFTY2621026400CE,26400.0,2026-02-10,412.9,
2026-01-07 11:12:58+05:30,NIFTY2621026400CE,26400.0,2026-02-10,412.9,
2026-01-07 11:12:59+05:30,NIFTY2621026400CE,26400.0,2026-02-10,412.9,
2026-01-07 11:13:00+05:30,NIFTY2621026400CE,26400.0,2026-02-10,412.9,
2026-01-07 11:13:01+05:30,NIFTY2621026400CE,26400.0,2026-02-10,412.9,
2026-01-07 11:13:02+05:30,NIFTY2621026400CE,26400.0,2026-02-10,412.9,
2026-01-07 11:13:03+05:30,NIFTY2621026400CE,26400.0,2026-02-10,412.9,
2026-01-07 11:13:04+05:30,NIFTY2621026400CE,26400.0,2026-02-10,412.9,
2026-01-07 11:13:05+05:30,NIFTY2621026400CE,26400.0,2026-02-10,412.9,
2026-01-07 11:13:06+05:30,NIFTY2621026400CE,26400.0,2026-02-10,412.9,
2026-01-07 11:13:07+05:30,NIFTY2621026400CE,26400.0,2026-02-10,412.9,
2026-01-07 11:13:08+05:30,NIFTY2621026400CE,26400.0,2026-02-10,412.9,
2026-01-07 11:13:09+05:30,NIFTY2621026400CE,26400.0,2026-02-10,412.9,
2026-01-07 11:13:10+05:30,NIFTY2621026400CE,26400.0,2026-02-10,412.9,
2026-01-07 11:13:11+05:30,NIFTY2621026400CE,26400.0,2026-02-10,412.9,
2026-01-07 11:13:12+05:30,NIFTY2621026400CE,26400.0,2026-02-10,412.9,
2026-01-07 11:13:13+05:30,NIFTY2621026400CE,26400.0,2026-02-10,412.9,
2026-01-07 11:13:14+05:30,NIFTY2621026400CE,26400.0,2026-02-10,412.9,
2026-01-07 11:13:15+05:30,NIFTY2621026400CE,26400.0,2026-02-10,412.9,
2026-01-07 11:13:16+05:30,NIFTY2621026400CE,26400.0,2026-02-10,412.9,
2026-01-07 11:13:17+05:30,NIFTY2621026400CE,26400.0,2026-02-10,412.9,
2026-01-07 11:13:18+05:30,NIFTY2621026400CE,26400.0,2026-02-10,412.9,
2026-01-07 11:13:19+05:30,NIFTY2621026400CE,26400.0,2026-02-10,412.9,
2026-01-07 11:13:20+05:30,NIFTY2621026400CE,26400.0,2026-02-10,412.9,
2026-01-07 11:13:21+05:30,NIFTY2621026400CE,26400.0,2026-02-10,412.9,
2026-01-07 11:13:22+05:30,NIFTY2621026400CE,26400.0,2026-02-10,412.9,
2026-01-07 11:13:23+05:30,NIFTY2621026400CE,26400.0,2026-02-10,412.9,
2026-01-07 11:13:24+05:30,NIFTY2621026400CE,26400.0,2026-02-10,412.9,
2026-01-07 11:13:25+05:30,NIFTY2621026400CE,26400.0,2026-02-10,412.9,
2026-01-07 11:13:26+05:30,NIFTY2621026400CE,26400.0,2026-02-10,412.9,
2026-01-07 11:13:27+05:30,NIFTY2621026400CE,26400.0,2026-02-10,412.9,
2026-01-07 11:13:28+05:30,NIFTY2621026400CE,26400.0,2026-02-10,412.9,
2026-01-07 11:13:29+05:30,NIFTY2621026400CE,26400.0,2026-02-10,412.9,
2026-01-07 11:13:30+05:30,NIFTY2621026400CE,26400.0,2026-02-10,412.9,
2026-01-07 11:13:31+05:30,NIFTY2621026400CE,26400.0,2026-02-10,412.9,
2026-01-07 11:13:32+05:30,NIFTY2621026400CE,26400.0,2026-02-10,412.9,
2026-01-07 11:13:33+05:30,NIFTY2621026400CE,26400.0,2026-02-10,412.9,
2026-01-07 11:13:34+05:30,NIFTY2621026400CE,26400.0,2026-02-10,412.9,
2026-01-07 11:13:35+05:30,NIFTY2621026400CE,26400.0,2026-02-10,412.9,
2026-01-07 11:13:36+05:30,NIFTY2621026400CE,26400.0,2026-02-10,412.9,
2026-01-07 11:13:37+05:30,NIFTY2621026400CE,26400.0,2026-02-10,412.9,
2026-01-07 11:13:38+05:30,NIFTY2621026400CE,26400.0,2026-02-10,412.9,
2026-01-07 11:13:39+05:30,NIFTY2621026400CE,26400.0,2026-02-10,412.9,
2026-01-07 11:13:40+05:30,NIFTY2621026400CE,26400.0,2026-02-10,412.9,
2026-01-07 11:13:41+05:30,NIFTY2621026400CE,26400.0,2026-02-10,412.9,
2026-01-07 11:13:42+05:30,NIFTY2621026400CE,26400.0,2026-02-10,412.9,
2026-01-07 11:13:43+05:30,NIFTY2621026400CE,26400.0,2026-02-10,412.9,
2026-01-07 11:13:44+05:30,NIFTY2621026400CE,26400.0,2026-02-10,412.9,
2026-01-07 11:13:45+05:30,NIFTY2621026400CE,26400.0,2026-02-10,412.9,
2026-01-07 11:13:46+05:30,NIFTY2621026400CE,26400.0,2026-02-10,412.9,
2026-01-07 11:13:47+05:30,NIFTY2621026400CE,26400.0,2026-02-10,412.9,
2026-01-07 11:13:48+05:30,NIFTY2621026400CE,26400.0,2026-02-10,412.9,
2026-01-07 11:13:49+05:30,NIFTY2621026400CE,26400.0,2026-02-10,412.9,
2026-01-07 11:13:50+05:30,NIFTY2621026400CE,26400.0,2026-02-10,412.9,
2026-01-07 11:13:51+05:30,NIFTY2621026400CE,26400.0,2026-02-10,412.9,
2026-01-07 11:13:52+05:30,NIFTY2621026400CE,26400.0,2026-02-10,412.9,
2026-01-07 11:13:53+05:30,NIFTY2621026400CE,26400.0,2026-02-10,412.9,
2026-01-07 11:13:54+05:30,NIFTY2621026400CE,26400.0,2026-02-10,412.9,
2026-01-07 11:13:55+05:30,NIFTY2621026400CE,26400.0,2026-02-10,412.9,
2026-01-07 11:13:56+05:30,NIFTY2621026400CE,26400.0,2026-02-10,412.9,
2026-01-07 11:13:57+05:30,NIFTY2621026400CE,26400.0,2026-02-10,412.9,
2026-01-07 11:13:58+05:30,NIFTY2621026400CE,26400.0,2026-02-10,412.9,
2026-01-07 11:13:59+05:30,NIFTY2621026400CE,26400.0,2026-02-10,412.9,
2026-01-07 11:14:00+05:30,NIFTY2621026400CE,26400.0,2026-02-10,412.9,
2026-01-07 11:14:01+05:30,NIFTY2621026400CE,26400.0,2026-02-10,412.9,
2026-01-07 11:14:02+05:30,NIFTY2621026400CE,26400.0,2026-02-10,412.9,
2026-01-07 11:14:03+05:30,NIFTY2621026400CE,26400.0,2026-02-10,412.9,
2026-01-07 11:14:04+05:30,NIFTY2621026400CE,26400.0,2026-02-10,412.9,
2026-01-07 11:14:05+05:30,NIFTY2621026400CE,26400.0,2026-02-10,412.9,
2026-01-07 11:14:06+05:30,NIFTY2621026400CE,26400.0,2026-02-10,412.9,
2026-01-07 11:14:07+05:30,NIFTY2621026400CE,26400.0,2026-02-10,412.9,
2026-01-07 11:14:08+05:30,NIFTY2621026400CE,26400.0,2026-02-10,412.9,
2026-01-07 11:14:09+05:30,NIFTY2621026400CE,26400.0,2026-02-10,412.9,
2026-01-07 11:14:10+05:30,NIFTY2621026400CE,26400.0,2026-02-10,412.9,
2026-01-07 11:14:11+05:30,NIFTY2621026400CE,26400.0,2026-02-10,412.9,
2026-01-07 11:14:12+05:30,NIFTY2621026400CE,26400.0,2026-02-10,412.9,
2026-01-07 11:14:13+05:30,NIFTY2621026400CE,26400.0,2026-02-10,412.9,
2026-01-07 11:14:14+05:30,NIFTY2621026400CE,26400.0,2026-02-10,412.9,
2026-01-07 11:14:15+05:30,NIFTY2621026400CE,26400.0,2026-02-10,412.9,
2026-01-07 11:14:16+05:30,NIFTY2621026400CE,26400.0,2026-02-10,412.9,
2026-01-07 11:14:17+05:30,NIFTY2621026400CE,26400.0,2026-02-10,412.9,
2026-01-07 11:14:18+05:30,NIFTY2621026400CE,26400.0,2026-02-10,412.9,
2026-01-07 11:14:19+05:30,NIFTY2621026400CE,26400.0,2026-02-10,412.9,
2026-01-07 11:14:20+05:30,NIFTY2621026400CE,26400.0,2026-02-10,412.9,
2026-01-07 11:14:21+05:30,NIFTY2621026400CE,26400.0,2026-02-10,412.9,
2026-01-07 11:14:22+05:30,NIFTY2621026400CE,26400.0,2026-02-10,412.9,
2026-01-07 11:14:23+05:30,NIFTY2621026400CE,26400.0,2026-02-10,412.9,
2026-01-07 11:14:24+05:30,NIFTY2621026400CE,26400.0,2026-02-10,412.9,
2026-01-07 11:14:25+05:30,NIFTY2621026400CE,26400.0,2026-02-10,412.9,
2026-01-07 11:14:26+05:30,NIFTY2621026400CE,26400.0,2026-02-10,412.9,
2026-01-07 11:14:27+05:30,NIFTY2621026400CE,26400.0,2026-02-10,412.9,
2026-01-07 11:14:28+05:30,NIFTY2621026400CE,26400.0,2026-02-10,412.9,
2026-01-07 11:14:29+05:30,NIFTY2621026400CE,26400.0,2026-02-10,412.9,
2026-01-07 11:14:30+05:30,NIFTY2621026400CE,26400.0,2026-02-10,412.9,
2026-01-07 11:14:31+05:30,NIFTY2621026400CE,26400.0,2026-02-10,412.9,
2026-01-07 11:14:32+05:30,NIFTY2621026400CE,26400.0,2026-02-10,412.9,
2026-01-07 11:14:33+05:30,NIFTY2621026400CE,26400.0,2026-02-10,412.9,
2026-01-07 11:14:34+05:30,NIFTY2621026400CE,26400.0,2026-02-10,412.9,
2026-01-07 11:14:35+05:30,NIFTY2621026400CE,26400.0,2026-02-10,412.9,
2026-01-07 11:14:36+05:30,NIFTY2621026400CE,26400.0,2026-02-10,412.9,
2026-01-07 11:14:37+05:30,NIFTY2621026400CE,26400.0,2026-02-10,412.9,
2026-01-07 11:14:38+05:30,NIFTY2621026400CE,26400.0,2026-02-10,412.9,
2026-01-07 11:14:39+05:30,NIFTY2621026400CE,26400.0,2026-02-10,412.9,
2026-01-07 11:14:40+05:30,NIFTY2621026400CE,26400.0,2026-02-10,412.9,
2026-01-07 11:14:41+05:30,NIFTY2621026400CE,26400.0,2026-02-10,412.9,
2026-01-07 11:14:42+05:30,NIFTY2621026400CE,26400.0,2026-02-10,412.9,
2026-01-07 11:14:43+05:30,NIFTY2621026400CE,26400.0,2026-02-10,412.9,
2026-01-07 11:14:44+05:30,NIFTY2621026400CE,26400.0,2026-02-10,412.9,
2026-01-07 11:14:45+05:30,NIFTY2621026400CE,26400.0,2026-02-10,412.9,
2026-01-07 11:14:46+05:30,NIFTY2621026400CE,26400.0,2026-02-10,412.9,
2026-01-07 11:14:47+05:30,NIFTY2621026400CE,26400.0,2026-02-10,412.9,
2026-01-07 11:14:48+05:30,NIFTY2621026400CE,26400.0,2026-02-10,412.9,
2026-01-07 11:14:49+05:30,NIFTY2621026400CE,26400.0,2026-02-10,412.9,
2026-01-07 11:14:50+05:30,NIFTY2621026400CE,26400.0,2026-02-10,412.9,
2026-01-07 11:14:51+05:30,NIFTY2621026400CE,26400.0,2026-02-10,412.9,
2026-01-07 11:14:52+05:30,NIFTY2621026400CE,26400.0,2026-02-10,412.9,
2026-01-07 11:14:53+05:30,NIFTY2621026400CE,26400.0,2026-02-10,412.9,
2026-01-07 11:14:54+05:30,NIFTY2621026400CE,26400.0,2026-02-10,412.9,
2026-01-07 11:14:55+05:30,NIFTY2621026400CE,26400.0,2026-02-10,412.9,
2026-01-07 11:14:56+05:30,NIFTY2621026400CE,26400.0,2026-02-10,412.9,
2026-01-07 11:14:57+05:30,NIFTY2621026400CE,26400.0,2026-02-10,412.9,
2026-01-07 11:14:58+05:30,NIFTY2621026400CE,26400.0,2026-02-10,412.9,
2026-01-07 11:14:59+05:30,NIFTY2621026400CE,26400.0,2026-02-10,412.9,
2026-01-07 11:15:00+05:30,NIFTY2621026400CE,26400.0,2026-02-10,412.9,
2026-01-07 11:15:01+05:30,NIFTY2621026400CE,26400.0,2026-02-10,412.9,
2026-01-07 11:15:02+05:30,NIFTY2621026400CE,26400.0,2026-02-10,412.9,
2026-01-07 11:15:03+05:30,NIFTY2621026400CE,26400.0,2026-02-10,412.9,
2026-01-07 11:15:04+05:30,NIFTY2621026400CE,26400.0,2026-02-10,412.9,
2026-01-07 11:15:05+05:30,NIFTY2621026400CE,26400.0,2026-02-10,412.9,
2026-01-07 11:15:06+05:30,NIFTY2621026400CE,26400.0,2026-02-10,412.9,
2026-01-07 11:15:07+05:30,NIFTY2621026400CE,26400.0,2026-02-10,412.9,
2026-01-07 11:15:08+05:30,NIFTY2621026400CE,26400.0,2026-02-10,412.9,
2026-01-07 11:15:09+05:30,NIFTY2621026400CE,26400.0,2026-02-10,412.9,
2026-01-07 11:15:10+05:30,NIFTY2621026400CE,26400.0,2026-02-10,412.9,
2026-01-07 11:15:11+05:30,NIFTY2621026400CE,26400.0,2026-02-10,412.9,
2026-01-07 11:15:12+05:30,NIFTY2621026400CE,26400.0,2026-02-10,412.9,
2026-01-07 11:15:13+05:30,NIFTY2621026400CE,26400.0,2026-02-10,412.9,
2026-01-07 11:15:14+05:30,NIFTY2621026400CE,26400.0,2026-02-10,412.9,
2026-01-07 11:15:15+05:30,NIFTY2621026400CE,26400.0,2026-02-10,412.9,
2026-01-07 11:15:16+05:30,NIFTY2621026400CE,26400.0,2026-02-10,412.9,
2026-01-07 11:15:17+05:30,NIFTY2621026400CE,26400.0,2026-02-10,412.9,
2026-01-07 11:15:18+05:30,NIFTY2621026400CE,26400.0,2026-02-10,412.9,
2026-01-07 11:15:19+05:30,NIFTY2621026400CE,26400.0,2026-02-10,412.9,
2026-01-07 11:15:20+05:30,NIFTY2621026400CE,26400.0,2026-02-10,412.9,
2026-01-07 11:15:21+05:30,NIFTY2621026400CE,26400.0,2026-02-10,412.9,
2026-01-07 11:15:22+05:30,NIFTY2621026400CE,26400.0,2026-02-10,412.9,
2026-01-07 11:15:23+05:30,NIFTY2621026400CE,26400.0,2026-02-10,412.9,
2026-01-07 11:15:24+05:30,NIFTY2621026400CE,26400.0,2026-02-10,412.9,
2026-01-07 11:15:25+05:30,NIFTY2621026400CE,26400.0,2026-02-10,412.9,
2026-01-07 11:15:26+05:30,NIFTY2621026400CE,26400.0,2026-02-10,412.9,
2026-01-07 11:15:27+05:30,NIFTY2621026400CE,26400.0,2026-02-10,412.9,
2026-01-07 11:15:28+05:30,NIFTY2621026400CE,26400.0,2026-02-10,412.9,
2026-01-07 11:15:29+05:30,NIFTY2621026400CE,26400.0,2026-02-10,412.9,
2026-01-07 11:15:30+05:30,NIFTY2621026400CE,26400.0,2026-02-10,412.9,
2026-01-07 11:15:31+05:30,NIFTY2621026400CE,26400.0,2026-02-10,412.9,
2026-01-07 11:15:32+05:30,NIFTY2621026400CE,26400.0,2026-02-10,412.9,
2026-01-07 11:15:33+05:30,NIFTY2621026400CE,26400.0,2026-02-10,412.9,
2026-01-07 11:15:34+05:30,NIFTY2621026400CE,26400.0,2026-02-10,412.9,
2026-01-07 11:15:35+05:30,NIFTY2621026400CE,26400.0,2026-02-10,412.9,
2026-01-07 11:15:36+05:30,NIFTY2621026400CE,26400.0,2026-02-10,412.9,
2026-01-07 11:15:37+05:30,NIFTY2621026400CE,26400.0,2026-02-10,412.9,
2026-01-07 11:15:38+05:30,NIFTY2621026400CE,26400.0,2026-02-10,412.9,
2026-01-07 11:15:39+05:30,NIFTY2621026400CE,26400.0,2026-02-10,412.9,
2026-01-07 11:15:40+05:30,NIFTY2621026400CE,26400.0,2026-02-10,412.9,
2026-01-07 11:15:41+05:30,NIFTY2621026400CE,26400.0,2026-02-10,412.9,
2026-01-07 11:15:42+05:30,NIFTY2621026400CE,26400.0,2026-02-10,412.9,
2026-01-07 11:15:43+05:30,NIFTY2621026400CE,26400.0,2026-02-10,412.9,
2026-01-07 11:15:44+05:30,NIFTY2621026400CE,26400.0,2026-02-10,412.9,
2026-01-07 11:15:45+05:30,NIFTY2621026400CE,26400.0,2026-02-10,412.9,
2026-01-07 11:15:46+05:30,NIFTY2621026400CE,26400.0,2026-02-10,412.9,
2026-01-07 11:15:47+05:30,NIFTY2621026400CE,26400.0,2026-02-10,412.9,
2026-01-07 11:15:48+05:30,NIFTY2621026400CE,26400.0,2026-02-10,412.9,
2026-01-07 11:15:49+05:30,NIFTY2621026400CE,26400.0,2026-02-10,412.9,
2026-01-07 11:15:50+05:30,NIFTY2621026400CE,26400.0,2026-02-10,412.9,
2026-01-07 11:15:51+05:30,NIFTY2621026400CE,26400.0,2026-02-10,412.9,
2026-01-07 11:15:52+05:30,NIFTY2621026400CE,26400.0,2026-02-10,412.9,
2026-01-07 11:15:53+05:30,NIFTY2621026400CE,26400.0,2026-02-10,412.9,
2026-01-07 11:15:54+05:30,NIFTY2621026400CE,26400.0,2026-02-10,412.9,
2026-01-07 11:15:55+05:30,NIFTY2621026400CE,26400.0,2026-02-10,412.9,
2026-01-07 11:15:56+05:30,NIFTY2621026400CE,26400.0,2026-02-10,412.9,
2026-01-07 11:15:57+05:30,NIFTY2621026400CE,26400.0,2026-02-10,412.9,
2026-01-07 11:15:58+05:30,NIFTY2621026400CE,26400.0,2026-02-10,412.9,
2026-01-07 11:15:59+05:30,NIFTY2621026400CE,26400.0,2026-02-10,412.9,
2026-01-07 11:16:00+05:30,NIFTY2621026400CE,26400.0,2026-02-10,412.9,
2026-01-07 11:16:01+05:30,NIFTY2621026400CE,26400.0,2026-02-10,412.9,
2026-01-07 11:16:02+05:30,NIFTY2621026400CE,26400.0,2026-02-10,412.9,
2026-01-07 11:16:03+05:30,NIFTY2621026400CE,26400.0,2026-02-10,412.9,
2026-01-07 11:16:04+05:30,NIFTY2621026400CE,26400.0,2026-02-10,412.9,
2026-01-07 11:16:05+05:30,NIFTY2621026400CE,26400.0,2026-02-10,412.9,
2026-01-07 11:16:06+05:30,NIFTY2621026400CE,26400.0,2026-02-10,412.9,
2026-01-07 11:16:07+05:30,NIFTY2621026400CE,26400.0,2026-02-10,412.9,
2026-01-07 11:16:08+05:30,NIFTY2621026400CE,26400.0,2026-02-10,412.9,
2026-01-07 11:16:09+05:30,NIFTY2621026400CE,26400.0,2026-02-10,412.9,
2026-01-07 11:16:10+05:30,NIFTY2621026400CE,26400.0,2026-02-10,412.9,
2026-01-07 11:16:11+05:30,NIFTY2621026400CE,26400.0,2026-02-10,412.9,
2026-01-07 11:16:12+05:30,NIFTY2621026400CE,26400.0,2026-02-10,412.9,
2026-01-07 11:16:13+05:30,NIFTY2621026400CE,26400.0,2026-02-10,412.9,
2026-01-07 11:16:14+05:30,NIFTY2621026400CE,26400.0,2026-02-10,412.9,
2026-01-07 11:16:15+05:30,NIFTY2621026400CE,26400.0,2026-02-10,412.9,
2026-01-07 11:16:16+05:30,NIFTY2621026400CE,26400.0,2026-02-10,412.9,
2026-01-07 11:16:17+05:30,NIFTY2621026400CE,26400.0,2026-02-10,412.9,
2026-01-07 11:16:18+05:30,NIFTY2621026400CE,26400.0,2026-02-10,412.9,
2026-01-07 11:16:19+05:30,NIFTY2621026400CE,26400.0,2026-02-10,412.9,
2026-01-07 11:16:20+05:30,NIFTY2621026400CE,26400.0,2026-02-10,412.9,
2026-01-07 11:16:21+05:30,NIFTY2621026400CE,26400.0,2026-02-10,412.9,
2026-01-07 11:16:22+05:30,NIFTY2621026400CE,26400.0,2026-02-10,412.9,
2026-01-07 11:16:23+05:30,NIFTY2621026400CE,26400.0,2026-02-10,412.9,
2026-01-07 11:16:24+05:30,NIFTY2621026400CE,26400.0,2026-02-10,412.9,
2026-01-07 11:16:25+05:30,NIFTY2621026400CE,26400.0,2026-02-10,412.9,
2026-01-07 11:16:26+05:30,NIFTY2621026400CE,26400.0,2026-02-10,412.9,
2026-01-07 11:16:27+05:30,NIFTY2621026400CE,26400.0,2026-02-10,412.9,
2026-01-07 11:16:28+05:30,NIFTY2621026400CE,26400.0,2026-02-10,412.9,
2026-01-07 11:16:29+05:30,NIFTY2621026400CE,26400.0,2026-02-10,412.9,
2026-01-07 11:16:30+05:30,NIFTY2621026400CE,26400.0,2026-02-10,412.9,
2026-01-07 11:16:31+05:30,NIFTY2621026400CE,26400.0,2026-02-10,412.9,
2026-01-07 11:16:32+05:30,NIFTY2621026400CE,26400.0,2026-02-10,412.9,
2026-01-07 11:16:33+05:30,NIFTY2621026400CE,26400.0,2026-02-10,412.9,
2026-01-07 11:16:34+05:30,NIFTY2621026400CE,26400.0,2026-02-10,412.9,
2026-01-07 11:16:35+05:30,NIFTY2621026400CE,26400.0,2026-02-10,412.9,
2026-01-07 11:16:36+05:30,NIFTY2621026400CE,26400.0,2026-02-10,412.9,
2026-01-07 11:16:37+05:30,NIFTY2621026400CE,26400.0,2026-02-10,412.9,
2026-01-07 11:16:38+05:30,NIFTY2621026400CE,26400.0,2026-02-10,412.9,
2026-01-07 11:16:39+05:30,NIFTY2621026400CE,26400.0,2026-02-10,412.9,
2026-01-07 11:16:40+05:30,NIFTY2621026400CE,26400.0,2026-02-10,412.9,
2026-01-07 11:16:41+05:30,NIFTY2621026400CE,26400.0,2026-02-10,412.9,
2026-01-07 11:16:42+05:30,NIFTY2621026400CE,26400.0,2026-02-10,412.9,
2026-01-07 11:16:43+05:30,NIFTY2621026400CE,26400.0,2026-02-10,412.9,
2026-01-07 11:16:44+05:30,NIFTY2621026400CE,26400.0,2026-02-10,412.9,
2026-01-07 11:16:45+05:30,NIFTY2621026400CE,26400.0,2026-02-10,412.9,
2026-01-07 11:16:46+05:30,NIFTY2621026400CE,26400.0,2026-02-10,412.9,
2026-01-07 11:16:47+05:30,NIFTY2621026400CE,26400.0,2026-02-10,412.9,
2026-01-07 11:16:48+05:30,NIFTY2621026400CE,26400.0,2026-02-10,412.9,
2026-01-07 11:16:49+05:30,NIFTY2621026400CE,26400.0,2026-02-10,412.9,
2026-01-07 11:16:50+05:30,NIFTY2621026400CE,26400.0,2026-02-10,412.9,
2026-01-07 11:16:51+05:30,NIFTY2621026400CE,26400.0,2026-02-10,412.9,
2026-01-07 11:16:52+05:30,NIFTY2621026400CE,26400.0,2026-02-10,412.9,
2026-01-07 11:16:53+05:30,NIFTY2621026400CE,26400.0,2026-02-10,412.9,
2026-01-07 11:16:54+05:30,NIFTY2621026400CE,26400.0,2026-02-10,412.9,
2026-01-07 11:16:55+05:30,NIFTY2621026400CE,26400.0,2026-02-10,412.9,
2026-01-07 11:16:56+05:30,NIFTY2621026400CE,26400.0,2026-02-10,412.9,
2026-01-07 11:16:57+05:30,NIFTY2621026400CE,26400.0,2026-02-10,412.9,
2026-01-07 11:16:58+05:30,NIFTY2621026400CE,26400.0,2026-02-10,412.9,
2026-01-07 11:16:59+05:30,NIFTY2621026400CE,26400.0,2026-02-10,412.9,
2026-01-07 11:17:00+05:30,NIFTY2621026400CE,26400.0,2026-02-10,412.9,
2026-01-07 11:17:01+05:30,NIFTY2621026400CE,26400.0,2026-02-10,412.9,
2026-01-07 11:17:02+05:30,NIFTY2621026400CE,26400.0,2026-02-10,412.9,
2026-01-07 11:17:03+05:30,NIFTY2621026400CE,26400.0,2026-02-10,412.9,
2026-01-07 11:17:04+05:30,NIFTY2621026400CE,26400.0,2026-02-10,412.9,
2026-01-07 11:17:05+05:30,NIFTY2621026400CE,26400.0,2026-02-10,412.9,
2026-01-07 11:17:06+05:30,NIFTY2621026400CE,26400.0,2026-02-10,412.9,
2026-01-07 11:17:07+05:30,NIFTY2621026400CE,26400.0,2026-02-10,412.9,
2026-01-07 11:17:08+05:30,NIFTY2621026400CE,26400.0,2026-02-10,412.9,
2026-01-07 11:17:09+05:30,NIFTY2621026400CE,26400.0,2026-02-10,412.9,
2026-01-07 11:17:10+05:30,NIFTY2621026400CE,26400.0,2026-02-10,412.9,
2026-01-07 11:17:11+05:30,NIFTY2621026400CE,26400.0,2026-02-10,412.9,
2026-01-07 11:17:12+05:30,NIFTY2621026400CE,26400.0,2026-02-10,412.9,
2026-01-07 11:17:13+05:30,NIFTY2621026400CE,26400.0,2026-02-10,412.9,
2026-01-07 11:17:14+05:30,NIFTY2621026400CE,26400.0,2026-02-10,412.9,
2026-01-07 11:17:15+05:30,NIFTY2621026400CE,26400.0,2026-02-10,412.9,
2026-01-07 11:17:16+05:30,NIFTY2621026400CE,26400.0,2026-02-10,412.9,
2026-01-07 11:17:17+05:30,NIFTY2621026400CE,26400.0,2026-02-10,412.9,
2026-01-07 11:17:18+05:30,NIFTY2621026400CE,26400.0,2026-02-10,412.9,
2026-01-07 11:17:19+05:30,NIFTY2621026400CE,26400.0,2026-02-10,412.9,
2026-01-07 11:17:20+05:30,NIFTY2621026400CE,26400.0,2026-02-10,412.9,
2026-01-07 11:17:21+05:30,NIFTY2621026400CE,26400.0,2026-02-10,412.9,
2026-01-07 11:17:22+05:30,NIFTY2621026400CE,26400.0,2026-02-10,412.9,
2026-01-07 11:17:23+05:30,NIFTY2621026400CE,26400.0,2026-02-10,412.9,
2026-01-07 11:17:24+05:30,NIFTY2621026400CE,26400.0,2026-02-10,412.9,
2026-01-07 11:17:25+05:30,NIFTY2621026400CE,26400.0,2026-02-10,412.9,
2026-01-07 11:17:26+05:30,NIFTY2621026400CE,26400.0,2026-02-10,412.9,
2026-01-07 11:17:27+05:30,NIFTY2621026400CE,26400.0,2026-02-10,412.9,
2026-01-07 11:17:28+05:30,NIFTY2621026400CE,26400.0,2026-02-10,412.9,
2026-01-07 11:17:29+05:30,NIFTY2621026400CE,26400.0,2026-02-10,412.9,
2026-01-07 11:17:30+05:30,NIFTY2621026400CE,26400.0,2026-02-10,412.9,
2026-01-07 11:17:31+05:30,NIFTY2621026400CE,26400.0,2026-02-10,412.9,
2026-01-07 11:17:32+05:30,NIFTY2621026400CE,26400.0,2026-02-10,412.9,
2026-01-07 11:17:33+05:30,NIFTY2621026400CE,26400.0,2026-02-10,412.9,
2026-01-07 11:17:34+05:30,NIFTY2621026400CE,26400.0,2026-02-10,412.9,
2026-01-07 11:17:35+05:30,NIFTY2621026400CE,26400.0,2026-02-10,412.9,
2026-01-07 11:17:36+05:30,NIFTY2621026400CE,26400.0,2026-02-10,412.9,
2026-01-07 11:17:37+05:30,NIFTY2621026400CE,26400.0,2026-02-10,412.9,
2026-01-07 11:17:38+05:30,NIFTY2621026400CE,26400.0,2026-02-10,412.9,
2026-01-07 11:17:39+05:30,NIFTY2621026400CE,26400.0,2026-02-10,412.9,
2026-01-07 11:17:40+05:30,NIFTY2621026400CE,26400.0,2026-02-10,412.9,
2026-01-07 11:17:41+05:30,NIFTY2621026400CE,26400.0,2026-02-10,412.9,
2026-01-07 11:17:42+05:30,NIFTY2621026400CE,26400.0,2026-02-10,412.9,
2026-01-07 11:17:43+05:30,NIFTY2621026400CE,26400.0,2026-02-10,412.9,
2026-01-07 11:17:44+05:30,NIFTY2621026400CE,26400.0,2026-02-10,412.9,
2026-01-07 11:17:45+05:30,NIFTY2621026400CE,26400.0,2026-02-10,412.9,
2026-01-07 11:17:46+05:30,NIFTY2621026400CE,26400.0,2026-02-10,412.9,
2026-01-07 11:17:47+05:30,NIFTY2621026400CE,26400.0,2026-02-10,412.9,
2026-01-07 11:17:48+05:30,NIFTY2621026400CE,26400.0,2026-02-10,412.9,
2026-01-07 11:17:49+05:30,NIFTY2621026400CE,26400.0,2026-02-10,412.9,
2026-01-07 11:17:50+05:30,NIFTY2621026400CE,26400.0,2026-02-10,412.9,
2026-01-07 11:17:51+05:30,NIFTY2621026400CE,26400.0,2026-02-10,412.9,
2026-01-07 11:17:52+05:30,NIFTY2621026400CE,26400.0,2026-02-10,412.9,
2026-01-07 11:17:53+05:30,NIFTY2621026400CE,26400.0,2026-02-10,412.9,
2026-01-07 11:17:54+05:30,NIFTY2621026400CE,26400.0,2026-02-10,412.9,
2026-01-07 11:17:55+05:30,NIFTY2621026400CE,26400.0,2026-02-10,412.9,
2026-01-07 11:17:56+05:30,NIFTY2621026400CE,26400.0,2026-02-10,412.9,
2026-01-07 11:17:57+05:30,NIFTY2621026400CE,26400.0,2026-02-10,412.9,
2026-01-07 11:17:58+05:30,NIFTY2621026400CE,26400.0,2026-02-10,412.9,
2026-01-07 11:17:59+05:30,NIFTY2621026400CE,26400.0,2026-02-10,412.9,
2026-01-07 11:18:00+05:30,NIFTY2621026400CE,26400.0,2026-02-10,412.9,
2026-01-07 11:18:01+05:30,NIFTY2621026400CE,26400.0,2026-02-10,412.9,
2026-01-07 11:18:02+05:30,NIFTY2621026400CE,26400.0,2026-02-10,412.9,
2026-01-07 11:18:03+05:30,NIFTY2621026400CE,26400.0,2026-02-10,412.9,
2026-01-07 11:18:04+05:30,NIFTY2621026400CE,26400.0,2026-02-10,412.9,
2026-01-07 11:18:05+05:30,NIFTY2621026400CE,26400.0,2026-02-10,412.9,
2026-01-07 11:18:06+05:30,NIFTY2621026400CE,26400.0,2026-02-10,412.9,
2026-01-07 11:18:07+05:30,NIFTY2621026400CE,26400.0,2026-02-10,412.9,
2026-01-07 11:18:08+05:30,NIFTY2621026400CE,26400.0,2026-02-10,412.9,
2026-01-07 11:18:09+05:30,NIFTY2621026400CE,26400.0,2026-02-10,412.9,
2026-01-07 11:18:10+05:30,NIFTY2621026400CE,26400.0,2026-02-10,412.9,
2026-01-07 11:18:11+05:30,NIFTY2621026400CE,26400.0,2026-02-10,412.9,
2026-01-07 11:18:12+05:30,NIFTY2621026400CE,26400.0,2026-02-10,412.9,
2026-01-07 11:18:13+05:30,NIFTY2621026400CE,26400.0,2026-02-10,412.9,
2026-01-07 11:18:14+05:30,NIFTY2621026400CE,26400.0,2026-02-10,412.9,
2026-01-07 11:18:15+05:30,NIFTY2621026400CE,26400.0,2026-02-10,412.9,
2026-01-07 11:18:16+05:30,NIFTY2621026400CE,26400.0,2026-02-10,412.9,
2026-01-07 11:18:17+05:30,NIFTY2621026400CE,26400.0,2026-02-10,412.9,
2026-01-07 11:18:18+05:30,NIFTY2621026400CE,26400.0,2026-02-10,412.9,
2026-01-07 11:18:19+05:30,NIFTY2621026400CE,26400.0,2026-02-10,412.9,
2026-01-07 11:18:20+05:30,NIFTY2621026400CE,26400.0,2026-02-10,412.9,
2026-01-07 11:18:21+05:30,NIFTY2621026400CE,26400.0,2026-02-10,412.9,
2026-01-07 11:18:22+05:30,NIFTY2621026400CE,26400.0,2026-02-10,412.9,
2026-01-07 11:18:23+05:30,NIFTY2621026400CE,26400.0,2026-02-10,412.9,
2026-01-07 11:18:24+05:30,NIFTY2621026400CE,26400.0,2026-02-10,412.9,
2026-01-07 11:18:25+05:30,NIFTY2621026400CE,26400.0,2026-02-10,412.9,
2026-01-07 11:18:26+05:30,NIFTY2621026400CE,26400.0,2026-02-10,412.9,
2026-01-07 11:18:27+05:30,NIFTY2621026400CE,26400.0,2026-02-10,412.9,
2026-01-07 11:18:28+05:30,NIFTY2621026400CE,26400.0,2026-02-10,412.9,
2026-01-07 11:18:29+05:30,NIFTY2621026400CE,26400.0,2026-02-10,412.9,
2026-01-07 11:18:30+05:30,NIFTY2621026400CE,26400.0,2026-02-10,412.9,
2026-01-07 11:18:31+05:30,NIFTY2621026400CE,26400.0,2026-02-10,412.9,
2026-01-07 11:18:32+05:30,NIFTY2621026400CE,26400.0,2026-02-10,412.9,
2026-01-07 11:18:33+05:30,NIFTY2621026400CE,26400.0,2026-02-10,412.9,
2026-01-07 11:18:34+05:30,NIFTY2621026400CE,26400.0,2026-02-10,412.9,
2026-01-07 11:18:35+05:30,NIFTY2621026400CE,26400.0,2026-02-10,412.9,
2026-01-07 11:18:36+05:30,NIFTY2621026400CE,26400.0,2026-02-10,412.9,
2026-01-07 11:18:37+05:30,NIFTY2621026400CE,26400.0,2026-02-10,412.9,
2026-01-07 11:18:38+05:30,NIFTY2621026400CE,26400.0,2026-02-10,412.9,
2026-01-07 11:18:39+05:30,NIFTY2621026400CE,26400.0,2026-02-10,412.9,
2026-01-07 11:18:40+05:30,NIFTY2621026400CE,26400.0,2026-02-10,412.9,
2026-01-07 11:18:41+05:30,NIFTY2621026400CE,26400.0,2026-02-10,412.9,
2026-01-07 11:18:42+05:30,NIFTY2621026400CE,26400.0,2026-02-10,412.9,
2026-01-07 11:18:43+05:30,NIFTY2621026400CE,26400.0,2026-02-10,412.9,
2026-01-07 11:18:44+05:30,NIFTY2621026400CE,26400.0,2026-02-10,412.9,
2026-01-07 11:18:45+05:30,NIFTY2621026400CE,26400.0,2026-02-10,412.9,
2026-01-07 11:18:46+05:30,NIFTY2621026400CE,26400.0,2026-02-10,412.9,
2026-01-07 11:18:47+05:30,NIFTY2621026400CE,26400.0,2026-02-10,412.9,
2026-01-07 11:18:48+05:30,NIFTY2621026400CE,26400.0,2026-02-10,412.9,
2026-01-07 11:18:49+05:30,NIFTY2621026400CE,26400.0,2026-02-10,412.9,
2026-01-07 11:18:50+05:30,NIFTY2621026400CE,26400.0,2026-02-10,412.9,
2026-01-07 11:18:51+05:30,NIFTY2621026400CE,26400.0,2026-02-10,412.9,
2026-01-07 11:18:52+05:30,NIFTY2621026400CE,26400.0,2026-02-10,412.9,
2026-01-07 11:18:53+05:30,NIFTY2621026400CE,26400.0,2026-02-10,412.9,
2026-01-07 11:18:54+05:30,NIFTY2621026400CE,26400.0,2026-02-10,412.9,
2026-01-07 11:18:55+05:30,NIFTY2621026400CE,26400.0,2026-02-10,412.9,
2026-01-07 11:18:56+05:30,NIFTY2621026400CE,26400.0,2026-02-10,412.9,
2026-01-07 11:18:57+05:30,NIFTY2621026400CE,26400.0,2026-02-10,412.9,
2026-01-07 11:18:58+05:30,NIFTY2621026400CE,26400.0,2026-02-10,412.9,
2026-01-07 11:18:59+05:30,NIFTY2621026400CE,26400.0,2026-02-10,412.9,
2026-01-07 11:19:00+05:30,NIFTY2621026400CE,26400.0,2026-02-10,412.9,
2026-01-07 11:19:01+05:30,NIFTY2621026400CE,26400.0,2026-02-10,412.9,
2026-01-07 11:19:02+05:30,NIFTY2621026400CE,26400.0,2026-02-10,412.9,
2026-01-07 11:19:03+05:30,NIFTY2621026400CE,26400.0,2026-02-10,412.9,
2026-01-07 11:19:04+05:30,NIFTY2621026400CE,26400.0,2026-02-10,412.9,
2026-01-07 11:19:05+05:30,NIFTY2621026400CE,26400.0,2026-02-10,412.9,
2026-01-07 11:19:06+05:30,NIFTY2621026400CE,26400.0,2026-02-10,412.9,
2026-01-07 11:19:07+05:30,NIFTY2621026400CE,26400.0,2026-02-10,412.9,
2026-01-07 11:19:08+05:30,NIFTY2621026400CE,26400.0,2026-02-10,412.9,
2026-01-07 11:19:09+05:30,NIFTY2621026400CE,26400.0,2026-02-10,412.9,
2026-01-07 11:19:10+05:30,NIFTY2621026400CE,26400.0,2026-02-10,412.9,
2026-01-07 11:19:11+05:30,NIFTY2621026400CE,26400.0,2026-02-10,412.9,
2026-01-07 11:19:12+05:30,NIFTY2621026400CE,26400.0,2026-02-10,412.9,
2026-01-07 11:19:13+05:30,NIFTY2621026400CE,26400.0,2026-02-10,412.9,
2026-01-07 11:19:14+05:30,NIFTY2621026400CE,26400.0,2026-02-10,412.9,
2026-01-07 11:19:15+05:30,NIFTY2621026400CE,26400.0,2026-02-10,412.9,
2026-01-07 11:19:16+05:30,NIFTY2621026400CE,26400.0,2026-02-10,412.9,
2026-01-07 11:19:17+05:30,NIFTY2621026400CE,26400.0,2026-02-10,412.9,
2026-01-07 11:19:18+05:30,NIFTY2621026400CE,26400.0,2026-02-10,412.9,
2026-01-07 11:19:19+05:30,NIFTY2621026400CE,26400.0,2026-02-10,412.9,
2026-01-07 11:19:20+05:30,NIFTY2621026400CE,26400.0,2026-02-10,412.9,
2026-01-07 11:19:21+05:30,NIFTY2621026400CE,26400.0,2026-02-10,412.9,
2026-01-07 11:19:22+05:30,NIFTY2621026400CE,26400.0,2026-02-10,412.9,
2026-01-07 11:19:23+05:30,NIFTY2621026400CE,26400.0,2026-02-10,412.9,
2026-01-07 11:19:24+05:30,NIFTY2621026400CE,26400.0,2026-02-10,412.9,
2026-01-07 11:19:25+05:30,NIFTY2621026400CE,26400.0,2026-02-10,412.9,
2026-01-07 11:19:26+05:30,NIFTY2621026400CE,26400.0,2026-02-10,412.9,
2026-01-07 11:19:27+05:30,NIFTY2621026400CE,26400.0,2026-02-10,412.9,
2026-01-07 11:19:28+05:30,NIFTY2621026400CE,26400.0,2026-02-10,412.9,
2026-01-07 11:19:29+05:30,NIFTY2621026400CE,26400.0,2026-02-10,412.9,
2026-01-07 11:19:30+05:30,NIFTY2621026400CE,26400.0,2026-02-10,412.9,
2026-01-07 11:19:31+05:30,NIFTY2621026400CE,26400.0,2026-02-10,412.9,
2026-01-07 11:19:32+05:30,NIFTY2621026400CE,26400.0,2026-02-10,412.9,
2026-01-07 11:19:33+05:30,NIFTY2621026400CE,26400.0,2026-02-10,412.9,
2026-01-07 11:19:34+05:30,NIFTY2621026400CE,26400.0,2026-02-10,412.9,
2026-01-07 11:19:35+05:30,NIFTY2621026400CE,26400.0,2026-02-10,412.9,
2026-01-07 11:19:36+05:30,NIFTY2621026400CE,26400.0,2026-02-10,412.9,
2026-01-07 11:19:37+05:30,NIFTY2621026400CE,26400.0,2026-02-10,412.9,
2026-01-07 11:19:38+05:30,NIFTY2621026400CE,26400.0,2026-02-10,412.9,
2026-01-07 11:19:39+05:30,NIFTY2621026400CE,26400.0,2026-02-10,412.9,
2026-01-07 11:19:40+05:30,NIFTY2621026400CE,26400.0,2026-02-10,412.9,
2026-01-07 11:19:41+05:30,NIFTY2621026400CE,26400.0,2026-02-10,412.9,
2026-01-07 11:19:42+05:30,NIFTY2621026400CE,26400.0,2026-02-10,412.9,
2026-01-07 11:19:43+05:30,NIFTY2621026400CE,26400.0,2026-02-10,412.9,
2026-01-07 11:19:44+05:30,NIFTY2621026400CE,26400.0,2026-02-10,412.9,
2026-01-07 11:19:45+05:30,NIFTY2621026400CE,26400.0,2026-02-10,412.9,
2026-01-07 11:19:46+05:30,NIFTY2621026400CE,26400.0,2026-02-10,412.9,
2026-01-07 11:19:47+05:30,NIFTY2621026400CE,26400.0,2026-02-10,412.9,
2026-01-07 11:19:48+05:30,NIFTY2621026400CE,26400.0,2026-02-10,412.9,
2026-01-07 11:19:49+05:30,NIFTY2621026400CE,26400.0,2026-02-10,412.9,
2026-01-07 11:19:50+05:30,NIFTY2621026400CE,26400.0,2026-02-10,412.9,
2026-01-07 11:19:51+05:30,NIFTY2621026400CE,26400.0,2026-02-10,412.9,
2026-01-07 11:19:52+05:30,NIFTY2621026400CE,26400.0,2026-02-10,412.9,
2026-01-07 11:19:53+05:30,NIFTY2621026400CE,26400.0,2026-02-10,412.9,
2026-01-07 11:19:54+05:30,NIFTY2621026400CE,26400.0,2026-02-10,412.9,
2026-01-07 11:19:55+05:30,NIFTY2621026400CE,26400.0,2026-02-10,412.9,
2026-01-07 11:19:56+05:30,NIFTY2621026400CE,26400.0,2026-02-10,412.9,
2026-01-07 11:19:57+05:30,NIFTY2621026400CE,26400.0,2026-02-10,412.9,
2026-01-07 11:19:58+05:30,NIFTY2621026400CE,26400.0,2026-02-10,412.9,
2026-01-07 11:19:59+05:30,NIFTY2621026400CE,26400.0,2026-02-10,412.9,
2026-01-07 11:20:00+05:30,NIFTY2621026400CE,26400.0,2026-02-10,412.9,
2026-01-07 11:20:01+05:30,NIFTY2621026400CE,26400.0,2026-02-10,412.9,
2026-01-07 11:20:02+05:30,NIFTY2621026400CE,26400.0,2026-02-10,412.9,
2026-01-07 11:20:03+05:30,NIFTY2621026400CE,26400.0,2026-02-10,412.9,
2026-01-07 11:20:04+05:30,NIFTY2621026400CE,26400.0,2026-02-10,412.9,
2026-01-07 11:20:05+05:30,NIFTY2621026400CE,26400.0,2026-02-10,412.9,
2026-01-07 11:20:06+05:30,NIFTY2621026400CE,26400.0,2026-02-10,412.9,
2026-01-07 11:20:07+05:30,NIFTY2621026400CE,26400.0,2026-02-10,412.9,
2026-01-07 11:20:08+05:30,NIFTY2621026400CE,26400.0,2026-02-10,412.9,
2026-01-07 11:20:09+05:30,NIFTY2621026400CE,26400.0,2026-02-10,412.9,
2026-01-07 11:20:10+05:30,NIFTY2621026400CE,26400.0,2026-02-10,412.9,
2026-01-07 11:20:11+05:30,NIFTY2621026400CE,26400.0,2026-02-10,412.9,
2026-01-07 11:20:12+05:30,NIFTY2621026400CE,26400.0,2026-02-10,412.9,
2026-01-07 11:20:13+05:30,NIFTY2621026400CE,26400.0,2026-02-10,412.9,
2026-01-07 11:20:14+05:30,NIFTY2621026400CE,26400.0,2026-02-10,412.9,
2026-01-07 11:20:15+05:30,NIFTY2621026400CE,26400.0,2026-02-10,412.9,
2026-01-07 11:20:16+05:30,NIFTY2621026400CE,26400.0,2026-02-10,412.9,
2026-01-07 11:20:17+05:30,NIFTY2621026400CE,26400.0,2026-02-10,412.9,
2026-01-07 11:20:18+05:30,NIFTY2621026400CE,26400.0,2026-02-10,412.9,
2026-01-07 11:20:19+05:30,NIFTY2621026400CE,26400.0,2026-02-10,412.9,
2026-01-07 11:20:20+05:30,NIFTY2621026400CE,26400.0,2026-02-10,412.9,
2026-01-07 11:20:21+05:30,NIFTY2621026400CE,26400.0,2026-02-10,412.9,
2026-01-07 11:20:22+05:30,NIFTY2621026400CE,26400.0,2026-02-10,412.9,
2026-01-07 11:20:23+05:30,NIFTY2621026400CE,26400.0,2026-02-10,412.9,
2026-01-07 11:20:24+05:30,NIFTY2621026400CE,26400.0,2026-02-10,412.9,
2026-01-07 11:20:25+05:30,NIFTY2621026400CE,26400.0,2026-02-10,412.9,
2026-01-07 11:20:26+05:30,NIFTY2621026400CE,26400.0,2026-02-10,412.9,
2026-01-07 11:20:27+05:30,NIFTY2621026400CE,26400.0,2026-02-10,412.9,
2026-01-07 11:20:28+05:30,NIFTY2621026400CE,26400.0,2026-02-10,412.9,
2026-01-07 11:20:29+05:30,NIFTY2621026400CE,26400.0,2026-02-10,412.9,
2026-01-07 11:20:30+05:30,NIFTY2621026400CE,26400.0,2026-02-10,412.9,
2026-01-07 11:20:31+05:30,NIFTY2621026400CE,26400.0,2026-02-10,412.9,
2026-01-07 11:20:32+05:30,NIFTY2621026400CE,26400.0,2026-02-10,412.9,
2026-01-07 11:20:33+05:30,NIFTY2621026400CE,26400.0,2026-02-10,412.9,
2026-01-07 11:20:34+05:30,NIFTY2621026400CE,26400.0,2026-02-10,412.9,
2026-01-07 11:20:35+05:30,NIFTY2621026400CE,26400.0,2026-02-10,412.9,
2026-01-07 11:20:36+05:30,NIFTY2621026400CE,26400.0,2026-02-10,412.9,
2026-01-07 11:20:37+05:30,NIFTY2621026400CE,26400.0,2026-02-10,412.9,
2026-01-07 11:20:38+05:30,NIFTY2621026400CE,26400.0,2026-02-10,412.9,
2026-01-07 11:20:39+05:30,NIFTY2621026400CE,26400.0,2026-02-10,412.9,
2026-01-07 11:20:40+05:30,NIFTY2621026400CE,26400.0,2026-02-10,412.9,
2026-01-07 11:20:41+05:30,NIFTY2621026400CE,26400.0,2026-02-10,412.9,
2026-01-07 11:20:42+05:30,NIFTY2621026400CE,26400.0,2026-02-10,412.9,
2026-01-07 11:20:43+05:30,NIFTY2621026400CE,26400.0,2026-02-10,412.9,
2026-01-07 11:20:44+05:30,NIFTY2621026400CE,26400.0,2026-02-10,412.9,
2026-01-07 11:20:45+05:30,NIFTY2621026400CE,26400.0,2026-02-10,412.9,
2026-01-07 11:20:46+05:30,NIFTY2621026400CE,26400.0,2026-02-10,412.9,
2026-01-07 11:20:47+05:30,NIFTY2621026400CE,26400.0,2026-02-10,412.9,
2026-01-07 11:20:48+05:30,NIFTY2621026400CE,26400.0,2026-02-10,412.9,
2026-01-07 11:20:49+05:30,NIFTY2621026400CE,26400.0,2026-02-10,412.9,
2026-01-07 11:20:50+05:30,NIFTY2621026400CE,26400.0,2026-02-10,412.9,
2026-01-07 11:20:51+05:30,NIFTY2621026400CE,26400.0,2026-02-10,412.9,
2026-01-07 11:20:52+05:30,NIFTY2621026400CE,26400.0,2026-02-10,412.9,
2026-01-07 11:20:53+05:30,NIFTY2621026400CE,26400.0,2026-02-10,412.9,
2026-01-07 11:20:54+05:30,NIFTY2621026400CE,26400.0,2026-02-10,412.9,
2026-01-07 11:20:55+05:30,NIFTY2621026400CE,26400.0,2026-02-10,412.9,
2026-01-07 11:20:56+05:30,NIFTY2621026400CE,26400.0,2026-02-10,412.9,
2026-01-07 11:20:57+05:30,NIFTY2621026400CE,26400.0,2026-02-10,412.9,
2026-01-07 11:20:58+05:30,NIFTY2621026400CE,26400.0,2026-02-10,412.9,
2026-01-07 11:20:59+05:30,NIFTY2621026400CE,26400.0,2026-02-10,412.9,
2026-01-07 11:21:00+05:30,NIFTY2621026400CE,26400.0,2026-02-10,412.9,
2026-01-07 11:21:01+05:30,NIFTY2621026400CE,26400.0,2026-02-10,412.9,
2026-01-07 11:21:02+05:30,NIFTY2621026400CE,26400.0,2026-02-10,412.9,
2026-01-07 11:21:03+05:30,NIFTY2621026400CE,26400.0,2026-02-10,412.9,
2026-01-07 11:21:04+05:30,NIFTY2621026400CE,26400.0,2026-02-10,412.9,
2026-01-07 11:21:05+05:30,NIFTY2621026400CE,26400.0,2026-02-10,412.9,
2026-01-07 11:21:06+05:30,NIFTY2621026400CE,26400.0,2026-02-10,412.9,
2026-01-07 11:21:07+05:30,NIFTY2621026400CE,26400.0,2026-02-10,412.9,
2026-01-07 11:21:08+05:30,NIFTY2621026400CE,26400.0,2026-02-10,412.9,
2026-01-07 11:21:09+05:30,NIFTY2621026400CE,26400.0,2026-02-10,412.9,
2026-01-07 11:21:10+05:30,NIFTY2621026400CE,26400.0,2026-02-10,412.9,
2026-01-07 11:21:11+05:30,NIFTY2621026400CE,26400.0,2026-02-10,412.9,
2026-01-07 11:21:12+05:30,NIFTY2621026400CE,26400.0,2026-02-10,412.9,
2026-01-07 11:21:13+05:30,NIFTY2621026400CE,26400.0,2026-02-10,412.9,
2026-01-07 11:21:14+05:30,NIFTY2621026400CE,26400.0,2026-02-10,412.9,
2026-01-07 11:21:15+05:30,NIFTY2621026400CE,26400.0,2026-02-10,412.9,
2026-01-07 11:21:16+05:30,NIFTY2621026400CE,26400.0,2026-02-10,412.9,
2026-01-07 11:21:17+05:30,NIFTY2621026400CE,26400.0,2026-02-10,412.9,
2026-01-07 11:21:18+05:30,NIFTY2621026400CE,26400.0,2026-02-10,412.9,
2026-01-07 11:21:19+05:30,NIFTY2621026400CE,26400.0,2026-02-10,412.9,
2026-01-07 11:21:20+05:30,NIFTY2621026400CE,26400.0,2026-02-10,412.9,
2026-01-07 11:21:21+05:30,NIFTY2621026400CE,26400.0,2026-02-10,412.9,
2026-01-07 11:21:22+05:30,NIFTY2621026400CE,26400.0,2026-02-10,412.9,
2026-01-07 11:21:23+05:30,NIFTY2621026400CE,26400.0,2026-02-10,412.9,
2026-01-07 11:21:24+05:30,NIFTY2621026400CE,26400.0,2026-02-10,412.9,
2026-01-07 11:21:25+05:30,NIFTY2621026400CE,26400.0,2026-02-10,412.9,
2026-01-07 11:21:26+05:30,NIFTY2621026400CE,26400.0,2026-02-10,412.9,
2026-01-07 11:21:27+05:30,NIFTY2621026400CE,26400.0,2026-02-10,412.9,
2026-01-07 11:21:28+05:30,NIFTY2621026400CE,26400.0,2026-02-10,412.9,
2026-01-07 11:21:29+05:30,NIFTY2621026400CE,26400.0,2026-02-10,412.9,
2026-01-07 11:21:30+05:30,NIFTY2621026400CE,26400.0,2026-02-10,412.9,
2026-01-07 11:21:31+05:30,NIFTY2621026400CE,26400.0,2026-02-10,412.9,
2026-01-07 11:21:32+05:30,NIFTY2621026400CE,26400.0,2026-02-10,412.9,
2026-01-07 11:21:33+05:30,NIFTY2621026400CE,26400.0,2026-02-10,412.9,
2026-01-07 11:21:34+05:30,NIFTY2621026400CE,26400.0,2026-02-10,412.9,
2026-01-07 11:21:35+05:30,NIFTY2621026400CE,26400.0,2026-02-10,412.9,
2026-01-07 11:21:36+05:30,NIFTY2621026400CE,26400.0,2026-02-10,412.9,
2026-01-07 11:21:37+05:30,NIFTY2621026400CE,26400.0,2026-02-10,412.9,
2026-01-07 11:21:38+05:30,NIFTY2621026400CE,26400.0,2026-02-10,412.9,
2026-01-07 11:21:39+05:30,NIFTY2621026400CE,26400.0,2026-02-10,412.9,
2026-01-07 11:21:40+05:30,NIFTY2621026400CE,26400.0,2026-02-10,412.9,
2026-01-07 11:21:41+05:30,NIFTY2621026400CE,26400.0,2026-02-10,412.9,
2026-01-07 11:21:42+05:30,NIFTY2621026400CE,26400.0,2026-02-10,412.9,
2026-01-07 11:21:43+05:30,NIFTY2621026400CE,26400.0,2026-02-10,412.9,
2026-01-07 11:21:44+05:30,NIFTY2621026400CE,26400.0,2026-02-10,412.9,
2026-01-07 11:21:45+05:30,NIFTY2621026400CE,26400.0,2026-02-10,412.9,
2026-01-07 11:21:46+05:30,NIFTY2621026400CE,26400.0,2026-02-10,412.9,
2026-01-07 11:21:47+05:30,NIFTY2621026400CE,26400.0,2026-02-10,412.9,
2026-01-07 11:21:48+05:30,NIFTY2621026400CE,26400.0,2026-02-10,412.9,
2026-01-07 11:21:49+05:30,NIFTY2621026400CE,26400.0,2026-02-10,412.9,
2026-01-07 11:21:50+05:30,NIFTY2621026400CE,26400.0,2026-02-10,412.9,
2026-01-07 11:21:51+05:30,NIFTY2621026400CE,26400.0,2026-02-10,412.9,
2026-01-07 11:21:52+05:30,NIFTY2621026400CE,26400.0,2026-02-10,412.9,
2026-01-07 11:21:53+05:30,NIFTY2621026400CE,26400.0,2026-02-10,412.9,
2026-01-07 11:21:54+05:30,NIFTY2621026400CE,26400.0,2026-02-10,412.9,
2026-01-07 11:21:55+05:30,NIFTY2621026400CE,26400.0,2026-02-10,412.9,
2026-01-07 11:21:56+05:30,NIFTY2621026400CE,26400.0,2026-02-10,412.9,
2026-01-07 11:21:57+05:30,NIFTY2621026400CE,26400.0,2026-02-10,412.9,
2026-01-07 11:21:58+05:30,NIFTY2621026400CE,26400.0,2026-02-10,412.9,
2026-01-07 11:21:59+05:30,NIFTY2621026400CE,26400.0,2026-02-10,412.9,
2026-01-07 11:22:00+05:30,NIFTY2621026400CE,26400.0,2026-02-10,412.9,
2026-01-07 11:22:01+05:30,NIFTY2621026400CE,26400.0,2026-02-10,412.9,
2026-01-07 11:22:02+05:30,NIFTY2621026400CE,26400.0,2026-02-10,412.9,
2026-01-07 11:22:03+05:30,NIFTY2621026400CE,26400.0,2026-02-10,412.9,
2026-01-07 11:22:04+05:30,NIFTY2621026400CE,26400.0,2026-02-10,412.9,
2026-01-07 11:22:05+05:30,NIFTY2621026400CE,26400.0,2026-02-10,412.9,
2026-01-07 11:22:06+05:30,NIFTY2621026400CE,26400.0,2026-02-10,412.9,
2026-01-07 11:22:07+05:30,NIFTY2621026400CE,26400.0,2026-02-10,412.9,
2026-01-07 11:22:08+05:30,NIFTY2621026400CE,26400.0,2026-02-10,412.9,
2026-01-07 11:22:09+05:30,NIFTY2621026400CE,26400.0,2026-02-10,412.9,
2026-01-07 11:22:10+05:30,NIFTY2621026400CE,26400.0,2026-02-10,412.9,
2026-01-07 11:22:11+05:30,NIFTY2621026400CE,26400.0,2026-02-10,412.9,
2026-01-07 11:22:12+05:30,NIFTY2621026400CE,26400.0,2026-02-10,412.9,
2026-01-07 11:22:13+05:30,NIFTY2621026400CE,26400.0,2026-02-10,412.9,
2026-01-07 11:22:14+05:30,NIFTY2621026400CE,26400.0,2026-02-10,412.9,
2026-01-07 11:22:15+05:30,NIFTY2621026400CE,26400.0,2026-02-10,412.9,
2026-01-07 11:22:16+05:30,NIFTY2621026400CE,26400.0,2026-02-10,412.9,
2026-01-07 11:22:17+05:30,NIFTY2621026400CE,26400.0,2026-02-10,412.9,
2026-01-07 11:22:18+05:30,NIFTY2621026400CE,26400.0,2026-02-10,412.9,
2026-01-07 11:22:19+05:30,NIFTY2621026400CE,26400.0,2026-02-10,412.9,
2026-01-07 11:22:20+05:30,NIFTY2621026400CE,26400.0,2026-02-10,412.9,
2026-01-07 11:22:21+05:30,NIFTY2621026400CE,26400.0,2026-02-10,412.9,
2026-01-07 11:22:22+05:30,NIFTY2621026400CE,26400.0,2026-02-10,412.9,
2026-01-07 11:22:23+05:30,NIFTY2621026400CE,26400.0,2026-02-10,412.9,
2026-01-07 11:22:24+05:30,NIFTY2621026400CE,26400.0,2026-02-10,412.9,
2026-01-07 11:22:25+05:30,NIFTY2621026400CE,26400.0,2026-02-10,412.9,
2026-01-07 11:22:26+05:30,NIFTY2621026400CE,26400.0,2026-02-10,412.9,
2026-01-07 11:22:27+05:30,NIFTY2621026400CE,26400.0,2026-02-10,412.9,
2026-01-07 11:22:28+05:30,NIFTY2621026400CE,26400.0,2026-02-10,412.9,
2026-01-07 11:22:29+05:30,NIFTY2621026400CE,26400.0,2026-02-10,412.9,
2026-01-07 11:22:30+05:30,NIFTY2621026400CE,26400.0,2026-02-10,412.9,
2026-01-07 11:22:31+05:30,NIFTY2621026400CE,26400.0,2026-02-10,412.9,
2026-01-07 11:22:32+05:30,NIFTY2621026400CE,26400.0,2026-02-10,412.9,
2026-01-07 11:22:33+05:30,NIFTY2621026400CE,26400.0,2026-02-10,412.9,
2026-01-07 11:22:34+05:30,NIFTY2621026400CE,26400.0,2026-02-10,412.9,
2026-01-07 11:22:35+05:30,NIFTY2621026400CE,26400.0,2026-02-10,412.9,
2026-01-07 11:22:36+05:30,NIFTY2621026400CE,26400.0,2026-02-10,412.9,
2026-01-07 11:22:37+05:30,NIFTY2621026400CE,26400.0,2026-02-10,412.9,
2026-01-07 11:22:38+05:30,NIFTY2621026400CE,26400.0,2026-02-10,412.9,
2026-01-07 11:22:39+05:30,NIFTY2621026400CE,26400.0,2026-02-10,412.9,
2026-01-07 11:22:40+05:30,NIFTY2621026400CE,26400.0,2026-02-10,412.9,
2026-01-07 11:22:41+05:30,NIFTY2621026400CE,26400.0,2026-02-10,412.9,
2026-01-07 11:22:42+05:30,NIFTY2621026400CE,26400.0,2026-02-10,412.9,
2026-01-07 11:22:43+05:30,NIFTY2621026400CE,26400.0,2026-02-10,412.9,
2026-01-07 11:22:44+05:30,NIFTY2621026400CE,26400.0,2026-02-10,412.9,
2026-01-07 11:22:45+05:30,NIFTY2621026400CE,26400.0,2026-02-10,412.9,
2026-01-07 11:22:46+05:30,NIFTY2621026400CE,26400.0,2026-02-10,412.9,
2026-01-07 11:22:47+05:30,NIFTY2621026400CE,26400.0,2026-02-10,412.9,
2026-01-07 11:22:48+05:30,NIFTY2621026400CE,26400.0,2026-02-10,412.9,
2026-01-07 11:22:49+05:30,NIFTY2621026400CE,26400.0,2026-02-10,412.9,
2026-01-07 11:22:50+05:30,NIFTY2621026400CE,26400.0,2026-02-10,412.9,
2026-01-07 11:22:51+05:30,NIFTY2621026400CE,26400.0,2026-02-10,412.9,
2026-01-07 11:22:52+05:30,NIFTY2621026400CE,26400.0,2026-02-10,412.9,
2026-01-07 11:22:53+05:30,NIFTY2621026400CE,26400.0,2026-02-10,412.9,
2026-01-07 11:22:54+05:30,NIFTY2621026400CE,26400.0,2026-02-10,412.9,
2026-01-07 11:22:55+05:30,NIFTY2621026400CE,26400.0,2026-02-10,412.9,
2026-01-07 11:22:56+05:30,NIFTY2621026400CE,26400.0,2026-02-10,412.9,
2026-01-07 11:22:57+05:30,NIFTY2621026400CE,26400.0,2026-02-10,412.9,
2026-01-07 11:22:58+05:30,NIFTY2621026400CE,26400.0,2026-02-10,412.9,
2026-01-07 11:22:59+05:30,NIFTY2621026400CE,26400.0,2026-02-10,412.9,
2026-01-07 11:23:00+05:30,NIFTY2621026400CE,26400.0,2026-02-10,412.9,
2026-01-07 11:23:01+05:30,NIFTY2621026400CE,26400.0,2026-02-10,412.9,
2026-01-07 11:23:02+05:30,NIFTY2621026400CE,26400.0,2026-02-10,412.9,
2026-01-07 11:23:03+05:30,NIFTY2621026400CE,26400.0,2026-02-10,412.9,
2026-01-07 11:23:04+05:30,NIFTY2621026400CE,26400.0,2026-02-10,412.9,
2026-01-07 11:23:05+05:30,NIFTY2621026400CE,26400.0,2026-02-10,412.9,
2026-01-07 11:23:06+05:30,NIFTY2621026400CE,26400.0,2026-02-10,412.9,
2026-01-07 11:23:07+05:30,NIFTY2621026400CE,26400.0,2026-02-10,412.9,
2026-01-07 11:23:08+05:30,NIFTY2621026400CE,26400.0,2026-02-10,412.9,
2026-01-07 11:23:09+05:30,NIFTY2621026400CE,26400.0,2026-02-10,412.9,
2026-01-07 11:23:10+05:30,NIFTY2621026400CE,26400.0,2026-02-10,412.9,
2026-01-07 11:23:11+05:30,NIFTY2621026400CE,26400.0,2026-02-10,412.9,
2026-01-07 11:23:12+05:30,NIFTY2621026400CE,26400.0,2026-02-10,412.9,
2026-01-07 11:23:13+05:30,NIFTY2621026400CE,26400.0,2026-02-10,412.9,
2026-01-07 11:23:14+05:30,NIFTY2621026400CE,26400.0,2026-02-10,412.9,
2026-01-07 11:23:15+05:30,NIFTY2621026400CE,26400.0,2026-02-10,412.9,
2026-01-07 11:23:16+05:30,NIFTY2621026400CE,26400.0,2026-02-10,412.9,
2026-01-07 11:23:17+05:30,NIFTY2621026400CE,26400.0,2026-02-10,412.9,
2026-01-07 11:23:18+05:30,NIFTY2621026400CE,26400.0,2026-02-10,412.9,
2026-01-07 11:23:19+05:30,NIFTY2621026400CE,26400.0,2026-02-10,412.9,
2026-01-07 11:23:20+05:30,NIFTY2621026400CE,26400.0,2026-02-10,412.9,
2026-01-07 11:23:21+05:30,NIFTY2621026400CE,26400.0,2026-02-10,412.9,
2026-01-07 11:23:22+05:30,NIFTY2621026400CE,26400.0,2026-02-10,412.9,
2026-01-07 11:23:23+05:30,NIFTY2621026400CE,26400.0,2026-02-10,412.9,
2026-01-07 11:23:24+05:30,NIFTY2621026400CE,26400.0,2026-02-10,412.9,
2026-01-07 11:23:25+05:30,NIFTY2621026400CE,26400.0,2026-02-10,412.9,
2026-01-07 11:23:26+05:30,NIFTY2621026400CE,26400.0,2026-02-10,412.9,
2026-01-07 11:23:27+05:30,NIFTY2621026400CE,26400.0,2026-02-10,412.9,
2026-01-07 11:23:28+05:30,NIFTY2621026400CE,26400.0,2026-02-10,412.9,
2026-01-07 11:23:29+05:30,NIFTY2621026400CE,26400.0,2026-02-10,412.9,
2026-01-07 11:23:30+05:30,NIFTY2621026400CE,26400.0,2026-02-10,412.9,
2026-01-07 11:23:31+05:30,NIFTY2621026400CE,26400.0,2026-02-10,412.9,
2026-01-07 11:23:32+05:30,NIFTY2621026400CE,26400.0,2026-02-10,412.9,
2026-01-07 11:23:33+05:30,NIFTY2621026400CE,26400.0,2026-02-10,412.9,
2026-01-07 11:23:34+05:30,NIFTY2621026400CE,26400.0,2026-02-10,412.9,
2026-01-07 11:23:35+05:30,NIFTY2621026400CE,26400.0,2026-02-10,412.9,
2026-01-07 11:23:36+05:30,NIFTY2621026400CE,26400.0,2026-02-10,412.9,
2026-01-07 11:23:37+05:30,NIFTY2621026400CE,26400.0,2026-02-10,412.9,
2026-01-07 11:23:38+05:30,NIFTY2621026400CE,26400.0,2026-02-10,412.9,
2026-01-07 11:23:39+05:30,NIFTY2621026400CE,26400.0,2026-02-10,412.9,
2026-01-07 11:23:40+05:30,NIFTY2621026400CE,26400.0,2026-02-10,412.9,
2026-01-07 11:23:41+05:30,NIFTY2621026400CE,26400.0,2026-02-10,412.9,
2026-01-07 11:23:42+05:30,NIFTY2621026400CE,26400.0,2026-02-10,412.9,
2026-01-07 11:23:43+05:30,NIFTY2621026400CE,26400.0,2026-02-10,412.9,
2026-01-07 11:23:44+05:30,NIFTY2621026400CE,26400.0,2026-02-10,412.9,
2026-01-07 11:23:45+05:30,NIFTY2621026400CE,26400.0,2026-02-10,412.9,
2026-01-07 11:23:46+05:30,NIFTY2621026400CE,26400.0,2026-02-10,412.9,
2026-01-07 11:23:47+05:30,NIFTY2621026400CE,26400.0,2026-02-10,412.9,
2026-01-07 11:23:48+05:30,NIFTY2621026400CE,26400.0,2026-02-10,412.9,
2026-01-07 11:23:49+05:30,NIFTY2621026400CE,26400.0,2026-02-10,412.9,
2026-01-07 11:23:50+05:30,NIFTY2621026400CE,26400.0,2026-02-10,412.9,
2026-01-07 11:23:51+05:30,NIFTY2621026400CE,26400.0,2026-02-10,412.9,
2026-01-07 11:23:52+05:30,NIFTY2621026400CE,26400.0,2026-02-10,412.9,
2026-01-07 11:23:53+05:30,NIFTY2621026400CE,26400.0,2026-02-10,412.9,
2026-01-07 11:23:54+05:30,NIFTY2621026400CE,26400.0,2026-02-10,412.9,
2026-01-07 11:23:55+05:30,NIFTY2621026400CE,26400.0,2026-02-10,412.9,
2026-01-07 11:23:56+05:30,NIFTY2621026400CE,26400.0,2026-02-10,412.9,
2026-01-07 11:23:57+05:30,NIFTY2621026400CE,26400.0,2026-02-10,412.9,
2026-01-07 11:23:58+05:30,NIFTY2621026400CE,26400.0,2026-02-10,412.9,
2026-01-07 11:23:59+05:30,NIFTY2621026400CE,26400.0,2026-02-10,412.9,
2026-01-07 11:24:00+05:30,NIFTY2621026400CE,26400.0,2026-02-10,412.9,
2026-01-07 11:24:01+05:30,NIFTY2621026400CE,26400.0,2026-02-10,412.9,
2026-01-07 11:24:02+05:30,NIFTY2621026400CE,26400.0,2026-02-10,412.9,
2026-01-07 11:24:03+05:30,NIFTY2621026400CE,26400.0,2026-02-10,412.9,
2026-01-07 11:24:04+05:30,NIFTY2621026400CE,26400.0,2026-02-10,412.9,
2026-01-07 11:24:05+05:30,NIFTY2621026400CE,26400.0,2026-02-10,412.9,
2026-01-07 11:24:06+05:30,NIFTY2621026400CE,26400.0,2026-02-10,412.9,
2026-01-07 11:24:07+05:30,NIFTY2621026400CE,26400.0,2026-02-10,412.9,
2026-01-07 11:24:08+05:30,NIFTY2621026400CE,26400.0,2026-02-10,412.9,
2026-01-07 11:24:09+05:30,NIFTY2621026400CE,26400.0,2026-02-10,412.9,
2026-01-07 11:24:10+05:30,NIFTY2621026400CE,26400.0,2026-02-10,412.9,
2026-01-07 11:24:11+05:30,NIFTY2621026400CE,26400.0,2026-02-10,412.9,
2026-01-07 11:24:12+05:30,NIFTY2621026400CE,26400.0,2026-02-10,412.9,
2026-01-07 11:24:13+05:30,NIFTY2621026400CE,26400.0,2026-02-10,412.9,
2026-01-07 11:24:14+05:30,NIFTY2621026400CE,26400.0,2026-02-10,412.9,
2026-01-07 11:24:15+05:30,NIFTY2621026400CE,26400.0,2026-02-10,412.9,
2026-01-07 11:24:16+05:30,NIFTY2621026400CE,26400.0,2026-02-10,412.9,
2026-01-07 11:24:17+05:30,NIFTY2621026400CE,26400.0,2026-02-10,412.9,
2026-01-07 11:24:18+05:30,NIFTY2621026400CE,26400.0,2026-02-10,412.9,
2026-01-07 11:24:19+05:30,NIFTY2621026400CE,26400.0,2026-02-10,412.9,
2026-01-07 11:24:20+05:30,NIFTY2621026400CE,26400.0,2026-02-10,412.9,
2026-01-07 11:24:21+05:30,NIFTY2621026400CE,26400.0,2026-02-10,412.9,
2026-01-07 11:24:22+05:30,NIFTY2621026400CE,26400.0,2026-02-10,412.9,
2026-01-07 11:24:23+05:30,NIFTY2621026400CE,26400.0,2026-02-10,412.9,
2026-01-07 11:24:24+05:30,NIFTY2621026400CE,26400.0,2026-02-10,412.9,
2026-01-07 11:24:25+05:30,NIFTY2621026400CE,26400.0,2026-02-10,412.9,
2026-01-07 11:24:26+05:30,NIFTY2621026400CE,26400.0,2026-02-10,412.9,
2026-01-07 11:24:27+05:30,NIFTY2621026400CE,26400.0,2026-02-10,412.9,
2026-01-07 11:24:28+05:30,NIFTY2621026400CE,26400.0,2026-02-10,412.9,
2026-01-07 11:24:29+05:30,NIFTY2621026400CE,26400.0,2026-02-10,412.9,
2026-01-07 11:24:30+05:30,NIFTY2621026400CE,26400.0,2026-02-10,412.9,
2026-01-07 11:24:31+05:30,NIFTY2621026400CE,26400.0,2026-02-10,412.9,
2026-01-07 11:24:32+05:30,NIFTY2621026400CE,26400.0,2026-02-10,412.9,
2026-01-07 11:24:33+05:30,NIFTY2621026400CE,26400.0,2026-02-10,412.9,
2026-01-07 11:24:34+05:30,NIFTY2621026400CE,26400.0,2026-02-10,412.9,
2026-01-07 11:24:35+05:30,NIFTY2621026400CE,26400.0,2026-02-10,412.9,
2026-01-07 11:24:36+05:30,NIFTY2621026400CE,26400.0,2026-02-10,412.9,
2026-01-07 11:24:37+05:30,NIFTY2621026400CE,26400.0,2026-02-10,412.9,
2026-01-07 11:24:38+05:30,NIFTY2621026400CE,26400.0,2026-02-10,412.9,
2026-01-07 11:24:39+05:30,NIFTY2621026400CE,26400.0,2026-02-10,412.9,
2026-01-07 11:24:40+05:30,NIFTY2621026400CE,26400.0,2026-02-10,412.9,
2026-01-07 11:24:41+05:30,NIFTY2621026400CE,26400.0,2026-02-10,412.9,
2026-01-07 11:24:42+05:30,NIFTY2621026400CE,26400.0,2026-02-10,412.9,
2026-01-07 11:24:43+05:30,NIFTY2621026400CE,26400.0,2026-02-10,412.9,
2026-01-07 11:24:44+05:30,NIFTY2621026400CE,26400.0,2026-02-10,412.9,
2026-01-07 11:24:45+05:30,NIFTY2621026400CE,26400.0,2026-02-10,412.9,
2026-01-07 11:24:46+05:30,NIFTY2621026400CE,26400.0,2026-02-10,412.9,
2026-01-07 11:24:47+05:30,NIFTY2621026400CE,26400.0,2026-02-10,412.9,
2026-01-07 11:24:48+05:30,NIFTY2621026400CE,26400.0,2026-02-10,412.9,
2026-01-07 11:24:49+05:30,NIFTY2621026400CE,26400.0,2026-02-10,412.9,
2026-01-07 11:24:50+05:30,NIFTY2621026400CE,26400.0,2026-02-10,412.9,
2026-01-07 11:24:51+05:30,NIFTY2621026400CE,26400.0,2026-02-10,412.9,
2026-01-07 11:24:52+05:30,NIFTY2621026400CE,26400.0,2026-02-10,412.9,
2026-01-07 11:24:53+05:30,NIFTY2621026400CE,26400.0,2026-02-10,412.9,
2026-01-07 11:24:54+05:30,NIFTY2621026400CE,26400.0,2026-02-10,412.9,
2026-01-07 11:24:55+05:30,NIFTY2621026400CE,26400.0,2026-02-10,412.9,
2026-01-07 11:24:56+05:30,NIFTY2621026400CE,26400.0,2026-02-10,412.9,
2026-01-07 11:24:57+05:30,NIFTY2621026400CE,26400.0,2026-02-10,412.9,
2026-01-07 11:24:58+05:30,NIFTY2621026400CE,26400.0,2026-02-10,412.9,
2026-01-07 11:24:59+05:30,NIFTY2621026400CE,26400.0,2026-02-10,412.9,
2026-01-07 11:25:00+05:30,NIFTY2621026400CE,26400.0,2026-02-10,412.9,
2026-01-07 11:25:01+05:30,NIFTY2621026400CE,26400.0,2026-02-10,412.9,
2026-01-07 11:25:02+05:30,NIFTY2621026400CE,26400.0,2026-02-10,412.9,
2026-01-07 11:25:03+05:30,NIFTY2621026400CE,26400.0,2026-02-10,412.9,
2026-01-07 11:25:04+05:30,NIFTY2621026400CE,26400.0,2026-02-10,412.9,
2026-01-07 11:25:05+05:30,NIFTY2621026400CE,26400.0,2026-02-10,412.9,
2026-01-07 11:25:06+05:30,NIFTY2621026400CE,26400.0,2026-02-10,412.9,
2026-01-07 11:25:07+05:30,NIFTY2621026400CE,26400.0,2026-02-10,412.9,
2026-01-07 11:25:08+05:30,NIFTY2621026400CE,26400.0,2026-02-10,412.9,
2026-01-07 11:25:09+05:30,NIFTY2621026400CE,26400.0,2026-02-10,412.9,
2026-01-07 11:25:10+05:30,NIFTY2621026400CE,26400.0,2026-02-10,412.9,
2026-01-07 11:25:11+05:30,NIFTY2621026400CE,26400.0,2026-02-10,412.9,
2026-01-07 11:25:12+05:30,NIFTY2621026400CE,26400.0,2026-02-10,412.9,
2026-01-07 11:25:13+05:30,NIFTY2621026400CE,26400.0,2026-02-10,412.9,
2026-01-07 11:25:14+05:30,NIFTY2621026400CE,26400.0,2026-02-10,412.9,
2026-01-07 11:25:15+05:30,NIFTY2621026400CE,26400.0,2026-02-10,412.9,
2026-01-07 11:25:16+05:30,NIFTY2621026400CE,26400.0,2026-02-10,412.9,
2026-01-07 11:25:17+05:30,NIFTY2621026400CE,26400.0,2026-02-10,412.9,
2026-01-07 11:25:18+05:30,NIFTY2621026400CE,26400.0,2026-02-10,412.9,
2026-01-07 11:25:19+05:30,NIFTY2621026400CE,26400.0,2026-02-10,412.9,
2026-01-07 11:25:20+05:30,NIFTY2621026400CE,26400.0,2026-02-10,412.9,
2026-01-07 11:25:21+05:30,NIFTY2621026400CE,26400.0,2026-02-10,412.9,
2026-01-07 11:25:22+05:30,NIFTY2621026400CE,26400.0,2026-02-10,412.9,
2026-01-07 11:25:23+05:30,NIFTY2621026400CE,26400.0,2026-02-10,412.9,
2026-01-07 11:25:24+05:30,NIFTY2621026400CE,26400.0,2026-02-10,412.9,
2026-01-07 11:25:25+05:30,NIFTY2621026400CE,26400.0,2026-02-10,412.9,
2026-01-07 11:25:26+05:30,NIFTY2621026400CE,26400.0,2026-02-10,412.9,
2026-01-07 11:25:27+05:30,NIFTY2621026400CE,26400.0,2026-02-10,412.9,
2026-01-07 11:25:28+05:30,NIFTY2621026400CE,26400.0,2026-02-10,412.9,
2026-01-07 11:25:29+05:30,NIFTY2621026400CE,26400.0,2026-02-10,412.9,
2026-01-07 11:25:30+05:30,NIFTY2621026400CE,26400.0,2026-02-10,412.9,
2026-01-07 11:25:31+05:30,NIFTY2621026400CE,26400.0,2026-02-10,412.9,
2026-01-07 11:25:32+05:30,NIFTY2621026400CE,26400.0,2026-02-10,412.9,
2026-01-07 11:25:33+05:30,NIFTY2621026400CE,26400.0,2026-02-10,412.9,
2026-01-07 11:25:34+05:30,NIFTY2621026400CE,26400.0,2026-02-10,412.9,
2026-01-07 11:25:35+05:30,NIFTY2621026400CE,26400.0,2026-02-10,412.9,
2026-01-07 11:25:36+05:30,NIFTY2621026400CE,26400.0,2026-02-10,412.9,
2026-01-07 11:25:37+05:30,NIFTY2621026400CE,26400.0,2026-02-10,412.9,
2026-01-07 11:25:38+05:30,NIFTY2621026400CE,26400.0,2026-02-10,412.9,
2026-01-07 11:25:39+05:30,NIFTY2621026400CE,26400.0,2026-02-10,412.9,
2026-01-07 11:25:40+05:30,NIFTY2621026400CE,26400.0,2026-02-10,412.9,
2026-01-07 11:25:41+05:30,NIFTY2621026400CE,26400.0,2026-02-10,412.9,
2026-01-07 11:25:42+05:30,NIFTY2621026400CE,26400.0,2026-02-10,412.9,
2026-01-07 11:25:43+05:30,NIFTY2621026400CE,26400.0,2026-02-10,412.9,
2026-01-07 11:25:44+05:30,NIFTY2621026400CE,26400.0,2026-02-10,412.9,
2026-01-07 11:25:45+05:30,NIFTY2621026400CE,26400.0,2026-02-10,412.9,
2026-01-07 11:25:46+05:30,NIFTY2621026400CE,26400.0,2026-02-10,412.9,
2026-01-07 11:25:47+05:30,NIFTY2621026400CE,26400.0,2026-02-10,412.9,
2026-01-07 11:25:48+05:30,NIFTY2621026400CE,26400.0,2026-02-10,412.9,
2026-01-07 11:25:49+05:30,NIFTY2621026400CE,26400.0,2026-02-10,412.9,
2026-01-07 11:25:50+05:30,NIFTY2621026400CE,26400.0,2026-02-10,412.9,
2026-01-07 11:25:51+05:30,NIFTY2621026400CE,26400.0,2026-02-10,412.9,
2026-01-07 11:25:52+05:30,NIFTY2621026400CE,26400.0,2026-02-10,412.9,
2026-01-07 11:25:53+05:30,NIFTY2621026400CE,26400.0,2026-02-10,412.9,
2026-01-07 11:25:54+05:30,NIFTY2621026400CE,26400.0,2026-02-10,412.9,
2026-01-07 11:25:55+05:30,NIFTY2621026400CE,26400.0,2026-02-10,412.9,
2026-01-07 11:25:56+05:30,NIFTY2621026400CE,26400.0,2026-02-10,412.9,
2026-01-07 11:25:57+05:30,NIFTY2621026400CE,26400.0,2026-02-10,412.9,
2026-01-07 11:25:58+05:30,NIFTY2621026400CE,26400.0,2026-02-10,412.9,
2026-01-07 11:25:59+05:30,NIFTY2621026400CE,26400.0,2026-02-10,412.9,
2026-01-07 11:26:00+05:30,NIFTY2621026400CE,26400.0,2026-02-10,412.9,
2026-01-07 11:26:01+05:30,NIFTY2621026400CE,26400.0,2026-02-10,412.9,
2026-01-07 11:26:02+05:30,NIFTY2621026400CE,26400.0,2026-02-10,412.9,
2026-01-07 11:26:03+05:30,NIFTY2621026400CE,26400.0,2026-02-10,412.9,
2026-01-07 11:26:04+05:30,NIFTY2621026400CE,26400.0,2026-02-10,412.9,
2026-01-07 11:26:05+05:30,NIFTY2621026400CE,26400.0,2026-02-10,412.9,
2026-01-07 11:26:06+05:30,NIFTY2621026400CE,26400.0,2026-02-10,412.9,
2026-01-07 11:26:07+05:30,NIFTY2621026400CE,26400.0,2026-02-10,412.9,
2026-01-07 11:26:08+05:30,NIFTY2621026400CE,26400.0,2026-02-10,412.9,
2026-01-07 11:26:09+05:30,NIFTY2621026400CE,26400.0,2026-02-10,412.9,
2026-01-07 11:26:10+05:30,NIFTY2621026400CE,26400.0,2026-02-10,412.9,
2026-01-07 11:26:11+05:30,NIFTY2621026400CE,26400.0,2026-02-10,412.9,
2026-01-07 11:26:12+05:30,NIFTY2621026400CE,26400.0,2026-02-10,412.9,
2026-01-07 11:26:13+05:30,NIFTY2621026400CE,26400.0,2026-02-10,412.9,
2026-01-07 11:26:14+05:30,NIFTY2621026400CE,26400.0,2026-02-10,412.9,
2026-01-07 11:26:15+05:30,NIFTY2621026400CE,26400.0,2026-02-10,412.9,
2026-01-07 11:26:16+05:30,NIFTY2621026400CE,26400.0,2026-02-10,412.9,
2026-01-07 11:26:17+05:30,NIFTY2621026400CE,26400.0,2026-02-10,412.9,
2026-01-07 11:26:18+05:30,NIFTY2621026400CE,26400.0,2026-02-10,412.9,
2026-01-07 11:26:19+05:30,NIFTY2621026400CE,26400.0,2026-02-10,412.9,
2026-01-07 11:26:20+05:30,NIFTY2621026400CE,26400.0,2026-02-10,412.9,
2026-01-07 11:26:21+05:30,NIFTY2621026400CE,26400.0,2026-02-10,412.9,
2026-01-07 11:26:22+05:30,NIFTY2621026400CE,26400.0,2026-02-10,412.9,
2026-01-07 11:26:23+05:30,NIFTY2621026400CE,26400.0,2026-02-10,412.9,
2026-01-07 11:26:24+05:30,NIFTY2621026400CE,26400.0,2026-02-10,412.9,
2026-01-07 11:26:25+05:30,NIFTY2621026400CE,26400.0,2026-02-10,412.9,
2026-01-07 11:26:26+05:30,NIFTY2621026400CE,26400.0,2026-02-10,412.9,
2026-01-07 11:26:27+05:30,NIFTY2621026400CE,26400.0,2026-02-10,412.9,
2026-01-07 11:26:28+05:30,NIFTY2621026400CE,26400.0,2026-02-10,412.9,
2026-01-07 11:26:29+05:30,NIFTY2621026400CE,26400.0,2026-02-10,412.9,
2026-01-07 11:26:30+05:30,NIFTY2621026400CE,26400.0,2026-02-10,412.9,
2026-01-07 11:26:31+05:30,NIFTY2621026400CE,26400.0,2026-02-10,412.9,
2026-01-07 11:26:32+05:30,NIFTY2621026400CE,26400.0,2026-02-10,412.9,
2026-01-07 11:26:33+05:30,NIFTY2621026400CE,26400.0,2026-02-10,412.9,
2026-01-07 11:26:34+05:30,NIFTY2621026400CE,26400.0,2026-02-10,412.9,
2026-01-07 11:26:35+05:30,NIFTY2621026400CE,26400.0,2026-02-10,412.9,
2026-01-07 11:26:36+05:30,NIFTY2621026400CE,26400.0,2026-02-10,412.9,
2026-01-07 11:26:37+05:30,NIFTY2621026400CE,26400.0,2026-02-10,412.9,
2026-01-07 11:26:38+05:30,NIFTY2621026400CE,26400.0,2026-02-10,412.9,
2026-01-07 11:26:39+05:30,NIFTY2621026400CE,26400.0,2026-02-10,412.9,
2026-01-07 11:26:40+05:30,NIFTY2621026400CE,26400.0,2026-02-10,412.9,
2026-01-07 11:26:41+05:30,NIFTY2621026400CE,26400.0,2026-02-10,412.9,
2026-01-07 11:26:42+05:30,NIFTY2621026400CE,26400.0,2026-02-10,412.9,
2026-01-07 11:26:43+05:30,NIFTY2621026400CE,26400.0,2026-02-10,412.9,
2026-01-07 11:26:44+05:30,NIFTY2621026400CE,26400.0,2026-02-10,412.9,
2026-01-07 11:26:45+05:30,NIFTY2621026400CE,26400.0,2026-02-10,412.9,
2026-01-07 11:26:46+05:30,NIFTY2621026400CE,26400.0,2026-02-10,412.9,
2026-01-07 11:26:47+05:30,NIFTY2621026400CE,26400.0,2026-02-10,412.9,
2026-01-07 11:26:48+05:30,NIFTY2621026400CE,26400.0,2026-02-10,412.9,
2026-01-07 11:26:49+05:30,NIFTY2621026400CE,26400.0,2026-02-10,412.9,
2026-01-07 11:26:50+05:30,NIFTY2621026400CE,26400.0,2026-02-10,412.9,
2026-01-07 11:26:51+05:30,NIFTY2621026400CE,26400.0,2026-02-10,412.9,
2026-01-07 11:26:52+05:30,NIFTY2621026400CE,26400.0,2026-02-10,412.9,
2026-01-07 11:26:53+05:30,NIFTY2621026400CE,26400.0,2026-02-10,412.9,
2026-01-07 11:26:54+05:30,NIFTY2621026400CE,26400.0,2026-02-10,412.9,
2026-01-07 11:26:55+05:30,NIFTY2621026400CE,26400.0,2026-02-10,412.9,
2026-01-07 11:26:56+05:30,NIFTY2621026400CE,26400.0,2026-02-10,412.9,
2026-01-07 11:26:57+05:30,NIFTY2621026400CE,26400.0,2026-02-10,412.9,
2026-01-07 11:26:58+05:30,NIFTY2621026400CE,26400.0,2026-02-10,412.9,
2026-01-07 11:26:59+05:30,NIFTY2621026400CE,26400.0,2026-02-10,412.9,
2026-01-07 11:27:00+05:30,NIFTY2621026400CE,26400.0,2026-02-10,412.9,
2026-01-07 11:27:01+05:30,NIFTY2621026400CE,26400.0,2026-02-10,412.9,
2026-01-07 11:27:02+05:30,NIFTY2621026400CE,26400.0,2026-02-10,412.9,
2026-01-07 11:27:03+05:30,NIFTY2621026400CE,26400.0,2026-02-10,412.9,
2026-01-07 11:27:04+05:30,NIFTY2621026400CE,26400.0,2026-02-10,412.9,
2026-01-07 11:27:05+05:30,NIFTY2621026400CE,26400.0,2026-02-10,412.9,
2026-01-07 11:27:06+05:30,NIFTY2621026400CE,26400.0,2026-02-10,412.9,
2026-01-07 11:27:07+05:30,NIFTY2621026400CE,26400.0,2026-02-10,412.9,
2026-01-07 11:27:08+05:30,NIFTY2621026400CE,26400.0,2026-02-10,412.9,
2026-01-07 11:27:09+05:30,NIFTY2621026400CE,26400.0,2026-02-10,412.9,
2026-01-07 11:27:10+05:30,NIFTY2621026400CE,26400.0,2026-02-10,412.9,
2026-01-07 11:27:11+05:30,NIFTY2621026400CE,26400.0,2026-02-10,412.9,
2026-01-07 11:27:12+05:30,NIFTY2621026400CE,26400.0,2026-02-10,412.9,
2026-01-07 11:27:13+05:30,NIFTY2621026400CE,26400.0,2026-02-10,412.9,
2026-01-07 11:27:14+05:30,NIFTY2621026400CE,26400.0,2026-02-10,412.9,
2026-01-07 11:27:15+05:30,NIFTY2621026400CE,26400.0,2026-02-10,412.9,
2026-01-07 11:27:16+05:30,NIFTY2621026400CE,26400.0,2026-02-10,412.9,
2026-01-07 11:27:17+05:30,NIFTY2621026400CE,26400.0,2026-02-10,412.9,
2026-01-07 11:27:18+05:30,NIFTY2621026400CE,26400.0,2026-02-10,412.9,
2026-01-07 11:27:19+05:30,NIFTY2621026400CE,26400.0,2026-02-10,412.9,
2026-01-07 11:27:20+05:30,NIFTY2621026400CE,26400.0,2026-02-10,412.9,
2026-01-07 11:27:21+05:30,NIFTY2621026400CE,26400.0,2026-02-10,412.9,
2026-01-07 11:27:22+05:30,NIFTY2621026400CE,26400.0,2026-02-10,412.9,
2026-01-07 11:27:23+05:30,NIFTY2621026400CE,26400.0,2026-02-10,412.9,
2026-01-07 11:27:24+05:30,NIFTY2621026400CE,26400.0,2026-02-10,412.9,
2026-01-07 11:27:25+05:30,NIFTY2621026400CE,26400.0,2026-02-10,412.9,
2026-01-07 11:27:26+05:30,NIFTY2621026400CE,26400.0,2026-02-10,412.9,
2026-01-07 11:27:27+05:30,NIFTY2621026400CE,26400.0,2026-02-10,412.9,
2026-01-07 11:27:28+05:30,NIFTY2621026400CE,26400.0,2026-02-10,412.9,
2026-01-07 11:27:29+05:30,NIFTY2621026400CE,26400.0,2026-02-10,412.9,
2026-01-07 11:27:30+05:30,NIFTY2621026400CE,26400.0,2026-02-10,412.9,
2026-01-07 11:27:31+05:30,NIFTY2621026400CE,26400.0,2026-02-10,412.9,
2026-01-07 11:27:32+05:30,NIFTY2621026400CE,26400.0,2026-02-10,412.9,
2026-01-07 11:27:33+05:30,NIFTY2621026400CE,26400.0,2026-02-10,412.9,
2026-01-07 11:27:34+05:30,NIFTY2621026400CE,26400.0,2026-02-10,412.9,
2026-01-07 11:27:35+05:30,NIFTY2621026400CE,26400.0,2026-02-10,412.9,
2026-01-07 11:27:36+05:30,NIFTY2621026400CE,26400.0,2026-02-10,412.9,
2026-01-07 11:27:37+05:30,NIFTY2621026400CE,26400.0,2026-02-10,412.9,
2026-01-07 11:27:38+05:30,NIFTY2621026400CE,26400.0,2026-02-10,412.9,
2026-01-07 11:27:39+05:30,NIFTY2621026400CE,26400.0,2026-02-10,412.9,
2026-01-07 11:27:40+05:30,NIFTY2621026400CE,26400.0,2026-02-10,412.9,
2026-01-07 11:27:41+05:30,NIFTY2621026400CE,26400.0,2026-02-10,412.9,
2026-01-07 11:27:42+05:30,NIFTY2621026400CE,26400.0,2026-02-10,412.9,
2026-01-07 11:27:43+05:30,NIFTY2621026400CE,26400.0,2026-02-10,412.9,
2026-01-07 11:27:44+05:30,NIFTY2621026400CE,26400.0,2026-02-10,412.9,
2026-01-07 11:27:45+05:30,NIFTY2621026400CE,26400.0,2026-02-10,412.9,
2026-01-07 11:27:46+05:30,NIFTY2621026400CE,26400.0,2026-02-10,412.9,
2026-01-07 11:27:47+05:30,NIFTY2621026400CE,26400.0,2026-02-10,412.9,
2026-01-07 11:27:48+05:30,NIFTY2621026400CE,26400.0,2026-02-10,412.9,
2026-01-07 11:27:49+05:30,NIFTY2621026400CE,26400.0,2026-02-10,412.9,
2026-01-07 11:27:50+05:30,NIFTY2621026400CE,26400.0,2026-02-10,412.9,
2026-01-07 11:27:51+05:30,NIFTY2621026400CE,26400.0,2026-02-10,412.9,
2026-01-07 11:27:52+05:30,NIFTY2621026400CE,26400.0,2026-02-10,412.9,
2026-01-07 11:27:53+05:30,NIFTY2621026400CE,26400.0,2026-02-10,412.9,
2026-01-07 11:27:54+05:30,NIFTY2621026400CE,26400.0,2026-02-10,412.9,
2026-01-07 11:27:55+05:30,NIFTY2621026400CE,26400.0,2026-02-10,412.9,
2026-01-07 11:27:56+05:30,NIFTY2621026400CE,26400.0,2026-02-10,412.9,
2026-01-07 11:27:57+05:30,NIFTY2621026400CE,26400.0,2026-02-10,412.9,
2026-01-07 11:27:58+05:30,NIFTY2621026400CE,26400.0,2026-02-10,412.9,
2026-01-07 11:27:59+05:30,NIFTY2621026400CE,26400.0,2026-02-10,412.9,
2026-01-07 11:28:00+05:30,NIFTY2621026400CE,26400.0,2026-02-10,412.9,
2026-01-07 11:28:01+05:30,NIFTY2621026400CE,26400.0,2026-02-10,412.9,
2026-01-07 11:28:02+05:30,NIFTY2621026400CE,26400.0,2026-02-10,412.9,
2026-01-07 11:28:03+05:30,NIFTY2621026400CE,26400.0,2026-02-10,412.9,
2026-01-07 11:28:04+05:30,NIFTY2621026400CE,26400.0,2026-02-10,412.9,
2026-01-07 11:28:05+05:30,NIFTY2621026400CE,26400.0,2026-02-10,412.9,
2026-01-07 11:28:06+05:30,NIFTY2621026400CE,26400.0,2026-02-10,412.9,
2026-01-07 11:28:07+05:30,NIFTY2621026400CE,26400.0,2026-02-10,412.9,
2026-01-07 11:28:08+05:30,NIFTY2621026400CE,26400.0,2026-02-10,412.9,
2026-01-07 11:28:09+05:30,NIFTY2621026400CE,26400.0,2026-02-10,412.9,
2026-01-07 11:28:10+05:30,NIFTY2621026400CE,26400.0,2026-02-10,412.9,
2026-01-07 11:28:11+05:30,NIFTY2621026400CE,26400.0,2026-02-10,412.9,
2026-01-07 11:28:12+05:30,NIFTY2621026400CE,26400.0,2026-02-10,412.9,
2026-01-07 11:28:13+05:30,NIFTY2621026400CE,26400.0,2026-02-10,412.9,
2026-01-07 11:28:14+05:30,NIFTY2621026400CE,26400.0,2026-02-10,412.9,
2026-01-07 11:28:15+05:30,NIFTY2621026400CE,26400.0,2026-02-10,412.9,
2026-01-07 11:28:16+05:30,NIFTY2621026400CE,26400.0,2026-02-10,412.9,
2026-01-07 11:28:17+05:30,NIFTY2621026400CE,26400.0,2026-02-10,412.9,
2026-01-07 11:28:18+05:30,NIFTY2621026400CE,26400.0,2026-02-10,412.9,
2026-01-07 11:28:19+05:30,NIFTY2621026400CE,26400.0,2026-02-10,412.9,
2026-01-07 11:28:20+05:30,NIFTY2621026400CE,26400.0,2026-02-10,412.9,
2026-01-07 11:28:21+05:30,NIFTY2621026400CE,26400.0,2026-02-10,412.9,
2026-01-07 11:28:22+05:30,NIFTY2621026400CE,26400.0,2026-02-10,412.9,
2026-01-07 11:28:23+05:30,NIFTY2621026400CE,26400.0,2026-02-10,412.9,
2026-01-07 11:28:24+05:30,NIFTY2621026400CE,26400.0,2026-02-10,412.9,
2026-01-07 11:28:25+05:30,NIFTY2621026400CE,26400.0,2026-02-10,412.9,
2026-01-07 11:28:26+05:30,NIFTY2621026400CE,26400.0,2026-02-10,412.9,
2026-01-07 11:28:27+05:30,NIFTY2621026400CE,26400.0,2026-02-10,412.9,
2026-01-07 11:28:28+05:30,NIFTY2621026400CE,26400.0,2026-02-10,412.9,
2026-01-07 11:28:29+05:30,NIFTY2621026400CE,26400.0,2026-02-10,412.9,
2026-01-07 11:28:30+05:30,NIFTY2621026400CE,26400.0,2026-02-10,412.9,
2026-01-07 11:28:31+05:30,NIFTY2621026400CE,26400.0,2026-02-10,412.9,
2026-01-07 11:28:32+05:30,NIFTY2621026400CE,26400.0,2026-02-10,412.9,
2026-01-07 11:28:33+05:30,NIFTY2621026400CE,26400.0,2026-02-10,412.9,
2026-01-07 11:28:34+05:30,NIFTY2621026400CE,26400.0,2026-02-10,412.9,
2026-01-07 11:28:35+05:30,NIFTY2621026400CE,26400.0,2026-02-10,412.9,
2026-01-07 11:28:36+05:30,NIFTY2621026400CE,26400.0,2026-02-10,412.9,
2026-01-07 11:28:37+05:30,NIFTY2621026400CE,26400.0,2026-02-10,412.9,
2026-01-07 11:28:38+05:30,NIFTY2621026400CE,26400.0,2026-02-10,412.9,
2026-01-07 11:28:39+05:30,NIFTY2621026400CE,26400.0,2026-02-10,412.9,
2026-01-07 11:28:40+05:30,NIFTY2621026400CE,26400.0,2026-02-10,412.9,
2026-01-07 11:28:41+05:30,NIFTY2621026400CE,26400.0,2026-02-10,412.9,
2026-01-07 11:28:42+05:30,NIFTY2621026400CE,26400.0,2026-02-10,412.9,
2026-01-07 11:28:43+05:30,NIFTY2621026400CE,26400.0,2026-02-10,412.9,
2026-01-07 11:28:44+05:30,NIFTY2621026400CE,26400.0,2026-02-10,412.9,
2026-01-07 11:28:45+05:30,NIFTY2621026400CE,26400.0,2026-02-10,412.9,
2026-01-07 11:28:46+05:30,NIFTY2621026400CE,26400.0,2026-02-10,412.9,
2026-01-07 11:28:47+05:30,NIFTY2621026400CE,26400.0,2026-02-10,412.9,
2026-01-07 11:28:48+05:30,NIFTY2621026400CE,26400.0,2026-02-10,412.9,
2026-01-07 11:28:49+05:30,NIFTY2621026400CE,26400.0,2026-02-10,412.9,
2026-01-07 11:28:50+05:30,NIFTY2621026400CE,26400.0,2026-02-10,412.9,
2026-01-07 11:28:51+05:30,NIFTY2621026400CE,26400.0,2026-02-10,412.9,
2026-01-07 11:28:52+05:30,NIFTY2621026400CE,26400.0,2026-02-10,412.9,
2026-01-07 11:28:53+05:30,NIFTY2621026400CE,26400.0,2026-02-10,412.9,
2026-01-07 11:28:54+05:30,NIFTY2621026400CE,26400.0,2026-02-10,412.9,
2026-01-07 11:28:55+05:30,NIFTY2621026400CE,26400.0,2026-02-10,412.9,
2026-01-07 11:28:56+05:30,NIFTY2621026400CE,26400.0,2026-02-10,412.9,
2026-01-07 11:28:57+05:30,NIFTY2621026400CE,26400.0,2026-02-10,412.9,
2026-01-07 11:28:58+05:30,NIFTY2621026400CE,26400.0,2026-02-10,412.9,
2026-01-07 11:28:59+05:30,NIFTY2621026400CE,26400.0,2026-02-10,412.9,
2026-01-07 11:29:00+05:30,NIFTY2621026400CE,26400.0,2026-02-10,412.9,
2026-01-07 11:29:01+05:30,NIFTY2621026400CE,26400.0,2026-02-10,412.9,
2026-01-07 11:29:02+05:30,NIFTY2621026400CE,26400.0,2026-02-10,412.9,
2026-01-07 11:29:03+05:30,NIFTY2621026400CE,26400.0,2026-02-10,412.9,
2026-01-07 11:29:04+05:30,NIFTY2621026400CE,26400.0,2026-02-10,412.9,
2026-01-07 11:29:05+05:30,NIFTY2621026400CE,26400.0,2026-02-10,412.9,
2026-01-07 11:29:06+05:30,NIFTY2621026400CE,26400.0,2026-02-10,412.9,
2026-01-07 11:29:07+05:30,NIFTY2621026400CE,26400.0,2026-02-10,412.9,
2026-01-07 11:29:08+05:30,NIFTY2621026400CE,26400.0,2026-02-10,412.9,
2026-01-07 11:29:09+05:30,NIFTY2621026400CE,26400.0,2026-02-10,412.9,
2026-01-07 11:29:10+05:30,NIFTY2621026400CE,26400.0,2026-02-10,412.9,
2026-01-07 11:29:11+05:30,NIFTY2621026400CE,26400.0,2026-02-10,412.9,
2026-01-07 11:29:12+05:30,NIFTY2621026400CE,26400.0,2026-02-10,412.9,
2026-01-07 11:29:13+05:30,NIFTY2621026400CE,26400.0,2026-02-10,412.9,
2026-01-07 11:29:14+05:30,NIFTY2621026400CE,26400.0,2026-02-10,412.9,
2026-01-07 11:29:15+05:30,NIFTY2621026400CE,26400.0,2026-02-10,412.9,
2026-01-07 11:29:16+05:30,NIFTY2621026400CE,26400.0,2026-02-10,412.9,
2026-01-07 11:29:17+05:30,NIFTY2621026400CE,26400.0,2026-02-10,412.9,
2026-01-07 11:29:18+05:30,NIFTY2621026400CE,26400.0,2026-02-10,412.9,
2026-01-07 11:29:19+05:30,NIFTY2621026400CE,26400.0,2026-02-10,412.9,
2026-01-07 11:29:20+05:30,NIFTY2621026400CE,26400.0,2026-02-10,412.9,
2026-01-07 11:29:21+05:30,NIFTY2621026400CE,26400.0,2026-02-10,412.9,
2026-01-07 11:29:22+05:30,NIFTY2621026400CE,26400.0,2026-02-10,412.9,
2026-01-07 11:29:23+05:30,NIFTY2621026400CE,26400.0,2026-02-10,412.9,
2026-01-07 11:29:24+05:30,NIFTY2621026400CE,26400.0,2026-02-10,412.9,
2026-01-07 11:29:25+05:30,NIFTY2621026400CE,26400.0,2026-02-10,412.9,
2026-01-07 11:29:26+05:30,NIFTY2621026400CE,26400.0,2026-02-10,412.9,
2026-01-07 11:29:27+05:30,NIFTY2621026400CE,26400.0,2026-02-10,412.9,
2026-01-07 11:29:28+05:30,NIFTY2621026400CE,26400.0,2026-02-10,412.9,
2026-01-07 11:29:29+05:30,NIFTY2621026400CE,26400.0,2026-02-10,412.9,
2026-01-07 11:29:30+05:30,NIFTY2621026400CE,26400.0,2026-02-10,412.9,
2026-01-07 11:29:31+05:30,NIFTY2621026400CE,26400.0,2026-02-10,412.9,
2026-01-07 11:29:32+05:30,NIFTY2621026400CE,26400.0,2026-02-10,412.9,
2026-01-07 11:29:33+05:30,NIFTY2621026400CE,26400.0,2026-02-10,412.9,
2026-01-07 11:29:34+05:30,NIFTY2621026400CE,26400.0,2026-02-10,412.9,
2026-01-07 11:29:35+05:30,NIFTY2621026400CE,26400.0,2026-02-10,412.9,
2026-01-07 11:29:36+05:30,NIFTY2621026400CE,26400.0,2026-02-10,412.9,
2026-01-07 11:29:37+05:30,NIFTY2621026400CE,26400.0,2026-02-10,412.9,
2026-01-07 11:29:38+05:30,NIFTY2621026400CE,26400.0,2026-02-10,412.9,
2026-01-07 11:29:39+05:30,NIFTY2621026400CE,26400.0,2026-02-10,412.9,
2026-01-07 11:29:40+05:30,NIFTY2621026400CE,26400.0,2026-02-10,412.9,
2026-01-07 11:29:41+05:30,NIFTY2621026400CE,26400.0,2026-02-10,412.9,
2026-01-07 11:29:42+05:30,NIFTY2621026400CE,26400.0,2026-02-10,412.9,
2026-01-07 11:29:43+05:30,NIFTY2621026400CE,26400.0,2026-02-10,412.9,
2026-01-07 11:29:44+05:30,NIFTY2621026400CE,26400.0,2026-02-10,412.9,
2026-01-07 11:29:45+05:30,NIFTY2621026400CE,26400.0,2026-02-10,412.9,
2026-01-07 11:29:46+05:30,NIFTY2621026400CE,26400.0,2026-02-10,412.9,
2026-01-07 11:29:47+05:30,NIFTY2621026400CE,26400.0,2026-02-10,412.9,
2026-01-07 11:29:48+05:30,NIFTY2621026400CE,26400.0,2026-02-10,412.9,
2026-01-07 11:29:49+05:30,NIFTY2621026400CE,26400.0,2026-02-10,412.9,
2026-01-07 11:29:50+05:30,NIFTY2621026400CE,26400.0,2026-02-10,412.9,
2026-01-07 11:29:51+05:30,NIFTY2621026400CE,26400.0,2026-02-10,412.9,
2026-01-07 11:29:52+05:30,NIFTY2621026400CE,26400.0,2026-02-10,412.9,
2026-01-07 11:29:53+05:30,NIFTY2621026400CE,26400.0,2026-02-10,412.9,
2026-01-07 11:29:54+05:30,NIFTY2621026400CE,26400.0,2026-02-10,412.9,
2026-01-07 11:29:55+05:30,NIFTY2621026400CE,26400.0,2026-02-10,412.9,
2026-01-07 11:29:56+05:30,NIFTY2621026400CE,26400.0,2026-02-10,412.9,
2026-01-07 11:29:57+05:30,NIFTY2621026400CE,26400.0,2026-02-10,412.9,
2026-01-07 11:29:58+05:30,NIFTY2621026400CE,26400.0,2026-02-10,412.9,
2026-01-07 11:29:59+05:30,NIFTY2621026400CE,26400.0,2026-02-10,412.9,
2026-01-07 11:30:00+05:30,NIFTY2621026400CE,26400.0,2026-02-10,412.9,
2026-01-07 11:30:01+05:30,NIFTY2621026400CE,26400.0,2026-02-10,412.9,
2026-01-07 11:30:02+05:30,NIFTY2621026400CE,26400.0,2026-02-10,412.9,
2026-01-07 11:30:03+05:30,NIFTY2621026400CE,26400.0,2026-02-10,412.9,
2026-01-07 11:30:04+05:30,NIFTY2621026400CE,26400.0,2026-02-10,412.9,
2026-01-07 11:30:05+05:30,NIFTY2621026400CE,26400.0,2026-02-10,412.9,
2026-01-07 11:30:06+05:30,NIFTY2621026400CE,26400.0,2026-02-10,412.9,
2026-01-07 11:30:07+05:30,NIFTY2621026400CE,26400.0,2026-02-10,412.9,
2026-01-07 11:30:08+05:30,NIFTY2621026400CE,26400.0,2026-02-10,412.9,
2026-01-07 11:30:09+05:30,NIFTY2621026400CE,26400.0,2026-02-10,412.9,
2026-01-07 11:30:10+05:30,NIFTY2621026400CE,26400.0,2026-02-10,412.9,
2026-01-07 11:30:11+05:30,NIFTY2621026400CE,26400.0,2026-02-10,412.9,
2026-01-07 11:30:12+05:30,NIFTY2621026400CE,26400.0,2026-02-10,412.9,
2026-01-07 11:30:13+05:30,NIFTY2621026400CE,26400.0,2026-02-10,412.9,
2026-01-07 11:30:14+05:30,NIFTY2621026400CE,26400.0,2026-02-10,412.9,
2026-01-07 11:30:15+05:30,NIFTY2621026400CE,26400.0,2026-02-10,412.9,
2026-01-07 11:30:16+05:30,NIFTY2621026400CE,26400.0,2026-02-10,412.9,
2026-01-07 11:30:17+05:30,NIFTY2621026400CE,26400.0,2026-02-10,412.9,
2026-01-07 11:30:18+05:30,NIFTY2621026400CE,26400.0,2026-02-10,412.9,
2026-01-07 11:30:19+05:30,NIFTY2621026400CE,26400.0,2026-02-10,412.9,
2026-01-07 11:30:20+05:30,NIFTY2621026400CE,26400.0,2026-02-10,412.9,
2026-01-07 11:30:21+05:30,NIFTY2621026400CE,26400.0,2026-02-10,412.9,
2026-01-07 11:30:22+05:30,NIFTY2621026400CE,26400.0,2026-02-10,412.9,
2026-01-07 11:30:23+05:30,NIFTY2621026400CE,26400.0,2026-02-10,412.9,
2026-01-07 11:30:24+05:30,NIFTY2621026400CE,26400.0,2026-02-10,412.9,
2026-01-07 11:30:25+05:30,NIFTY2621026400CE,26400.0,2026-02-10,412.9,
2026-01-07 11:30:26+05:30,NIFTY2621026400CE,26400.0,2026-02-10,412.9,
2026-01-07 11:30:27+05:30,NIFTY2621026400CE,26400.0,2026-02-10,412.9,
2026-01-07 11:30:28+05:30,NIFTY2621026400CE,26400.0,2026-02-10,412.9,
2026-01-07 11:30:29+05:30,NIFTY2621026400CE,26400.0,2026-02-10,412.9,
2026-01-07 11:30:30+05:30,NIFTY2621026400CE,26400.0,2026-02-10,412.9,
2026-01-07 11:30:31+05:30,NIFTY2621026400CE,26400.0,2026-02-10,412.9,
2026-01-07 11:30:32+05:30,NIFTY2621026400CE,26400.0,2026-02-10,412.9,
2026-01-07 11:30:33+05:30,NIFTY2621026400CE,26400.0,2026-02-10,412.9,
2026-01-07 11:30:34+05:30,NIFTY2621026400CE,26400.0,2026-02-10,412.9,
2026-01-07 11:30:35+05:30,NIFTY2621026400CE,26400.0,2026-02-10,412.9,
2026-01-07 11:30:36+05:30,NIFTY2621026400CE,26400.0,2026-02-10,412.9,
2026-01-07 11:30:37+05:30,NIFTY2621026400CE,26400.0,2026-02-10,412.9,
2026-01-07 11:30:38+05:30,NIFTY2621026400CE,26400.0,2026-02-10,412.9,
2026-01-07 11:30:39+05:30,NIFTY2621026400CE,26400.0,2026-02-10,412.9,
2026-01-07 11:30:40+05:30,NIFTY2621026400CE,26400.0,2026-02-10,412.9,
2026-01-07 11:30:41+05:30,NIFTY2621026400CE,26400.0,2026-02-10,412.9,
2026-01-07 11:30:42+05:30,NIFTY2621026400CE,26400.0,2026-02-10,412.9,
2026-01-07 11:30:43+05:30,NIFTY2621026400CE,26400.0,2026-02-10,412.9,
2026-01-07 11:30:44+05:30,NIFTY2621026400CE,26400.0,2026-02-10,412.9,
2026-01-07 11:30:45+05:30,NIFTY2621026400CE,26400.0,2026-02-10,412.9,
2026-01-07 11:30:46+05:30,NIFTY2621026400CE,26400.0,2026-02-10,412.9,
2026-01-07 11:30:47+05:30,NIFTY2621026400CE,26400.0,2026-02-10,412.9,
2026-01-07 11:30:48+05:30,NIFTY2621026400CE,26400.0,2026-02-10,412.9,
2026-01-07 11:30:49+05:30,NIFTY2621026400CE,26400.0,2026-02-10,412.9,
2026-01-07 11:30:50+05:30,NIFTY2621026400CE,26400.0,2026-02-10,412.9,
2026-01-07 11:30:51+05:30,NIFTY2621026400CE,26400.0,2026-02-10,412.9,
2026-01-07 11:30:52+05:30,NIFTY2621026400CE,26400.0,2026-02-10,412.9,
2026-01-07 11:30:53+05:30,NIFTY2621026400CE,26400.0,2026-02-10,412.9,
2026-01-07 11:30:54+05:30,NIFTY2621026400CE,26400.0,2026-02-10,412.9,
2026-01-07 11:30:55+05:30,NIFTY2621026400CE,26400.0,2026-02-10,412.9,
2026-01-07 11:30:56+05:30,NIFTY2621026400CE,26400.0,2026-02-10,412.9,
2026-01-07 11:30:57+05:30,NIFTY2621026400CE,26400.0,2026-02-10,412.9,
2026-01-07 11:30:58+05:30,NIFTY2621026400CE,26400.0,2026-02-10,412.9,
2026-01-07 11:30:59+05:30,NIFTY2621026400CE,26400.0,2026-02-10,412.9,
2026-01-07 11:31:00+05:30,NIFTY2621026400CE,26400.0,2026-02-10,412.9,
2026-01-07 11:31:01+05:30,NIFTY2621026400CE,26400.0,2026-02-10,412.9,
2026-01-07 11:31:02+05:30,NIFTY2621026400CE,26400.0,2026-02-10,412.9,
2026-01-07 11:31:03+05:30,NIFTY2621026400CE,26400.0,2026-02-10,412.9,
2026-01-07 11:31:04+05:30,NIFTY2621026400CE,26400.0,2026-02-10,412.9,
2026-01-07 11:31:05+05:30,NIFTY2621026400CE,26400.0,2026-02-10,412.9,
2026-01-07 11:31:06+05:30,NIFTY2621026400CE,26400.0,2026-02-10,412.9,
2026-01-07 11:31:07+05:30,NIFTY2621026400CE,26400.0,2026-02-10,412.9,
2026-01-07 11:31:08+05:30,NIFTY2621026400CE,26400.0,2026-02-10,412.9,
2026-01-07 11:31:09+05:30,NIFTY2621026400CE,26400.0,2026-02-10,412.9,
2026-01-07 11:31:10+05:30,NIFTY2621026400CE,26400.0,2026-02-10,412.9,
2026-01-07 11:31:11+05:30,NIFTY2621026400CE,26400.0,2026-02-10,412.9,
2026-01-07 11:31:12+05:30,NIFTY2621026400CE,26400.0,2026-02-10,412.9,
2026-01-07 11:31:13+05:30,NIFTY2621026400CE,26400.0,2026-02-10,412.9,
2026-01-07 11:31:14+05:30,NIFTY2621026400CE,26400.0,2026-02-10,412.9,
2026-01-07 11:31:15+05:30,NIFTY2621026400CE,26400.0,2026-02-10,412.9,
2026-01-07 11:31:16+05:30,NIFTY2621026400CE,26400.0,2026-02-10,412.9,
2026-01-07 11:31:17+05:30,NIFTY2621026400CE,26400.0,2026-02-10,412.9,
2026-01-07 11:31:18+05:30,NIFTY2621026400CE,26400.0,2026-02-10,412.9,
2026-01-07 11:31:19+05:30,NIFTY2621026400CE,26400.0,2026-02-10,412.9,
2026-01-07 11:31:20+05:30,NIFTY2621026400CE,26400.0,2026-02-10,412.9,
2026-01-07 11:31:21+05:30,NIFTY2621026400CE,26400.0,2026-02-10,412.9,
2026-01-07 11:31:22+05:30,NIFTY2621026400CE,26400.0,2026-02-10,412.9,
2026-01-07 11:31:23+05:30,NIFTY2621026400CE,26400.0,2026-02-10,412.9,
2026-01-07 11:31:24+05:30,NIFTY2621026400CE,26400.0,2026-02-10,412.9,
2026-01-07 11:31:25+05:30,NIFTY2621026400CE,26400.0,2026-02-10,412.9,
2026-01-07 11:31:26+05:30,NIFTY2621026400CE,26400.0,2026-02-10,412.9,
2026-01-07 11:31:27+05:30,NIFTY2621026400CE,26400.0,2026-02-10,412.9,
2026-01-07 11:31:28+05:30,NIFTY2621026400CE,26400.0,2026-02-10,412.9,
2026-01-07 11:31:29+05:30,NIFTY2621026400CE,26400.0,2026-02-10,412.9,
2026-01-07 11:31:30+05:30,NIFTY2621026400CE,26400.0,2026-02-10,412.9,
2026-01-07 11:31:31+05:30,NIFTY2621026400CE,26400.0,2026-02-10,412.9,
2026-01-07 11:31:32+05:30,NIFTY2621026400CE,26400.0,2026-02-10,412.9,
2026-01-07 11:31:33+05:30,NIFTY2621026400CE,26400.0,2026-02-10,412.9,
2026-01-07 11:31:34+05:30,NIFTY2621026400CE,26400.0,2026-02-10,412.9,
2026-01-07 11:31:35+05:30,NIFTY2621026400CE,26400.0,2026-02-10,412.9,
2026-01-07 11:31:36+05:30,NIFTY2621026400CE,26400.0,2026-02-10,412.9,
2026-01-07 11:31:37+05:30,NIFTY2621026400CE,26400.0,2026-02-10,412.9,
2026-01-07 11:31:38+05:30,NIFTY2621026400CE,26400.0,2026-02-10,412.9,
2026-01-07 11:31:39+05:30,NIFTY2621026400CE,26400.0,2026-02-10,412.9,
2026-01-07 11:31:40+05:30,NIFTY2621026400CE,26400.0,2026-02-10,412.9,
2026-01-07 11:31:41+05:30,NIFTY2621026400CE,26400.0,2026-02-10,412.9,
2026-01-07 11:31:42+05:30,NIFTY2621026400CE,26400.0,2026-02-10,412.9,
2026-01-07 11:31:43+05:30,NIFTY2621026400CE,26400.0,2026-02-10,412.9,
2026-01-07 11:31:44+05:30,NIFTY2621026400CE,26400.0,2026-02-10,412.9,
2026-01-07 11:31:45+05:30,NIFTY2621026400CE,26400.0,2026-02-10,412.9,
2026-01-07 11:31:46+05:30,NIFTY2621026400CE,26400.0,2026-02-10,412.9,
2026-01-07 11:31:47+05:30,NIFTY2621026400CE,26400.0,2026-02-10,412.9,
2026-01-07 11:31:48+05:30,NIFTY2621026400CE,26400.0,2026-02-10,412.9,
2026-01-07 11:31:49+05:30,NIFTY2621026400CE,26400.0,2026-02-10,412.9,
2026-01-07 11:31:50+05:30,NIFTY2621026400CE,26400.0,2026-02-10,412.9,
2026-01-07 11:31:51+05:30,NIFTY2621026400CE,26400.0,2026-02-10,412.9,
2026-01-07 11:31:52+05:30,NIFTY2621026400CE,26400.0,2026-02-10,412.9,
2026-01-07 11:31:53+05:30,NIFTY2621026400CE,26400.0,2026-02-10,412.9,
2026-01-07 11:31:54+05:30,NIFTY2621026400CE,26400.0,2026-02-10,412.9,
2026-01-07 11:31:55+05:30,NIFTY2621026400CE,26400.0,2026-02-10,412.9,
2026-01-07 11:31:56+05:30,NIFTY2621026400CE,26400.0,2026-02-10,412.9,
2026-01-07 11:31:57+05:30,NIFTY2621026400CE,26400.0,2026-02-10,412.9,
2026-01-07 11:31:58+05:30,NIFTY2621026400CE,26400.0,2026-02-10,412.9,
2026-01-07 11:31:59+05:30,NIFTY2621026400CE,26400.0,2026-02-10,412.9,
2026-01-07 11:32:00+05:30,NIFTY2621026400CE,26400.0,2026-02-10,412.9,
2026-01-07 11:32:01+05:30,NIFTY2621026400CE,26400.0,2026-02-10,412.9,
2026-01-07 11:32:02+05:30,NIFTY2621026400CE,26400.0,2026-02-10,412.9,
2026-01-07 11:32:03+05:30,NIFTY2621026400CE,26400.0,2026-02-10,412.9,
2026-01-07 11:32:04+05:30,NIFTY2621026400CE,26400.0,2026-02-10,412.9,
2026-01-07 11:32:05+05:30,NIFTY2621026400CE,26400.0,2026-02-10,412.9,
2026-01-07 11:32:06+05:30,NIFTY2621026400CE,26400.0,2026-02-10,412.9,
2026-01-07 11:32:07+05:30,NIFTY2621026400CE,26400.0,2026-02-10,412.9,
2026-01-07 11:32:08+05:30,NIFTY2621026400CE,26400.0,2026-02-10,412.9,
2026-01-07 11:32:09+05:30,NIFTY2621026400CE,26400.0,2026-02-10,412.9,
2026-01-07 11:32:10+05:30,NIFTY2621026400CE,26400.0,2026-02-10,412.9,
2026-01-07 11:32:11+05:30,NIFTY2621026400CE,26400.0,2026-02-10,412.9,
2026-01-07 11:32:12+05:30,NIFTY2621026400CE,26400.0,2026-02-10,412.9,
2026-01-07 11:32:13+05:30,NIFTY2621026400CE,26400.0,2026-02-10,412.9,
2026-01-07 11:32:14+05:30,NIFTY2621026400CE,26400.0,2026-02-10,412.9,
2026-01-07 11:32:15+05:30,NIFTY2621026400CE,26400.0,2026-02-10,412.9,
2026-01-07 11:32:16+05:30,NIFTY2621026400CE,26400.0,2026-02-10,412.9,
2026-01-07 11:32:17+05:30,NIFTY2621026400CE,26400.0,2026-02-10,412.9,
2026-01-07 11:32:18+05:30,NIFTY2621026400CE,26400.0,2026-02-10,412.9,
2026-01-07 11:32:19+05:30,NIFTY2621026400CE,26400.0,2026-02-10,412.9,
2026-01-07 11:32:20+05:30,NIFTY2621026400CE,26400.0,2026-02-10,412.9,
2026-01-07 11:32:21+05:30,NIFTY2621026400CE,26400.0,2026-02-10,412.9,
2026-01-07 11:32:22+05:30,NIFTY2621026400CE,26400.0,2026-02-10,412.9,
2026-01-07 11:32:23+05:30,NIFTY2621026400CE,26400.0,2026-02-10,412.9,
2026-01-07 11:32:24+05:30,NIFTY2621026400CE,26400.0,2026-02-10,412.9,
2026-01-07 11:32:25+05:30,NIFTY2621026400CE,26400.0,2026-02-10,412.9,
2026-01-07 11:32:26+05:30,NIFTY2621026400CE,26400.0,2026-02-10,412.9,
2026-01-07 11:32:27+05:30,NIFTY2621026400CE,26400.0,2026-02-10,412.9,
2026-01-07 11:32:28+05:30,NIFTY2621026400CE,26400.0,2026-02-10,412.9,
2026-01-07 11:32:29+05:30,NIFTY2621026400CE,26400.0,2026-02-10,412.9,
2026-01-07 11:32:30+05:30,NIFTY2621026400CE,26400.0,2026-02-10,412.9,
2026-01-07 11:32:31+05:30,NIFTY2621026400CE,26400.0,2026-02-10,412.9,
2026-01-07 11:32:32+05:30,NIFTY2621026400CE,26400.0,2026-02-10,412.9,
2026-01-07 11:32:33+05:30,NIFTY2621026400CE,26400.0,2026-02-10,412.9,
2026-01-07 11:32:34+05:30,NIFTY2621026400CE,26400.0,2026-02-10,412.9,
2026-01-07 11:32:35+05:30,NIFTY2621026400CE,26400.0,2026-02-10,412.9,
2026-01-07 11:32:36+05:30,NIFTY2621026400CE,26400.0,2026-02-10,412.9,
2026-01-07 11:32:37+05:30,NIFTY2621026400CE,26400.0,2026-02-10,412.9,
2026-01-07 11:32:38+05:30,NIFTY2621026400CE,26400.0,2026-02-10,412.9,
2026-01-07 11:32:39+05:30,NIFTY2621026400CE,26400.0,2026-02-10,412.9,
2026-01-07 11:32:40+05:30,NIFTY2621026400CE,26400.0,2026-02-10,412.9,
2026-01-07 11:32:41+05:30,NIFTY2621026400CE,26400.0,2026-02-10,412.9,
2026-01-07 11:32:42+05:30,NIFTY2621026400CE,26400.0,2026-02-10,412.9,
2026-01-07 11:32:43+05:30,NIFTY2621026400CE,26400.0,2026-02-10,412.9,
2026-01-07 11:32:44+05:30,NIFTY2621026400CE,26400.0,2026-02-10,412.9,
2026-01-07 11:32:45+05:30,NIFTY2621026400CE,26400.0,2026-02-10,412.9,
2026-01-07 11:32:46+05:30,NIFTY2621026400CE,26400.0,2026-02-10,412.9,
2026-01-07 11:32:47+05:30,NIFTY2621026400CE,26400.0,2026-02-10,412.9,
2026-01-07 11:32:48+05:30,NIFTY2621026400CE,26400.0,2026-02-10,412.9,
2026-01-07 11:32:49+05:30,NIFTY2621026400CE,26400.0,2026-02-10,412.9,
2026-01-07 11:32:50+05:30,NIFTY2621026400CE,26400.0,2026-02-10,412.9,
2026-01-07 11:32:51+05:30,NIFTY2621026400CE,26400.0,2026-02-10,412.9,
2026-01-07 11:32:52+05:30,NIFTY2621026400CE,26400.0,2026-02-10,412.9,
2026-01-07 11:32:53+05:30,NIFTY2621026400CE,26400.0,2026-02-10,412.9,
2026-01-07 11:32:54+05:30,NIFTY2621026400CE,26400.0,2026-02-10,412.9,
2026-01-07 11:32:55+05:30,NIFTY2621026400CE,26400.0,2026-02-10,412.9,
2026-01-07 11:32:56+05:30,NIFTY2621026400CE,26400.0,2026-02-10,412.9,
2026-01-07 11:32:57+05:30,NIFTY2621026400CE,26400.0,2026-02-10,412.9,
2026-01-07 11:32:58+05:30,NIFTY2621026400CE,26400.0,2026-02-10,412.9,
2026-01-07 11:32:59+05:30,NIFTY2621026400CE,26400.0,2026-02-10,412.9,
2026-01-07 11:33:00+05:30,NIFTY2621026400CE,26400.0,2026-02-10,412.9,
2026-01-07 11:33:01+05:30,NIFTY2621026400CE,26400.0,2026-02-10,412.9,
2026-01-07 11:33:02+05:30,NIFTY2621026400CE,26400.0,2026-02-10,412.9,
2026-01-07 11:33:03+05:30,NIFTY2621026400CE,26400.0,2026-02-10,412.9,
2026-01-07 11:33:04+05:30,NIFTY2621026400CE,26400.0,2026-02-10,412.9,
2026-01-07 11:33:05+05:30,NIFTY2621026400CE,26400.0,2026-02-10,412.9,
2026-01-07 11:33:06+05:30,NIFTY2621026400CE,26400.0,2026-02-10,412.9,
2026-01-07 11:33:07+05:30,NIFTY2621026400CE,26400.0,2026-02-10,412.9,
2026-01-07 11:33:08+05:30,NIFTY2621026400CE,26400.0,2026-02-10,412.9,
2026-01-07 11:33:09+05:30,NIFTY2621026400CE,26400.0,2026-02-10,412.9,
2026-01-07 11:33:10+05:30,NIFTY2621026400CE,26400.0,2026-02-10,412.9,
2026-01-07 11:33:11+05:30,NIFTY2621026400CE,26400.0,2026-02-10,412.9,
2026-01-07 11:33:12+05:30,NIFTY2621026400CE,26400.0,2026-02-10,412.9,
2026-01-07 11:33:13+05:30,NIFTY2621026400CE,26400.0,2026-02-10,412.9,
2026-01-07 11:33:14+05:30,NIFTY2621026400CE,26400.0,2026-02-10,412.9,
2026-01-07 11:33:15+05:30,NIFTY2621026400CE,26400.0,2026-02-10,412.9,
2026-01-07 11:33:16+05:30,NIFTY2621026400CE,26400.0,2026-02-10,412.9,
2026-01-07 11:33:17+05:30,NIFTY2621026400CE,26400.0,2026-02-10,412.9,
2026-01-07 11:33:18+05:30,NIFTY2621026400CE,26400.0,2026-02-10,412.9,
2026-01-07 11:33:19+05:30,NIFTY2621026400CE,26400.0,2026-02-10,412.9,
2026-01-07 11:33:20+05:30,NIFTY2621026400CE,26400.0,2026-02-10,412.9,
2026-01-07 11:33:21+05:30,NIFTY2621026400CE,26400.0,2026-02-10,412.9,
2026-01-07 11:33:22+05:30,NIFTY2621026400CE,26400.0,2026-02-10,412.9,
2026-01-07 11:33:23+05:30,NIFTY2621026400CE,26400.0,2026-02-10,412.9,
2026-01-07 11:33:24+05:30,NIFTY2621026400CE,26400.0,2026-02-10,412.9,
2026-01-07 11:33:25+05:30,NIFTY2621026400CE,26400.0,2026-02-10,412.9,
2026-01-07 11:33:26+05:30,NIFTY2621026400CE,26400.0,2026-02-10,412.9,
2026-01-07 11:33:27+05:30,NIFTY2621026400CE,26400.0,2026-02-10,412.9,
2026-01-07 11:33:28+05:30,NIFTY2621026400CE,26400.0,2026-02-10,412.9,
2026-01-07 11:33:29+05:30,NIFTY2621026400CE,26400.0,2026-02-10,412.9,
2026-01-07 11:33:30+05:30,NIFTY2621026400CE,26400.0,2026-02-10,412.9,
2026-01-07 11:33:31+05:30,NIFTY2621026400CE,26400.0,2026-02-10,412.9,
2026-01-07 11:33:32+05:30,NIFTY2621026400CE,26400.0,2026-02-10,412.9,
2026-01-07 11:33:33+05:30,NIFTY2621026400CE,26400.0,2026-02-10,412.9,
2026-01-07 11:33:34+05:30,NIFTY2621026400CE,26400.0,2026-02-10,412.9,
2026-01-07 11:33:35+05:30,NIFTY2621026400CE,26400.0,2026-02-10,412.9,
2026-01-07 11:33:36+05:30,NIFTY2621026400CE,26400.0,2026-02-10,412.9,
2026-01-07 11:33:37+05:30,NIFTY2621026400CE,26400.0,2026-02-10,412.9,
2026-01-07 11:33:38+05:30,NIFTY2621026400CE,26400.0,2026-02-10,412.9,
2026-01-07 11:33:39+05:30,NIFTY2621026400CE,26400.0,2026-02-10,412.9,
2026-01-07 11:33:40+05:30,NIFTY2621026400CE,26400.0,2026-02-10,412.9,
2026-01-07 11:33:41+05:30,NIFTY2621026400CE,26400.0,2026-02-10,412.9,
2026-01-07 11:33:42+05:30,NIFTY2621026400CE,26400.0,2026-02-10,412.9,
2026-01-07 11:33:43+05:30,NIFTY2621026400CE,26400.0,2026-02-10,412.9,
2026-01-07 11:33:44+05:30,NIFTY2621026400CE,26400.0,2026-02-10,412.9,
2026-01-07 11:33:45+05:30,NIFTY2621026400CE,26400.0,2026-02-10,412.9,
2026-01-07 11:33:46+05:30,NIFTY2621026400CE,26400.0,2026-02-10,412.9,
2026-01-07 11:33:47+05:30,NIFTY2621026400CE,26400.0,2026-02-10,412.9,
2026-01-07 11:33:48+05:30,NIFTY2621026400CE,26400.0,2026-02-10,412.9,
2026-01-07 11:33:49+05:30,NIFTY2621026400CE,26400.0,2026-02-10,412.9,
2026-01-07 11:33:50+05:30,NIFTY2621026400CE,26400.0,2026-02-10,412.9,
2026-01-07 11:33:51+05:30,NIFTY2621026400CE,26400.0,2026-02-10,412.9,
2026-01-07 11:33:52+05:30,NIFTY2621026400CE,26400.0,2026-02-10,412.9,
2026-01-07 11:33:53+05:30,NIFTY2621026400CE,26400.0,2026-02-10,412.9,
2026-01-07 11:33:54+05:30,NIFTY2621026400CE,26400.0,2026-02-10,412.9,
2026-01-07 11:33:55+05:30,NIFTY2621026400CE,26400.0,2026-02-10,412.9,
2026-01-07 11:33:56+05:30,NIFTY2621026400CE,26400.0,2026-02-10,412.9,
2026-01-07 11:33:57+05:30,NIFTY2621026400CE,26400.0,2026-02-10,412.9,
2026-01-07 11:33:58+05:30,NIFTY2621026400CE,26400.0,2026-02-10,412.9,
2026-01-07 11:33:59+05:30,NIFTY2621026400CE,26400.0,2026-02-10,412.9,
2026-01-07 11:34:00+05:30,NIFTY2621026400CE,26400.0,2026-02-10,412.9,
2026-01-07 11:34:01+05:30,NIFTY2621026400CE,26400.0,2026-02-10,412.9,
2026-01-07 11:34:02+05:30,NIFTY2621026400CE,26400.0,2026-02-10,412.9,
2026-01-07 11:34:03+05:30,NIFTY2621026400CE,26400.0,2026-02-10,412.9,
2026-01-07 11:34:04+05:30,NIFTY2621026400CE,26400.0,2026-02-10,412.9,
2026-01-07 11:34:05+05:30,NIFTY2621026400CE,26400.0,2026-02-10,412.9,
2026-01-07 11:34:06+05:30,NIFTY2621026400CE,26400.0,2026-02-10,412.9,
2026-01-07 11:34:07+05:30,NIFTY2621026400CE,26400.0,2026-02-10,412.9,
2026-01-07 11:34:08+05:30,NIFTY2621026400CE,26400.0,2026-02-10,412.9,
2026-01-07 11:34:09+05:30,NIFTY2621026400CE,26400.0,2026-02-10,412.9,
2026-01-07 11:34:10+05:30,NIFTY2621026400CE,26400.0,2026-02-10,412.9,
2026-01-07 11:34:11+05:30,NIFTY2621026400CE,26400.0,2026-02-10,412.9,
2026-01-07 11:34:12+05:30,NIFTY2621026400CE,26400.0,2026-02-10,412.9,
2026-01-07 11:34:13+05:30,NIFTY2621026400CE,26400.0,2026-02-10,412.9,
2026-01-07 11:34:14+05:30,NIFTY2621026400CE,26400.0,2026-02-10,412.9,
2026-01-07 11:34:15+05:30,NIFTY2621026400CE,26400.0,2026-02-10,412.9,
2026-01-07 11:34:16+05:30,NIFTY2621026400CE,26400.0,2026-02-10,412.9,
2026-01-07 11:34:17+05:30,NIFTY2621026400CE,26400.0,2026-02-10,412.9,
2026-01-07 11:34:18+05:30,NIFTY2621026400CE,26400.0,2026-02-10,412.9,
2026-01-07 11:34:19+05:30,NIFTY2621026400CE,26400.0,2026-02-10,412.9,
2026-01-07 11:34:20+05:30,NIFTY2621026400CE,26400.0,2026-02-10,412.9,
2026-01-07 11:34:21+05:30,NIFTY2621026400CE,26400.0,2026-02-10,412.9,
2026-01-07 11:34:22+05:30,NIFTY2621026400CE,26400.0,2026-02-10,412.9,
2026-01-07 11:34:23+05:30,NIFTY2621026400CE,26400.0,2026-02-10,412.9,
2026-01-07 11:34:24+05:30,NIFTY2621026400CE,26400.0,2026-02-10,412.9,
2026-01-07 11:34:25+05:30,NIFTY2621026400CE,26400.0,2026-02-10,412.9,
2026-01-07 11:34:26+05:30,NIFTY2621026400CE,26400.0,2026-02-10,412.9,
2026-01-07 11:34:27+05:30,NIFTY2621026400CE,26400.0,2026-02-10,412.9,
2026-01-07 11:34:28+05:30,NIFTY2621026400CE,26400.0,2026-02-10,412.9,
2026-01-07 11:34:29+05:30,NIFTY2621026400CE,26400.0,2026-02-10,412.9,
2026-01-07 11:34:30+05:30,NIFTY2621026400CE,26400.0,2026-02-10,412.9,
2026-01-07 11:34:31+05:30,NIFTY2621026400CE,26400.0,2026-02-10,412.9,
2026-01-07 11:34:32+05:30,NIFTY2621026400CE,26400.0,2026-02-10,412.9,
2026-01-07 11:34:33+05:30,NIFTY2621026400CE,26400.0,2026-02-10,412.9,
2026-01-07 11:34:34+05:30,NIFTY2621026400CE,26400.0,2026-02-10,412.9,
2026-01-07 11:34:35+05:30,NIFTY2621026400CE,26400.0,2026-02-10,412.9,
2026-01-07 11:34:36+05:30,NIFTY2621026400CE,26400.0,2026-02-10,412.9,
2026-01-07 11:34:37+05:30,NIFTY2621026400CE,26400.0,2026-02-10,412.9,
2026-01-07 11:34:38+05:30,NIFTY2621026400CE,26400.0,2026-02-10,412.9,
2026-01-07 11:34:39+05:30,NIFTY2621026400CE,26400.0,2026-02-10,412.9,
2026-01-07 11:34:40+05:30,NIFTY2621026400CE,26400.0,2026-02-10,412.9,
2026-01-07 11:34:41+05:30,NIFTY2621026400CE,26400.0,2026-02-10,412.9,
2026-01-07 11:34:42+05:30,NIFTY2621026400CE,26400.0,2026-02-10,412.9,
2026-01-07 11:34:43+05:30,NIFTY2621026400CE,26400.0,2026-02-10,412.9,
2026-01-07 11:34:44+05:30,NIFTY2621026400CE,26400.0,2026-02-10,412.9,
2026-01-07 11:34:45+05:30,NIFTY2621026400CE,26400.0,2026-02-10,412.9,
2026-01-07 11:34:46+05:30,NIFTY2621026400CE,26400.0,2026-02-10,412.9,
2026-01-07 11:34:47+05:30,NIFTY2621026400CE,26400.0,2026-02-10,412.9,
2026-01-07 11:34:48+05:30,NIFTY2621026400CE,26400.0,2026-02-10,412.9,
2026-01-07 11:34:49+05:30,NIFTY2621026400CE,26400.0,2026-02-10,412.9,
2026-01-07 11:34:50+05:30,NIFTY2621026400CE,26400.0,2026-02-10,412.9,
2026-01-07 11:34:51+05:30,NIFTY2621026400CE,26400.0,2026-02-10,412.9,
2026-01-07 11:34:52+05:30,NIFTY2621026400CE,26400.0,2026-02-10,412.9,
2026-01-07 11:34:53+05:30,NIFTY2621026400CE,26400.0,2026-02-10,412.9,
2026-01-07 11:34:54+05:30,NIFTY2621026400CE,26400.0,2026-02-10,412.9,
2026-01-07 11:34:55+05:30,NIFTY2621026400CE,26400.0,2026-02-10,412.9,
2026-01-07 11:34:56+05:30,NIFTY2621026400CE,26400.0,2026-02-10,412.9,
2026-01-07 11:34:57+05:30,NIFTY2621026400CE,26400.0,2026-02-10,412.9,
2026-01-07 11:34:58+05:30,NIFTY2621026400CE,26400.0,2026-02-10,412.9,
2026-01-07 11:34:59+05:30,NIFTY2621026400CE,26400.0,2026-02-10,412.9,
2026-01-07 11:35:00+05:30,NIFTY2621026400CE,26400.0,2026-02-10,412.9,
2026-01-07 11:35:01+05:30,NIFTY2621026400CE,26400.0,2026-02-10,412.9,
2026-01-07 11:35:02+05:30,NIFTY2621026400CE,26400.0,2026-02-10,412.9,
2026-01-07 11:35:03+05:30,NIFTY2621026400CE,26400.0,2026-02-10,412.9,
2026-01-07 11:35:04+05:30,NIFTY2621026400CE,26400.0,2026-02-10,412.9,
2026-01-07 11:35:05+05:30,NIFTY2621026400CE,26400.0,2026-02-10,412.9,
2026-01-07 11:35:06+05:30,NIFTY2621026400CE,26400.0,2026-02-10,412.9,
2026-01-07 11:35:07+05:30,NIFTY2621026400CE,26400.0,2026-02-10,412.9,
2026-01-07 11:35:08+05:30,NIFTY2621026400CE,26400.0,2026-02-10,412.9,
2026-01-07 11:35:09+05:30,NIFTY2621026400CE,26400.0,2026-02-10,412.9,
2026-01-07 11:35:10+05:30,NIFTY2621026400CE,26400.0,2026-02-10,412.9,
2026-01-07 11:35:11+05:30,NIFTY2621026400CE,26400.0,2026-02-10,412.9,
2026-01-07 11:35:12+05:30,NIFTY2621026400CE,26400.0,2026-02-10,412.9,
2026-01-07 11:35:13+05:30,NIFTY2621026400CE,26400.0,2026-02-10,412.9,
2026-01-07 11:35:14+05:30,NIFTY2621026400CE,26400.0,2026-02-10,412.9,
2026-01-07 11:35:15+05:30,NIFTY2621026400CE,26400.0,2026-02-10,412.9,
2026-01-07 11:35:16+05:30,NIFTY2621026400CE,26400.0,2026-02-10,412.9,
2026-01-07 11:35:17+05:30,NIFTY2621026400CE,26400.0,2026-02-10,412.9,
2026-01-07 11:35:18+05:30,NIFTY2621026400CE,26400.0,2026-02-10,412.9,
2026-01-07 11:35:19+05:30,NIFTY2621026400CE,26400.0,2026-02-10,412.9,
2026-01-07 11:35:20+05:30,NIFTY2621026400CE,26400.0,2026-02-10,412.9,
2026-01-07 11:35:21+05:30,NIFTY2621026400CE,26400.0,2026-02-10,412.9,
2026-01-07 11:35:22+05:30,NIFTY2621026400CE,26400.0,2026-02-10,412.9,
2026-01-07 11:35:23+05:30,NIFTY2621026400CE,26400.0,2026-02-10,412.9,
2026-01-07 11:35:24+05:30,NIFTY2621026400CE,26400.0,2026-02-10,412.9,
2026-01-07 11:35:25+05:30,NIFTY2621026400CE,26400.0,2026-02-10,412.9,
2026-01-07 11:35:26+05:30,NIFTY2621026400CE,26400.0,2026-02-10,412.9,
2026-01-07 11:35:27+05:30,NIFTY2621026400CE,26400.0,2026-02-10,412.9,
2026-01-07 11:35:28+05:30,NIFTY2621026400CE,26400.0,2026-02-10,412.9,
2026-01-07 11:35:29+05:30,NIFTY2621026400CE,26400.0,2026-02-10,412.9,
2026-01-07 11:35:30+05:30,NIFTY2621026400CE,26400.0,2026-02-10,412.9,
2026-01-07 11:35:31+05:30,NIFTY2621026400CE,26400.0,2026-02-10,412.9,
2026-01-07 11:35:32+05:30,NIFTY2621026400CE,26400.0,2026-02-10,412.9,
2026-01-07 11:35:33+05:30,NIFTY2621026400CE,26400.0,2026-02-10,412.9,
2026-01-07 11:35:34+05:30,NIFTY2621026400CE,26400.0,2026-02-10,412.9,
2026-01-07 11:35:35+05:30,NIFTY2621026400CE,26400.0,2026-02-10,412.9,
2026-01-07 11:35:36+05:30,NIFTY2621026400CE,26400.0,2026-02-10,412.9,
2026-01-07 11:35:37+05:30,NIFTY2621026400CE,26400.0,2026-02-10,412.9,
2026-01-07 11:35:38+05:30,NIFTY2621026400CE,26400.0,2026-02-10,412.9,
2026-01-07 11:35:39+05:30,NIFTY2621026400CE,26400.0,2026-02-10,412.9,
2026-01-07 11:35:40+05:30,NIFTY2621026400CE,26400.0,2026-02-10,412.9,
2026-01-07 11:35:41+05:30,NIFTY2621026400CE,26400.0,2026-02-10,412.9,
2026-01-07 11:35:42+05:30,NIFTY2621026400CE,26400.0,2026-02-10,412.9,
2026-01-07 11:35:43+05:30,NIFTY2621026400CE,26400.0,2026-02-10,412.9,
2026-01-07 11:35:44+05:30,NIFTY2621026400CE,26400.0,2026-02-10,412.9,
2026-01-07 11:35:45+05:30,NIFTY2621026400CE,26400.0,2026-02-10,412.9,
2026-01-07 11:35:46+05:30,NIFTY2621026400CE,26400.0,2026-02-10,412.9,
2026-01-07 11:35:47+05:30,NIFTY2621026400CE,26400.0,2026-02-10,412.9,
2026-01-07 11:35:48+05:30,NIFTY2621026400CE,26400.0,2026-02-10,412.9,
2026-01-07 11:35:49+05:30,NIFTY2621026400CE,26400.0,2026-02-10,412.9,
2026-01-07 11:35:50+05:30,NIFTY2621026400CE,26400.0,2026-02-10,412.9,
2026-01-07 11:35:51+05:30,NIFTY2621026400CE,26400.0,2026-02-10,412.9,
2026-01-07 11:35:52+05:30,NIFTY2621026400CE,26400.0,2026-02-10,412.9,
2026-01-07 11:35:53+05:30,NIFTY2621026400CE,26400.0,2026-02-10,412.9,
2026-01-07 11:35:54+05:30,NIFTY2621026400CE,26400.0,2026-02-10,412.9,
2026-01-07 11:35:55+05:30,NIFTY2621026400CE,26400.0,2026-02-10,412.9,
2026-01-07 11:35:56+05:30,NIFTY2621026400CE,26400.0,2026-02-10,412.9,
2026-01-07 11:35:57+05:30,NIFTY2621026400CE,26400.0,2026-02-10,412.9,
2026-01-07 11:35:58+05:30,NIFTY2621026400CE,26400.0,2026-02-10,412.9,
2026-01-07 11:35:59+05:30,NIFTY2621026400CE,26400.0,2026-02-10,412.9,
2026-01-07 11:36:00+05:30,NIFTY2621026400CE,26400.0,2026-02-10,412.9,
2026-01-07 11:36:01+05:30,NIFTY2621026400CE,26400.0,2026-02-10,412.9,
2026-01-07 11:36:02+05:30,NIFTY2621026400CE,26400.0,2026-02-10,412.9,
2026-01-07 11:36:03+05:30,NIFTY2621026400CE,26400.0,2026-02-10,412.9,
2026-01-07 11:36:04+05:30,NIFTY2621026400CE,26400.0,2026-02-10,412.9,
2026-01-07 11:36:05+05:30,NIFTY2621026400CE,26400.0,2026-02-10,412.9,
2026-01-07 11:36:06+05:30,NIFTY2621026400CE,26400.0,2026-02-10,412.9,
2026-01-07 11:36:07+05:30,NIFTY2621026400CE,26400.0,2026-02-10,412.9,
2026-01-07 11:36:08+05:30,NIFTY2621026400CE,26400.0,2026-02-10,412.9,
2026-01-07 11:36:09+05:30,NIFTY2621026400CE,26400.0,2026-02-10,412.9,
2026-01-07 11:36:10+05:30,NIFTY2621026400CE,26400.0,2026-02-10,412.9,
2026-01-07 11:36:11+05:30,NIFTY2621026400CE,26400.0,2026-02-10,412.9,
2026-01-07 11:36:12+05:30,NIFTY2621026400CE,26400.0,2026-02-10,412.9,
2026-01-07 11:36:13+05:30,NIFTY2621026400CE,26400.0,2026-02-10,412.9,
2026-01-07 11:36:14+05:30,NIFTY2621026400CE,26400.0,2026-02-10,412.9,
2026-01-07 11:36:15+05:30,NIFTY2621026400CE,26400.0,2026-02-10,412.9,
2026-01-07 11:36:16+05:30,NIFTY2621026400CE,26400.0,2026-02-10,412.9,
2026-01-07 11:36:17+05:30,NIFTY2621026400CE,26400.0,2026-02-10,412.9,
2026-01-07 11:36:18+05:30,NIFTY2621026400CE,26400.0,2026-02-10,412.9,
2026-01-07 11:36:19+05:30,NIFTY2621026400CE,26400.0,2026-02-10,412.9,
2026-01-07 11:36:20+05:30,NIFTY2621026400CE,26400.0,2026-02-10,412.9,
2026-01-07 11:36:21+05:30,NIFTY2621026400CE,26400.0,2026-02-10,412.9,
2026-01-07 11:36:22+05:30,NIFTY2621026400CE,26400.0,2026-02-10,412.9,
2026-01-07 11:36:23+05:30,NIFTY2621026400CE,26400.0,2026-02-10,412.9,
2026-01-07 11:36:24+05:30,NIFTY2621026400CE,26400.0,2026-02-10,412.9,
2026-01-07 11:36:25+05:30,NIFTY2621026400CE,26400.0,2026-02-10,412.9,
2026-01-07 11:36:26+05:30,NIFTY2621026400CE,26400.0,2026-02-10,412.9,
2026-01-07 11:36:27+05:30,NIFTY2621026400CE,26400.0,2026-02-10,412.9,
2026-01-07 11:36:28+05:30,NIFTY2621026400CE,26400.0,2026-02-10,412.9,
2026-01-07 11:36:29+05:30,NIFTY2621026400CE,26400.0,2026-02-10,412.9,
2026-01-07 11:36:30+05:30,NIFTY2621026400CE,26400.0,2026-02-10,412.9,
2026-01-07 11:36:31+05:30,NIFTY2621026400CE,26400.0,2026-02-10,412.9,
2026-01-07 11:36:32+05:30,NIFTY2621026400CE,26400.0,2026-02-10,412.9,
2026-01-07 11:36:33+05:30,NIFTY2621026400CE,26400.0,2026-02-10,412.9,
2026-01-07 11:36:34+05:30,NIFTY2621026400CE,26400.0,2026-02-10,412.9,
2026-01-07 11:36:35+05:30,NIFTY2621026400CE,26400.0,2026-02-10,412.9,
2026-01-07 11:36:36+05:30,NIFTY2621026400CE,26400.0,2026-02-10,412.9,
2026-01-07 11:36:37+05:30,NIFTY2621026400CE,26400.0,2026-02-10,412.9,
2026-01-07 11:36:38+05:30,NIFTY2621026400CE,26400.0,2026-02-10,412.9,
2026-01-07 11:36:39+05:30,NIFTY2621026400CE,26400.0,2026-02-10,412.9,
2026-01-07 11:36:40+05:30,NIFTY2621026400CE,26400.0,2026-02-10,412.9,
2026-01-07 11:36:41+05:30,NIFTY2621026400CE,26400.0,2026-02-10,412.9,
2026-01-07 11:36:42+05:30,NIFTY2621026400CE,26400.0,2026-02-10,412.9,
2026-01-07 11:36:43+05:30,NIFTY2621026400CE,26400.0,2026-02-10,412.9,
2026-01-07 11:36:44+05:30,NIFTY2621026400CE,26400.0,2026-02-10,412.9,
2026-01-07 11:36:45+05:30,NIFTY2621026400CE,26400.0,2026-02-10,412.9,
2026-01-07 11:36:46+05:30,NIFTY2621026400CE,26400.0,2026-02-10,412.9,
2026-01-07 11:36:47+05:30,NIFTY2621026400CE,26400.0,2026-02-10,412.9,
2026-01-07 11:36:48+05:30,NIFTY2621026400CE,26400.0,2026-02-10,412.9,
2026-01-07 11:36:49+05:30,NIFTY2621026400CE,26400.0,2026-02-10,412.9,
2026-01-07 11:36:50+05:30,NIFTY2621026400CE,26400.0,2026-02-10,412.9,
2026-01-07 11:36:51+05:30,NIFTY2621026400CE,26400.0,2026-02-10,412.9,
2026-01-07 11:36:52+05:30,NIFTY2621026400CE,26400.0,2026-02-10,412.9,
2026-01-07 11:36:53+05:30,NIFTY2621026400CE,26400.0,2026-02-10,412.9,
2026-01-07 11:36:54+05:30,NIFTY2621026400CE,26400.0,2026-02-10,412.9,
2026-01-07 11:36:55+05:30,NIFTY2621026400CE,26400.0,2026-02-10,412.9,
2026-01-07 11:36:56+05:30,NIFTY2621026400CE,26400.0,2026-02-10,412.9,
2026-01-07 11:36:57+05:30,NIFTY2621026400CE,26400.0,2026-02-10,412.9,
2026-01-07 11:36:58+05:30,NIFTY2621026400CE,26400.0,2026-02-10,412.9,
2026-01-07 11:36:59+05:30,NIFTY2621026400CE,26400.0,2026-02-10,412.9,
2026-01-07 11:37:00+05:30,NIFTY2621026400CE,26400.0,2026-02-10,412.9,
2026-01-07 11:37:01+05:30,NIFTY2621026400CE,26400.0,2026-02-10,412.9,
2026-01-07 11:37:02+05:30,NIFTY2621026400CE,26400.0,2026-02-10,412.9,
2026-01-07 11:37:03+05:30,NIFTY2621026400CE,26400.0,2026-02-10,412.9,
2026-01-07 11:37:04+05:30,NIFTY2621026400CE,26400.0,2026-02-10,412.9,
2026-01-07 11:37:05+05:30,NIFTY2621026400CE,26400.0,2026-02-10,412.9,
2026-01-07 11:37:06+05:30,NIFTY2621026400CE,26400.0,2026-02-10,412.9,
2026-01-07 11:37:07+05:30,NIFTY2621026400CE,26400.0,2026-02-10,412.9,
2026-01-07 11:37:08+05:30,NIFTY2621026400CE,26400.0,2026-02-10,412.9,
2026-01-07 11:37:09+05:30,NIFTY2621026400CE,26400.0,2026-02-10,412.9,
2026-01-07 11:37:10+05:30,NIFTY2621026400CE,26400.0,2026-02-10,412.9,
2026-01-07 11:37:11+05:30,NIFTY2621026400CE,26400.0,2026-02-10,412.9,
2026-01-07 11:37:12+05:30,NIFTY2621026400CE,26400.0,2026-02-10,412.9,
2026-01-07 11:37:13+05:30,NIFTY2621026400CE,26400.0,2026-02-10,412.9,
2026-01-07 11:37:14+05:30,NIFTY2621026400CE,26400.0,2026-02-10,412.9,
2026-01-07 11:37:15+05:30,NIFTY2621026400CE,26400.0,2026-02-10,412.9,
2026-01-07 11:37:16+05:30,NIFTY2621026400CE,26400.0,2026-02-10,412.9,
2026-01-07 11:37:17+05:30,NIFTY2621026400CE,26400.0,2026-02-10,412.9,
2026-01-07 11:37:18+05:30,NIFTY2621026400CE,26400.0,2026-02-10,412.9,
2026-01-07 11:37:19+05:30,NIFTY2621026400CE,26400.0,2026-02-10,412.9,
2026-01-07 11:37:20+05:30,NIFTY2621026400CE,26400.0,2026-02-10,412.9,
2026-01-07 11:37:21+05:30,NIFTY2621026400CE,26400.0,2026-02-10,412.9,
2026-01-07 11:37:22+05:30,NIFTY2621026400CE,26400.0,2026-02-10,412.9,
2026-01-07 11:37:23+05:30,NIFTY2621026400CE,26400.0,2026-02-10,412.9,
2026-01-07 11:37:24+05:30,NIFTY2621026400CE,26400.0,2026-02-10,412.9,
2026-01-07 11:37:25+05:30,NIFTY2621026400CE,26400.0,2026-02-10,412.9,
2026-01-07 11:37:26+05:30,NIFTY2621026400CE,26400.0,2026-02-10,412.9,
2026-01-07 11:37:27+05:30,NIFTY2621026400CE,26400.0,2026-02-10,412.9,
2026-01-07 11:37:28+05:30,NIFTY2621026400CE,26400.0,2026-02-10,412.9,
2026-01-07 11:37:29+05:30,NIFTY2621026400CE,26400.0,2026-02-10,412.9,
2026-01-07 11:37:30+05:30,NIFTY2621026400CE,26400.0,2026-02-10,412.9,
2026-01-07 11:37:31+05:30,NIFTY2621026400CE,26400.0,2026-02-10,412.9,
2026-01-07 11:37:32+05:30,NIFTY2621026400CE,26400.0,2026-02-10,412.9,
2026-01-07 11:37:33+05:30,NIFTY2621026400CE,26400.0,2026-02-10,412.9,
2026-01-07 11:37:34+05:30,NIFTY2621026400CE,26400.0,2026-02-10,412.9,
2026-01-07 11:37:35+05:30,NIFTY2621026400CE,26400.0,2026-02-10,412.9,
2026-01-07 11:37:36+05:30,NIFTY2621026400CE,26400.0,2026-02-10,412.9,
2026-01-07 11:37:37+05:30,NIFTY2621026400CE,26400.0,2026-02-10,412.9,
2026-01-07 11:37:38+05:30,NIFTY2621026400CE,26400.0,2026-02-10,412.9,
2026-01-07 11:37:39+05:30,NIFTY2621026400CE,26400.0,2026-02-10,412.9,
2026-01-07 11:37:40+05:30,NIFTY2621026400CE,26400.0,2026-02-10,412.9,
2026-01-07 11:37:41+05:30,NIFTY2621026400CE,26400.0,2026-02-10,412.9,
2026-01-07 11:37:42+05:30,NIFTY2621026400CE,26400.0,2026-02-10,412.9,
2026-01-07 11:37:43+05:30,NIFTY2621026400CE,26400.0,2026-02-10,412.9,
2026-01-07 11:37:44+05:30,NIFTY2621026400CE,26400.0,2026-02-10,412.9,
2026-01-07 11:37:45+05:30,NIFTY2621026400CE,26400.0,2026-02-10,412.9,
2026-01-07 11:37:46+05:30,NIFTY2621026400CE,26400.0,2026-02-10,412.9,
2026-01-07 11:37:47+05:30,NIFTY2621026400CE,26400.0,2026-02-10,412.9,
2026-01-07 11:37:48+05:30,NIFTY2621026400CE,26400.0,2026-02-10,412.9,
2026-01-07 11:37:49+05:30,NIFTY2621026400CE,26400.0,2026-02-10,412.9,
2026-01-07 11:37:50+05:30,NIFTY2621026400CE,26400.0,2026-02-10,412.9,
2026-01-07 11:37:51+05:30,NIFTY2621026400CE,26400.0,2026-02-10,412.9,
2026-01-07 11:37:52+05:30,NIFTY2621026400CE,26400.0,2026-02-10,412.9,
2026-01-07 11:37:53+05:30,NIFTY2621026400CE,26400.0,2026-02-10,412.9,
2026-01-07 11:37:54+05:30,NIFTY2621026400CE,26400.0,2026-02-10,412.9,
2026-01-07 11:37:55+05:30,NIFTY2621026400CE,26400.0,2026-02-10,412.9,
2026-01-07 11:37:56+05:30,NIFTY2621026400CE,26400.0,2026-02-10,412.9,
2026-01-07 11:37:57+05:30,NIFTY2621026400CE,26400.0,2026-02-10,412.9,
2026-01-07 11:37:58+05:30,NIFTY2621026400CE,26400.0,2026-02-10,412.9,
2026-01-07 11:37:59+05:30,NIFTY2621026400CE,26400.0,2026-02-10,412.9,
2026-01-07 11:38:00+05:30,NIFTY2621026400CE,26400.0,2026-02-10,412.9,
2026-01-07 11:38:01+05:30,NIFTY2621026400CE,26400.0,2026-02-10,412.9,
2026-01-07 11:38:02+05:30,NIFTY2621026400CE,26400.0,2026-02-10,412.9,
2026-01-07 11:38:03+05:30,NIFTY2621026400CE,26400.0,2026-02-10,412.9,
2026-01-07 11:38:04+05:30,NIFTY2621026400CE,26400.0,2026-02-10,412.9,
2026-01-07 11:38:05+05:30,NIFTY2621026400CE,26400.0,2026-02-10,412.9,
2026-01-07 11:38:06+05:30,NIFTY2621026400CE,26400.0,2026-02-10,412.9,
2026-01-07 11:38:07+05:30,NIFTY2621026400CE,26400.0,2026-02-10,412.9,
2026-01-07 11:38:08+05:30,NIFTY2621026400CE,26400.0,2026-02-10,412.9,
2026-01-07 11:38:09+05:30,NIFTY2621026400CE,26400.0,2026-02-10,412.9,
2026-01-07 11:38:10+05:30,NIFTY2621026400CE,26400.0,2026-02-10,412.9,
2026-01-07 11:38:11+05:30,NIFTY2621026400CE,26400.0,2026-02-10,412.9,
2026-01-07 11:38:12+05:30,NIFTY2621026400CE,26400.0,2026-02-10,412.9,
2026-01-07 11:38:13+05:30,NIFTY2621026400CE,26400.0,2026-02-10,412.9,
2026-01-07 11:38:14+05:30,NIFTY2621026400CE,26400.0,2026-02-10,412.9,
2026-01-07 11:38:15+05:30,NIFTY2621026400CE,26400.0,2026-02-10,412.9,
2026-01-07 11:38:16+05:30,NIFTY2621026400CE,26400.0,2026-02-10,412.9,
2026-01-07 11:38:17+05:30,NIFTY2621026400CE,26400.0,2026-02-10,412.9,
2026-01-07 11:38:18+05:30,NIFTY2621026400CE,26400.0,2026-02-10,412.9,
2026-01-07 11:38:19+05:30,NIFTY2621026400CE,26400.0,2026-02-10,412.9,
2026-01-07 11:38:20+05:30,NIFTY2621026400CE,26400.0,2026-02-10,412.9,
2026-01-07 11:38:21+05:30,NIFTY2621026400CE,26400.0,2026-02-10,412.9,
2026-01-07 11:38:22+05:30,NIFTY2621026400CE,26400.0,2026-02-10,412.9,
2026-01-07 11:38:23+05:30,NIFTY2621026400CE,26400.0,2026-02-10,412.9,
2026-01-07 11:38:24+05:30,NIFTY2621026400CE,26400.0,2026-02-10,412.9,
2026-01-07 11:38:25+05:30,NIFTY2621026400CE,26400.0,2026-02-10,412.9,
2026-01-07 11:38:26+05:30,NIFTY2621026400CE,26400.0,2026-02-10,412.9,
2026-01-07 11:38:27+05:30,NIFTY2621026400CE,26400.0,2026-02-10,412.9,
2026-01-07 11:38:28+05:30,NIFTY2621026400CE,26400.0,2026-02-10,412.9,
2026-01-07 11:38:29+05:30,NIFTY2621026400CE,26400.0,2026-02-10,412.9,
2026-01-07 11:38:30+05:30,NIFTY2621026400CE,26400.0,2026-02-10,412.9,
2026-01-07 11:38:31+05:30,NIFTY2621026400CE,26400.0,2026-02-10,412.9,
2026-01-07 11:38:32+05:30,NIFTY2621026400CE,26400.0,2026-02-10,412.9,
2026-01-07 11:38:33+05:30,NIFTY2621026400CE,26400.0,2026-02-10,412.9,
2026-01-07 11:38:34+05:30,NIFTY2621026400CE,26400.0,2026-02-10,412.9,
2026-01-07 11:38:35+05:30,NIFTY2621026400CE,26400.0,2026-02-10,412.9,
2026-01-07 11:38:36+05:30,NIFTY2621026400CE,26400.0,2026-02-10,412.9,
2026-01-07 11:38:37+05:30,NIFTY2621026400CE,26400.0,2026-02-10,412.9,
2026-01-07 11:38:38+05:30,NIFTY2621026400CE,26400.0,2026-02-10,412.9,
2026-01-07 11:38:39+05:30,NIFTY2621026400CE,26400.0,2026-02-10,412.9,
2026-01-07 11:38:40+05:30,NIFTY2621026400CE,26400.0,2026-02-10,412.9,
2026-01-07 11:38:41+05:30,NIFTY2621026400CE,26400.0,2026-02-10,412.9,
2026-01-07 11:38:42+05:30,NIFTY2621026400CE,26400.0,2026-02-10,412.9,
2026-01-07 11:38:43+05:30,NIFTY2621026400CE,26400.0,2026-02-10,412.9,
2026-01-07 11:38:44+05:30,NIFTY2621026400CE,26400.0,2026-02-10,412.9,
2026-01-07 11:38:45+05:30,NIFTY2621026400CE,26400.0,2026-02-10,412.9,
2026-01-07 11:38:46+05:30,NIFTY2621026400CE,26400.0,2026-02-10,412.9,
2026-01-07 11:38:47+05:30,NIFTY2621026400CE,26400.0,2026-02-10,412.9,
2026-01-07 11:38:48+05:30,NIFTY2621026400CE,26400.0,2026-02-10,412.9,
2026-01-07 11:38:49+05:30,NIFTY2621026400CE,26400.0,2026-02-10,412.9,
2026-01-07 11:38:50+05:30,NIFTY2621026400CE,26400.0,2026-02-10,412.9,
2026-01-07 11:38:51+05:30,NIFTY2621026400CE,26400.0,2026-02-10,412.9,
2026-01-07 11:38:52+05:30,NIFTY2621026400CE,26400.0,2026-02-10,412.9,
2026-01-07 11:38:53+05:30,NIFTY2621026400CE,26400.0,2026-02-10,412.9,
2026-01-07 11:38:54+05:30,NIFTY2621026400CE,26400.0,2026-02-10,412.9,
2026-01-07 11:38:55+05:30,NIFTY2621026400CE,26400.0,2026-02-10,412.9,
2026-01-07 11:38:56+05:30,NIFTY2621026400CE,26400.0,2026-02-10,412.9,
2026-01-07 11:38:57+05:30,NIFTY2621026400CE,26400.0,2026-02-10,412.9,
2026-01-07 11:38:58+05:30,NIFTY2621026400CE,26400.0,2026-02-10,412.9,
2026-01-07 11:38:59+05:30,NIFTY2621026400CE,26400.0,2026-02-10,412.9,
2026-01-07 11:39:00+05:30,NIFTY2621026400CE,26400.0,2026-02-10,412.9,
2026-01-07 11:39:01+05:30,NIFTY2621026400CE,26400.0,2026-02-10,412.9,
2026-01-07 11:39:02+05:30,NIFTY2621026400CE,26400.0,2026-02-10,412.9,
2026-01-07 11:39:03+05:30,NIFTY2621026400CE,26400.0,2026-02-10,412.9,
2026-01-07 11:39:04+05:30,NIFTY2621026400CE,26400.0,2026-02-10,412.9,
2026-01-07 11:39:05+05:30,NIFTY2621026400CE,26400.0,2026-02-10,412.9,
2026-01-07 11:39:06+05:30,NIFTY2621026400CE,26400.0,2026-02-10,412.9,
2026-01-07 11:39:07+05:30,NIFTY2621026400CE,26400.0,2026-02-10,412.9,
2026-01-07 11:39:08+05:30,NIFTY2621026400CE,26400.0,2026-02-10,412.9,
2026-01-07 11:39:09+05:30,NIFTY2621026400CE,26400.0,2026-02-10,412.9,
2026-01-07 11:39:10+05:30,NIFTY2621026400CE,26400.0,2026-02-10,412.9,
2026-01-07 11:39:11+05:30,NIFTY2621026400CE,26400.0,2026-02-10,412.9,
2026-01-07 11:39:12+05:30,NIFTY2621026400CE,26400.0,2026-02-10,412.9,
2026-01-07 11:39:13+05:30,NIFTY2621026400CE,26400.0,2026-02-10,412.9,
2026-01-07 11:39:14+05:30,NIFTY2621026400CE,26400.0,2026-02-10,412.9,
2026-01-07 11:39:15+05:30,NIFTY2621026400CE,26400.0,2026-02-10,412.9,
2026-01-07 11:39:16+05:30,NIFTY2621026400CE,26400.0,2026-02-10,412.9,
2026-01-07 11:39:17+05:30,NIFTY2621026400CE,26400.0,2026-02-10,412.9,
2026-01-07 11:39:18+05:30,NIFTY2621026400CE,26400.0,2026-02-10,412.9,
2026-01-07 11:39:19+05:30,NIFTY2621026400CE,26400.0,2026-02-10,412.9,
2026-01-07 11:39:20+05:30,NIFTY2621026400CE,26400.0,2026-02-10,412.9,
2026-01-07 11:39:21+05:30,NIFTY2621026400CE,26400.0,2026-02-10,412.9,
2026-01-07 11:39:22+05:30,NIFTY2621026400CE,26400.0,2026-02-10,412.9,
2026-01-07 11:39:23+05:30,NIFTY2621026400CE,26400.0,2026-02-10,412.9,
2026-01-07 11:39:24+05:30,NIFTY2621026400CE,26400.0,2026-02-10,412.9,
2026-01-07 11:39:25+05:30,NIFTY2621026400CE,26400.0,2026-02-10,412.9,
2026-01-07 11:39:26+05:30,NIFTY2621026400CE,26400.0,2026-02-10,412.9,
2026-01-07 11:39:27+05:30,NIFTY2621026400CE,26400.0,2026-02-10,412.9,
2026-01-07 11:39:28+05:30,NIFTY2621026400CE,26400.0,2026-02-10,412.9,
2026-01-07 11:39:29+05:30,NIFTY2621026400CE,26400.0,2026-02-10,412.9,
2026-01-07 11:39:30+05:30,NIFTY2621026400CE,26400.0,2026-02-10,412.9,
2026-01-07 11:39:31+05:30,NIFTY2621026400CE,26400.0,2026-02-10,412.9,
2026-01-07 11:39:32+05:30,NIFTY2621026400CE,26400.0,2026-02-10,412.9,
2026-01-07 11:39:33+05:30,NIFTY2621026400CE,26400.0,2026-02-10,412.9,
2026-01-07 11:39:34+05:30,NIFTY2621026400CE,26400.0,2026-02-10,412.9,
2026-01-07 11:39:35+05:30,NIFTY2621026400CE,26400.0,2026-02-10,412.9,
2026-01-07 11:39:36+05:30,NIFTY2621026400CE,26400.0,2026-02-10,412.9,
2026-01-07 11:39:37+05:30,NIFTY2621026400CE,26400.0,2026-02-10,412.9,
2026-01-07 11:39:38+05:30,NIFTY2621026400CE,26400.0,2026-02-10,412.9,
2026-01-07 11:39:39+05:30,NIFTY2621026400CE,26400.0,2026-02-10,412.9,
2026-01-07 11:39:40+05:30,NIFTY2621026400CE,26400.0,2026-02-10,412.9,
2026-01-07 11:39:41+05:30,NIFTY2621026400CE,26400.0,2026-02-10,412.9,
2026-01-07 11:39:42+05:30,NIFTY2621026400CE,26400.0,2026-02-10,412.9,
2026-01-07 11:39:43+05:30,NIFTY2621026400CE,26400.0,2026-02-10,412.9,
2026-01-07 11:39:44+05:30,NIFTY2621026400CE,26400.0,2026-02-10,412.9,
2026-01-07 11:39:45+05:30,NIFTY2621026400CE,26400.0,2026-02-10,412.9,
2026-01-07 11:39:46+05:30,NIFTY2621026400CE,26400.0,2026-02-10,412.9,
2026-01-07 11:39:47+05:30,NIFTY2621026400CE,26400.0,2026-02-10,412.9,
2026-01-07 11:39:48+05:30,NIFTY2621026400CE,26400.0,2026-02-10,412.9,
2026-01-07 11:39:49+05:30,NIFTY2621026400CE,26400.0,2026-02-10,412.9,
2026-01-07 11:39:50+05:30,NIFTY2621026400CE,26400.0,2026-02-10,412.9,
2026-01-07 11:39:51+05:30,NIFTY2621026400CE,26400.0,2026-02-10,412.9,
2026-01-07 11:39:52+05:30,NIFTY2621026400CE,26400.0,2026-02-10,412.9,
2026-01-07 11:39:53+05:30,NIFTY2621026400CE,26400.0,2026-02-10,412.9,
2026-01-07 11:39:54+05:30,NIFTY2621026400CE,26400.0,2026-02-10,412.9,
2026-01-07 11:39:55+05:30,NIFTY2621026400CE,26400.0,2026-02-10,412.9,
2026-01-07 11:39:56+05:30,NIFTY2621026400CE,26400.0,2026-02-10,412.9,
2026-01-07 11:39:57+05:30,NIFTY2621026400CE,26400.0,2026-02-10,412.9,
2026-01-07 11:39:58+05:30,NIFTY2621026400CE,26400.0,2026-02-10,412.9,
2026-01-07 11:39:59+05:30,NIFTY2621026400CE,26400.0,2026-02-10,412.9,
2026-01-07 11:40:00+05:30,NIFTY2621026400CE,26400.0,2026-02-10,412.9,
2026-01-07 11:40:01+05:30,NIFTY2621026400CE,26400.0,2026-02-10,412.9,
2026-01-07 11:40:02+05:30,NIFTY2621026400CE,26400.0,2026-02-10,412.9,
2026-01-07 11:40:03+05:30,NIFTY2621026400CE,26400.0,2026-02-10,412.9,
2026-01-07 11:40:04+05:30,NIFTY2621026400CE,26400.0,2026-02-10,412.9,
2026-01-07 11:40:05+05:30,NIFTY2621026400CE,26400.0,2026-02-10,412.9,
2026-01-07 11:40:06+05:30,NIFTY2621026400CE,26400.0,2026-02-10,412.9,
2026-01-07 11:40:07+05:30,NIFTY2621026400CE,26400.0,2026-02-10,412.9,
2026-01-07 11:40:08+05:30,NIFTY2621026400CE,26400.0,2026-02-10,412.9,
2026-01-07 11:40:09+05:30,NIFTY2621026400CE,26400.0,2026-02-10,412.9,
2026-01-07 11:40:10+05:30,NIFTY2621026400CE,26400.0,2026-02-10,412.9,
2026-01-07 11:40:11+05:30,NIFTY2621026400CE,26400.0,2026-02-10,412.9,
2026-01-07 11:40:12+05:30,NIFTY2621026400CE,26400.0,2026-02-10,412.9,
2026-01-07 11:40:13+05:30,NIFTY2621026400CE,26400.0,2026-02-10,412.9,
2026-01-07 11:40:14+05:30,NIFTY2621026400CE,26400.0,2026-02-10,412.9,
2026-01-07 11:40:15+05:30,NIFTY2621026400CE,26400.0,2026-02-10,412.9,
2026-01-07 11:40:16+05:30,NIFTY2621026400CE,26400.0,2026-02-10,412.9,
2026-01-07 11:40:17+05:30,NIFTY2621026400CE,26400.0,2026-02-10,412.9,
2026-01-07 11:40:18+05:30,NIFTY2621026400CE,26400.0,2026-02-10,412.9,
2026-01-07 11:40:19+05:30,NIFTY2621026400CE,26400.0,2026-02-10,412.9,
2026-01-07 11:40:20+05:30,NIFTY2621026400CE,26400.0,2026-02-10,412.9,
2026-01-07 11:40:21+05:30,NIFTY2621026400CE,26400.0,2026-02-10,412.9,
2026-01-07 11:40:22+05:30,NIFTY2621026400CE,26400.0,2026-02-10,412.9,
2026-01-07 11:40:23+05:30,NIFTY2621026400CE,26400.0,2026-02-10,412.9,
2026-01-07 11:40:24+05:30,NIFTY2621026400CE,26400.0,2026-02-10,412.9,
2026-01-07 11:40:25+05:30,NIFTY2621026400CE,26400.0,2026-02-10,412.9,
2026-01-07 11:40:26+05:30,NIFTY2621026400CE,26400.0,2026-02-10,412.9,
2026-01-07 11:40:27+05:30,NIFTY2621026400CE,26400.0,2026-02-10,412.9,
2026-01-07 11:40:28+05:30,NIFTY2621026400CE,26400.0,2026-02-10,412.9,
2026-01-07 11:40:29+05:30,NIFTY2621026400CE,26400.0,2026-02-10,412.9,
2026-01-07 11:40:30+05:30,NIFTY2621026400CE,26400.0,2026-02-10,412.9,
2026-01-07 11:40:31+05:30,NIFTY2621026400CE,26400.0,2026-02-10,412.9,
2026-01-07 11:40:32+05:30,NIFTY2621026400CE,26400.0,2026-02-10,412.9,
2026-01-07 11:40:33+05:30,NIFTY2621026400CE,26400.0,2026-02-10,412.9,
2026-01-07 11:40:34+05:30,NIFTY2621026400CE,26400.0,2026-02-10,412.9,
2026-01-07 11:40:35+05:30,NIFTY2621026400CE,26400.0,2026-02-10,412.9,
2026-01-07 11:40:36+05:30,NIFTY2621026400CE,26400.0,2026-02-10,412.9,
2026-01-07 11:40:37+05:30,NIFTY2621026400CE,26400.0,2026-02-10,412.9,
2026-01-07 11:40:38+05:30,NIFTY2621026400CE,26400.0,2026-02-10,412.9,
2026-01-07 11:40:39+05:30,NIFTY2621026400CE,26400.0,2026-02-10,412.9,
2026-01-07 11:40:40+05:30,NIFTY2621026400CE,26400.0,2026-02-10,412.9,
2026-01-07 11:40:41+05:30,NIFTY2621026400CE,26400.0,2026-02-10,412.9,
2026-01-07 11:40:42+05:30,NIFTY2621026400CE,26400.0,2026-02-10,412.9,
2026-01-07 11:40:43+05:30,NIFTY2621026400CE,26400.0,2026-02-10,412.9,
2026-01-07 11:40:44+05:30,NIFTY2621026400CE,26400.0,2026-02-10,412.9,
2026-01-07 11:40:45+05:30,NIFTY2621026400CE,26400.0,2026-02-10,412.9,
2026-01-07 11:40:46+05:30,NIFTY2621026400CE,26400.0,2026-02-10,412.9,
2026-01-07 11:40:47+05:30,NIFTY2621026400CE,26400.0,2026-02-10,412.9,
2026-01-07 11:40:48+05:30,NIFTY2621026400CE,26400.0,2026-02-10,412.9,
2026-01-07 11:40:49+05:30,NIFTY2621026400CE,26400.0,2026-02-10,412.9,
2026-01-07 11:40:50+05:30,NIFTY2621026400CE,26400.0,2026-02-10,412.9,
2026-01-07 11:40:51+05:30,NIFTY2621026400CE,26400.0,2026-02-10,412.9,
2026-01-07 11:40:52+05:30,NIFTY2621026400CE,26400.0,2026-02-10,412.9,
2026-01-07 11:40:53+05:30,NIFTY2621026400CE,26400.0,2026-02-10,412.9,
2026-01-07 11:40:54+05:30,NIFTY2621026400CE,26400.0,2026-02-10,412.9,
2026-01-07 11:40:55+05:30,NIFTY2621026400CE,26400.0,2026-02-10,412.9,
2026-01-07 11:40:56+05:30,NIFTY2621026400CE,26400.0,2026-02-10,412.9,
2026-01-07 11:40:57+05:30,NIFTY2621026400CE,26400.0,2026-02-10,412.9,
2026-01-07 11:40:58+05:30,NIFTY2621026400CE,26400.0,2026-02-10,412.9,
2026-01-07 11:40:59+05:30,NIFTY2621026400CE,26400.0,2026-02-10,412.9,
2026-01-07 11:41:00+05:30,NIFTY2621026400CE,26400.0,2026-02-10,412.9,
2026-01-07 11:41:01+05:30,NIFTY2621026400CE,26400.0,2026-02-10,412.9,
2026-01-07 11:41:02+05:30,NIFTY2621026400CE,26400.0,2026-02-10,412.9,
2026-01-07 11:41:03+05:30,NIFTY2621026400CE,26400.0,2026-02-10,412.9,
2026-01-07 11:41:04+05:30,NIFTY2621026400CE,26400.0,2026-02-10,412.9,
2026-01-07 11:41:05+05:30,NIFTY2621026400CE,26400.0,2026-02-10,412.9,
2026-01-07 11:41:06+05:30,NIFTY2621026400CE,26400.0,2026-02-10,412.9,
2026-01-07 11:41:07+05:30,NIFTY2621026400CE,26400.0,2026-02-10,412.9,
2026-01-07 11:41:08+05:30,NIFTY2621026400CE,26400.0,2026-02-10,412.9,
2026-01-07 11:41:09+05:30,NIFTY2621026400CE,26400.0,2026-02-10,412.9,
2026-01-07 11:41:10+05:30,NIFTY2621026400CE,26400.0,2026-02-10,412.9,
2026-01-07 11:41:11+05:30,NIFTY2621026400CE,26400.0,2026-02-10,412.9,
2026-01-07 11:41:12+05:30,NIFTY2621026400CE,26400.0,2026-02-10,412.9,
2026-01-07 11:41:13+05:30,NIFTY2621026400CE,26400.0,2026-02-10,412.9,
2026-01-07 11:41:14+05:30,NIFTY2621026400CE,26400.0,2026-02-10,412.9,
2026-01-07 11:41:15+05:30,NIFTY2621026400CE,26400.0,2026-02-10,412.9,
2026-01-07 11:41:16+05:30,NIFTY2621026400CE,26400.0,2026-02-10,412.9,
2026-01-07 11:41:17+05:30,NIFTY2621026400CE,26400.0,2026-02-10,412.9,
2026-01-07 11:41:18+05:30,NIFTY2621026400CE,26400.0,2026-02-10,412.9,
2026-01-07 11:41:19+05:30,NIFTY2621026400CE,26400.0,2026-02-10,412.9,
2026-01-07 11:41:20+05:30,NIFTY2621026400CE,26400.0,2026-02-10,412.9,
2026-01-07 11:41:21+05:30,NIFTY2621026400CE,26400.0,2026-02-10,412.9,
2026-01-07 11:41:22+05:30,NIFTY2621026400CE,26400.0,2026-02-10,412.9,
2026-01-07 11:41:23+05:30,NIFTY2621026400CE,26400.0,2026-02-10,412.9,
2026-01-07 11:41:24+05:30,NIFTY2621026400CE,26400.0,2026-02-10,412.9,
2026-01-07 11:41:25+05:30,NIFTY2621026400CE,26400.0,2026-02-10,412.9,
2026-01-07 11:41:26+05:30,NIFTY2621026400CE,26400.0,2026-02-10,412.9,
2026-01-07 11:41:27+05:30,NIFTY2621026400CE,26400.0,2026-02-10,412.9,
2026-01-07 11:41:28+05:30,NIFTY2621026400CE,26400.0,2026-02-10,412.9,
2026-01-07 11:41:29+05:30,NIFTY2621026400CE,26400.0,2026-02-10,412.9,
2026-01-07 11:41:30+05:30,NIFTY2621026400CE,26400.0,2026-02-10,412.9,
2026-01-07 11:41:31+05:30,NIFTY2621026400CE,26400.0,2026-02-10,412.9,
2026-01-07 11:41:32+05:30,NIFTY2621026400CE,26400.0,2026-02-10,412.9,
2026-01-07 11:41:33+05:30,NIFTY2621026400CE,26400.0,2026-02-10,412.9,
2026-01-07 11:41:34+05:30,NIFTY2621026400CE,26400.0,2026-02-10,412.9,
2026-01-07 11:41:35+05:30,NIFTY2621026400CE,26400.0,2026-02-10,412.9,
2026-01-07 11:41:36+05:30,NIFTY2621026400CE,26400.0,2026-02-10,412.9,
2026-01-07 11:41:37+05:30,NIFTY2621026400CE,26400.0,2026-02-10,412.9,
2026-01-07 11:41:38+05:30,NIFTY2621026400CE,26400.0,2026-02-10,412.9,
2026-01-07 11:41:39+05:30,NIFTY2621026400CE,26400.0,2026-02-10,412.9,
2026-01-07 11:41:40+05:30,NIFTY2621026400CE,26400.0,2026-02-10,412.9,
2026-01-07 11:41:41+05:30,NIFTY2621026400CE,26400.0,2026-02-10,412.9,
2026-01-07 11:41:42+05:30,NIFTY2621026400CE,26400.0,2026-02-10,412.9,
2026-01-07 11:41:43+05:30,NIFTY2621026400CE,26400.0,2026-02-10,412.9,
2026-01-07 11:41:44+05:30,NIFTY2621026400CE,26400.0,2026-02-10,412.9,
2026-01-07 11:41:45+05:30,NIFTY2621026400CE,26400.0,2026-02-10,412.9,
2026-01-07 11:41:46+05:30,NIFTY2621026400CE,26400.0,2026-02-10,412.9,
2026-01-07 11:41:47+05:30,NIFTY2621026400CE,26400.0,2026-02-10,412.9,
2026-01-07 11:41:48+05:30,NIFTY2621026400CE,26400.0,2026-02-10,412.9,
2026-01-07 11:41:49+05:30,NIFTY2621026400CE,26400.0,2026-02-10,412.9,
2026-01-07 11:41:50+05:30,NIFTY2621026400CE,26400.0,2026-02-10,412.9,
2026-01-07 11:41:51+05:30,NIFTY2621026400CE,26400.0,2026-02-10,412.9,
2026-01-07 11:41:52+05:30,NIFTY2621026400CE,26400.0,2026-02-10,412.9,
2026-01-07 11:41:53+05:30,NIFTY2621026400CE,26400.0,2026-02-10,412.9,
2026-01-07 11:41:54+05:30,NIFTY2621026400CE,26400.0,2026-02-10,412.9,
2026-01-07 11:41:55+05:30,NIFTY2621026400CE,26400.0,2026-02-10,412.9,
2026-01-07 11:41:56+05:30,NIFTY2621026400CE,26400.0,2026-02-10,412.9,
2026-01-07 11:41:57+05:30,NIFTY2621026400CE,26400.0,2026-02-10,412.9,
2026-01-07 11:41:58+05:30,NIFTY2621026400CE,26400.0,2026-02-10,412.9,
2026-01-07 11:41:59+05:30,NIFTY2621026400CE,26400.0,2026-02-10,412.9,
2026-01-07 11:42:00+05:30,NIFTY2621026400CE,26400.0,2026-02-10,412.9,
2026-01-07 11:42:01+05:30,NIFTY2621026400CE,26400.0,2026-02-10,412.9,
2026-01-07 11:42:02+05:30,NIFTY2621026400CE,26400.0,2026-02-10,412.9,
2026-01-07 11:42:03+05:30,NIFTY2621026400CE,26400.0,2026-02-10,412.9,
2026-01-07 11:42:04+05:30,NIFTY2621026400CE,26400.0,2026-02-10,412.9,
2026-01-07 11:42:05+05:30,NIFTY2621026400CE,26400.0,2026-02-10,412.9,
2026-01-07 11:42:06+05:30,NIFTY2621026400CE,26400.0,2026-02-10,412.9,
2026-01-07 11:42:07+05:30,NIFTY2621026400CE,26400.0,2026-02-10,412.9,
2026-01-07 11:42:08+05:30,NIFTY2621026400CE,26400.0,2026-02-10,412.9,
2026-01-07 11:42:09+05:30,NIFTY2621026400CE,26400.0,2026-02-10,412.9,
2026-01-07 11:42:10+05:30,NIFTY2621026400CE,26400.0,2026-02-10,412.9,
2026-01-07 11:42:11+05:30,NIFTY2621026400CE,26400.0,2026-02-10,412.9,
2026-01-07 11:42:12+05:30,NIFTY2621026400CE,26400.0,2026-02-10,412.9,
2026-01-07 11:42:13+05:30,NIFTY2621026400CE,26400.0,2026-02-10,412.9,
2026-01-07 11:42:14+05:30,NIFTY2621026400CE,26400.0,2026-02-10,412.9,
2026-01-07 11:42:15+05:30,NIFTY2621026400CE,26400.0,2026-02-10,412.9,
2026-01-07 11:42:16+05:30,NIFTY2621026400CE,26400.0,2026-02-10,412.9,
2026-01-07 11:42:17+05:30,NIFTY2621026400CE,26400.0,2026-02-10,412.9,
2026-01-07 11:42:18+05:30,NIFTY2621026400CE,26400.0,2026-02-10,412.9,
2026-01-07 11:42:19+05:30,NIFTY2621026400CE,26400.0,2026-02-10,412.9,
2026-01-07 11:42:20+05:30,NIFTY2621026400CE,26400.0,2026-02-10,412.9,
2026-01-07 11:42:21+05:30,NIFTY2621026400CE,26400.0,2026-02-10,412.9,
2026-01-07 11:42:22+05:30,NIFTY2621026400CE,26400.0,2026-02-10,412.9,
2026-01-07 11:42:23+05:30,NIFTY2621026400CE,26400.0,2026-02-10,412.9,
2026-01-07 11:42:24+05:30,NIFTY2621026400CE,26400.0,2026-02-10,412.9,
2026-01-07 11:42:25+05:30,NIFTY2621026400CE,26400.0,2026-02-10,412.9,
2026-01-07 11:42:26+05:30,NIFTY2621026400CE,26400.0,2026-02-10,412.9,
2026-01-07 11:42:27+05:30,NIFTY2621026400CE,26400.0,2026-02-10,412.9,
2026-01-07 11:42:28+05:30,NIFTY2621026400CE,26400.0,2026-02-10,412.9,
2026-01-07 11:42:29+05:30,NIFTY2621026400CE,26400.0,2026-02-10,412.9,
2026-01-07 11:42:30+05:30,NIFTY2621026400CE,26400.0,2026-02-10,412.9,
2026-01-07 11:42:31+05:30,NIFTY2621026400CE,26400.0,2026-02-10,412.9,
2026-01-07 11:42:32+05:30,NIFTY2621026400CE,26400.0,2026-02-10,412.9,
2026-01-07 11:42:33+05:30,NIFTY2621026400CE,26400.0,2026-02-10,412.9,
2026-01-07 11:42:34+05:30,NIFTY2621026400CE,26400.0,2026-02-10,412.9,
2026-01-07 11:42:35+05:30,NIFTY2621026400CE,26400.0,2026-02-10,412.9,
2026-01-07 11:42:36+05:30,NIFTY2621026400CE,26400.0,2026-02-10,412.9,
2026-01-07 11:42:37+05:30,NIFTY2621026400CE,26400.0,2026-02-10,412.9,
2026-01-07 11:42:38+05:30,NIFTY2621026400CE,26400.0,2026-02-10,412.9,
2026-01-07 11:42:39+05:30,NIFTY2621026400CE,26400.0,2026-02-10,412.9,
2026-01-07 11:42:40+05:30,NIFTY2621026400CE,26400.0,2026-02-10,412.9,
2026-01-07 11:42:41+05:30,NIFTY2621026400CE,26400.0,2026-02-10,412.9,
2026-01-07 11:42:42+05:30,NIFTY2621026400CE,26400.0,2026-02-10,412.9,
2026-01-07 11:42:43+05:30,NIFTY2621026400CE,26400.0,2026-02-10,412.9,
2026-01-07 11:42:44+05:30,NIFTY2621026400CE,26400.0,2026-02-10,412.9,
2026-01-07 11:42:45+05:30,NIFTY2621026400CE,26400.0,2026-02-10,412.9,
2026-01-07 11:42:46+05:30,NIFTY2621026400CE,26400.0,2026-02-10,412.9,
2026-01-07 11:42:47+05:30,NIFTY2621026400CE,26400.0,2026-02-10,412.9,
2026-01-07 11:42:48+05:30,NIFTY2621026400CE,26400.0,2026-02-10,412.9,
2026-01-07 11:42:49+05:30,NIFTY2621026400CE,26400.0,2026-02-10,412.9,
2026-01-07 11:42:50+05:30,NIFTY2621026400CE,26400.0,2026-02-10,412.9,
2026-01-07 11:42:51+05:30,NIFTY2621026400CE,26400.0,2026-02-10,412.9,
2026-01-07 11:42:52+05:30,NIFTY2621026400CE,26400.0,2026-02-10,412.9,
2026-01-07 11:42:53+05:30,NIFTY2621026400CE,26400.0,2026-02-10,412.9,
2026-01-07 11:42:54+05:30,NIFTY2621026400CE,26400.0,2026-02-10,412.9,
2026-01-07 11:42:55+05:30,NIFTY2621026400CE,26400.0,2026-02-10,412.9,
2026-01-07 11:42:56+05:30,NIFTY2621026400CE,26400.0,2026-02-10,412.9,
2026-01-07 11:42:57+05:30,NIFTY2621026400CE,26400.0,2026-02-10,412.9,
2026-01-07 11:42:58+05:30,NIFTY2621026400CE,26400.0,2026-02-10,412.9,
2026-01-07 11:42:59+05:30,NIFTY2621026400CE,26400.0,2026-02-10,412.9,
2026-01-07 11:43:00+05:30,NIFTY2621026400CE,26400.0,2026-02-10,412.9,
2026-01-07 11:43:01+05:30,NIFTY2621026400CE,26400.0,2026-02-10,412.9,
2026-01-07 11:43:02+05:30,NIFTY2621026400CE,26400.0,2026-02-10,412.9,
2026-01-07 11:43:03+05:30,NIFTY2621026400CE,26400.0,2026-02-10,412.9,
2026-01-07 11:43:04+05:30,NIFTY2621026400CE,26400.0,2026-02-10,412.9,
2026-01-07 11:43:05+05:30,NIFTY2621026400CE,26400.0,2026-02-10,412.9,
2026-01-07 11:43:06+05:30,NIFTY2621026400CE,26400.0,2026-02-10,412.9,
2026-01-07 11:43:07+05:30,NIFTY2621026400CE,26400.0,2026-02-10,412.9,
2026-01-07 11:43:08+05:30,NIFTY2621026400CE,26400.0,2026-02-10,412.9,
2026-01-07 11:43:09+05:30,NIFTY2621026400CE,26400.0,2026-02-10,412.9,
2026-01-07 11:43:10+05:30,NIFTY2621026400CE,26400.0,2026-02-10,412.9,
2026-01-07 11:43:11+05:30,NIFTY2621026400CE,26400.0,2026-02-10,412.9,
2026-01-07 11:43:12+05:30,NIFTY2621026400CE,26400.0,2026-02-10,412.9,
2026-01-07 11:43:13+05:30,NIFTY2621026400CE,26400.0,2026-02-10,412.9,
2026-01-07 11:43:14+05:30,NIFTY2621026400CE,26400.0,2026-02-10,412.9,
2026-01-07 11:43:15+05:30,NIFTY2621026400CE,26400.0,2026-02-10,412.9,
2026-01-07 11:43:16+05:30,NIFTY2621026400CE,26400.0,2026-02-10,412.9,
2026-01-07 11:43:17+05:30,NIFTY2621026400CE,26400.0,2026-02-10,412.9,
2026-01-07 11:43:18+05:30,NIFTY2621026400CE,26400.0,2026-02-10,412.9,
2026-01-07 11:43:19+05:30,NIFTY2621026400CE,26400.0,2026-02-10,412.9,
2026-01-07 11:43:20+05:30,NIFTY2621026400CE,26400.0,2026-02-10,412.9,
2026-01-07 11:43:21+05:30,NIFTY2621026400CE,26400.0,2026-02-10,412.9,
2026-01-07 11:43:22+05:30,NIFTY2621026400CE,26400.0,2026-02-10,412.9,
2026-01-07 11:43:23+05:30,NIFTY2621026400CE,26400.0,2026-02-10,412.9,
2026-01-07 11:43:24+05:30,NIFTY2621026400CE,26400.0,2026-02-10,412.9,
2026-01-07 11:43:25+05:30,NIFTY2621026400CE,26400.0,2026-02-10,412.9,
2026-01-07 11:43:26+05:30,NIFTY2621026400CE,26400.0,2026-02-10,412.9,
2026-01-07 11:43:27+05:30,NIFTY2621026400CE,26400.0,2026-02-10,412.9,
2026-01-07 11:43:28+05:30,NIFTY2621026400CE,26400.0,2026-02-10,412.9,
2026-01-07 11:43:29+05:30,NIFTY2621026400CE,26400.0,2026-02-10,412.9,
2026-01-07 11:43:30+05:30,NIFTY2621026400CE,26400.0,2026-02-10,412.9,
2026-01-07 11:43:31+05:30,NIFTY2621026400CE,26400.0,2026-02-10,412.9,
2026-01-07 11:43:32+05:30,NIFTY2621026400CE,26400.0,2026-02-10,412.9,
2026-01-07 11:43:33+05:30,NIFTY2621026400CE,26400.0,2026-02-10,412.9,
2026-01-07 11:43:34+05:30,NIFTY2621026400CE,26400.0,2026-02-10,412.9,
2026-01-07 11:43:35+05:30,NIFTY2621026400CE,26400.0,2026-02-10,412.9,
2026-01-07 11:43:36+05:30,NIFTY2621026400CE,26400.0,2026-02-10,412.9,
2026-01-07 11:43:37+05:30,NIFTY2621026400CE,26400.0,2026-02-10,412.9,
2026-01-07 11:43:38+05:30,NIFTY2621026400CE,26400.0,2026-02-10,412.9,
2026-01-07 11:43:39+05:30,NIFTY2621026400CE,26400.0,2026-02-10,412.9,
2026-01-07 11:43:40+05:30,NIFTY2621026400CE,26400.0,2026-02-10,412.9,
2026-01-07 11:43:41+05:30,NIFTY2621026400CE,26400.0,2026-02-10,412.9,
2026-01-07 11:43:42+05:30,NIFTY2621026400CE,26400.0,2026-02-10,412.9,
2026-01-07 11:43:43+05:30,NIFTY2621026400CE,26400.0,2026-02-10,412.9,
2026-01-07 11:43:44+05:30,NIFTY2621026400CE,26400.0,2026-02-10,412.9,
2026-01-07 11:43:45+05:30,NIFTY2621026400CE,26400.0,2026-02-10,412.9,
2026-01-07 11:43:46+05:30,NIFTY2621026400CE,26400.0,2026-02-10,412.9,
2026-01-07 11:43:47+05:30,NIFTY2621026400CE,26400.0,2026-02-10,412.9,
2026-01-07 11:43:48+05:30,NIFTY2621026400CE,26400.0,2026-02-10,412.9,
2026-01-07 11:43:49+05:30,NIFTY2621026400CE,26400.0,2026-02-10,412.9,
2026-01-07 11:43:50+05:30,NIFTY2621026400CE,26400.0,2026-02-10,412.9,
2026-01-07 11:43:51+05:30,NIFTY2621026400CE,26400.0,2026-02-10,412.9,
2026-01-07 11:43:52+05:30,NIFTY2621026400CE,26400.0,2026-02-10,412.9,
2026-01-07 11:43:53+05:30,NIFTY2621026400CE,26400.0,2026-02-10,412.9,
2026-01-07 11:43:54+05:30,NIFTY2621026400CE,26400.0,2026-02-10,412.9,
2026-01-07 11:43:55+05:30,NIFTY2621026400CE,26400.0,2026-02-10,412.9,
2026-01-07 11:43:56+05:30,NIFTY2621026400CE,26400.0,2026-02-10,412.9,
2026-01-07 11:43:57+05:30,NIFTY2621026400CE,26400.0,2026-02-10,412.9,
2026-01-07 11:43:58+05:30,NIFTY2621026400CE,26400.0,2026-02-10,412.9,
2026-01-07 11:43:59+05:30,NIFTY2621026400CE,26400.0,2026-02-10,412.9,
2026-01-07 11:44:00+05:30,NIFTY2621026400CE,26400.0,2026-02-10,412.9,
2026-01-07 11:44:01+05:30,NIFTY2621026400CE,26400.0,2026-02-10,412.9,
2026-01-07 11:44:02+05:30,NIFTY2621026400CE,26400.0,2026-02-10,412.9,
2026-01-07 11:44:03+05:30,NIFTY2621026400CE,26400.0,2026-02-10,412.9,
2026-01-07 11:44:04+05:30,NIFTY2621026400CE,26400.0,2026-02-10,412.9,
2026-01-07 11:44:05+05:30,NIFTY2621026400CE,26400.0,2026-02-10,412.9,
2026-01-07 11:44:06+05:30,NIFTY2621026400CE,26400.0,2026-02-10,412.9,
2026-01-07 11:44:07+05:30,NIFTY2621026400CE,26400.0,2026-02-10,412.9,
2026-01-07 11:44:08+05:30,NIFTY2621026400CE,26400.0,2026-02-10,412.9,
2026-01-07 11:44:09+05:30,NIFTY2621026400CE,26400.0,2026-02-10,412.9,
2026-01-07 11:44:10+05:30,NIFTY2621026400CE,26400.0,2026-02-10,412.9,
2026-01-07 11:44:11+05:30,NIFTY2621026400CE,26400.0,2026-02-10,412.9,
2026-01-07 11:44:12+05:30,NIFTY2621026400CE,26400.0,2026-02-10,412.9,
2026-01-07 11:44:13+05:30,NIFTY2621026400CE,26400.0,2026-02-10,412.9,
2026-01-07 11:44:14+05:30,NIFTY2621026400CE,26400.0,2026-02-10,412.9,
2026-01-07 11:44:15+05:30,NIFTY2621026400CE,26400.0,2026-02-10,412.9,
2026-01-07 11:44:16+05:30,NIFTY2621026400CE,26400.0,2026-02-10,412.9,
2026-01-07 11:44:17+05:30,NIFTY2621026400CE,26400.0,2026-02-10,412.9,
2026-01-07 11:44:18+05:30,NIFTY2621026400CE,26400.0,2026-02-10,412.9,
2026-01-07 11:44:19+05:30,NIFTY2621026400CE,26400.0,2026-02-10,412.9,
2026-01-07 11:44:20+05:30,NIFTY2621026400CE,26400.0,2026-02-10,412.9,
2026-01-07 11:44:21+05:30,NIFTY2621026400CE,26400.0,2026-02-10,412.9,
2026-01-07 11:44:22+05:30,NIFTY2621026400CE,26400.0,2026-02-10,412.9,
2026-01-07 11:44:23+05:30,NIFTY2621026400CE,26400.0,2026-02-10,412.9,
2026-01-07 11:44:24+05:30,NIFTY2621026400CE,26400.0,2026-02-10,412.9,
2026-01-07 11:44:25+05:30,NIFTY2621026400CE,26400.0,2026-02-10,412.9,
2026-01-07 11:44:26+05:30,NIFTY2621026400CE,26400.0,2026-02-10,412.9,
2026-01-07 11:44:27+05:30,NIFTY2621026400CE,26400.0,2026-02-10,412.9,
2026-01-07 11:44:28+05:30,NIFTY2621026400CE,26400.0,2026-02-10,412.9,
2026-01-07 11:44:29+05:30,NIFTY2621026400CE,26400.0,2026-02-10,412.9,
2026-01-07 11:44:30+05:30,NIFTY2621026400CE,26400.0,2026-02-10,412.9,
2026-01-07 11:44:31+05:30,NIFTY2621026400CE,26400.0,2026-02-10,412.9,
2026-01-07 11:44:32+05:30,NIFTY2621026400CE,26400.0,2026-02-10,412.9,
2026-01-07 11:44:33+05:30,NIFTY2621026400CE,26400.0,2026-02-10,412.9,
2026-01-07 11:44:34+05:30,NIFTY2621026400CE,26400.0,2026-02-10,412.9,
2026-01-07 11:44:35+05:30,NIFTY2621026400CE,26400.0,2026-02-10,412.9,
2026-01-07 11:44:36+05:30,NIFTY2621026400CE,26400.0,2026-02-10,412.9,
2026-01-07 11:44:37+05:30,NIFTY2621026400CE,26400.0,2026-02-10,412.9,
2026-01-07 11:44:38+05:30,NIFTY2621026400CE,26400.0,2026-02-10,412.9,
2026-01-07 11:44:39+05:30,NIFTY2621026400CE,26400.0,2026-02-10,412.9,
2026-01-07 11:44:40+05:30,NIFTY2621026400CE,26400.0,2026-02-10,412.9,
2026-01-07 11:44:41+05:30,NIFTY2621026400CE,26400.0,2026-02-10,412.9,
2026-01-07 11:44:42+05:30,NIFTY2621026400CE,26400.0,2026-02-10,412.9,
2026-01-07 11:44:43+05:30,NIFTY2621026400CE,26400.0,2026-02-10,412.9,
2026-01-07 11:44:44+05:30,NIFTY2621026400CE,26400.0,2026-02-10,412.9,
2026-01-07 11:44:45+05:30,NIFTY2621026400CE,26400.0,2026-02-10,412.9,
2026-01-07 11:44:46+05:30,NIFTY2621026400CE,26400.0,2026-02-10,412.9,
2026-01-07 11:44:47+05:30,NIFTY2621026400CE,26400.0,2026-02-10,412.9,
2026-01-07 11:44:48+05:30,NIFTY2621026400CE,26400.0,2026-02-10,412.9,
2026-01-07 11:44:49+05:30,NIFTY2621026400CE,26400.0,2026-02-10,412.9,
2026-01-07 11:44:50+05:30,NIFTY2621026400CE,26400.0,2026-02-10,412.9,
2026-01-07 11:44:51+05:30,NIFTY2621026400CE,26400.0,2026-02-10,412.9,
2026-01-07 11:44:52+05:30,NIFTY2621026400CE,26400.0,2026-02-10,412.9,
2026-01-07 11:44:53+05:30,NIFTY2621026400CE,26400.0,2026-02-10,412.9,
2026-01-07 11:44:54+05:30,NIFTY2621026400CE,26400.0,2026-02-10,412.9,
2026-01-07 11:44:55+05:30,NIFTY2621026400CE,26400.0,2026-02-10,412.9,
2026-01-07 11:44:56+05:30,NIFTY2621026400CE,26400.0,2026-02-10,412.9,
2026-01-07 11:44:57+05:30,NIFTY2621026400CE,26400.0,2026-02-10,412.9,
2026-01-07 11:44:58+05:30,NIFTY2621026400CE,26400.0,2026-02-10,412.9,
2026-01-07 11:44:59+05:30,NIFTY2621026400CE,26400.0,2026-02-10,412.9,
2026-01-07 11:45:00+05:30,NIFTY2621026400CE,26400.0,2026-02-10,412.9,
2026-01-07 11:45:01+05:30,NIFTY2621026400CE,26400.0,2026-02-10,412.9,
2026-01-07 11:45:02+05:30,NIFTY2621026400CE,26400.0,2026-02-10,412.9,
2026-01-07 11:45:03+05:30,NIFTY2621026400CE,26400.0,2026-02-10,412.9,
2026-01-07 11:45:04+05:30,NIFTY2621026400CE,26400.0,2026-02-10,412.9,
2026-01-07 11:45:05+05:30,NIFTY2621026400CE,26400.0,2026-02-10,412.9,
2026-01-07 11:45:06+05:30,NIFTY2621026400CE,26400.0,2026-02-10,412.9,
2026-01-07 11:45:07+05:30,NIFTY2621026400CE,26400.0,2026-02-10,412.9,
2026-01-07 11:45:08+05:30,NIFTY2621026400CE,26400.0,2026-02-10,412.9,
2026-01-07 11:45:09+05:30,NIFTY2621026400CE,26400.0,2026-02-10,412.9,
2026-01-07 11:45:10+05:30,NIFTY2621026400CE,26400.0,2026-02-10,412.9,
2026-01-07 11:45:11+05:30,NIFTY2621026400CE,26400.0,2026-02-10,412.9,
2026-01-07 11:45:12+05:30,NIFTY2621026400CE,26400.0,2026-02-10,412.9,
2026-01-07 11:45:13+05:30,NIFTY2621026400CE,26400.0,2026-02-10,412.9,
2026-01-07 11:45:14+05:30,NIFTY2621026400CE,26400.0,2026-02-10,412.9,
2026-01-07 11:45:15+05:30,NIFTY2621026400CE,26400.0,2026-02-10,412.9,
2026-01-07 11:45:16+05:30,NIFTY2621026400CE,26400.0,2026-02-10,412.9,
2026-01-07 11:45:17+05:30,NIFTY2621026400CE,26400.0,2026-02-10,412.9,
2026-01-07 11:45:18+05:30,NIFTY2621026400CE,26400.0,2026-02-10,412.9,
2026-01-07 11:45:19+05:30,NIFTY2621026400CE,26400.0,2026-02-10,412.9,
2026-01-07 11:45:20+05:30,NIFTY2621026400CE,26400.0,2026-02-10,412.9,
2026-01-07 11:45:21+05:30,NIFTY2621026400CE,26400.0,2026-02-10,412.9,
2026-01-07 11:45:22+05:30,NIFTY2621026400CE,26400.0,2026-02-10,412.9,
2026-01-07 11:45:23+05:30,NIFTY2621026400CE,26400.0,2026-02-10,412.9,
2026-01-07 11:45:24+05:30,NIFTY2621026400CE,26400.0,2026-02-10,412.9,
2026-01-07 11:45:25+05:30,NIFTY2621026400CE,26400.0,2026-02-10,412.9,
2026-01-07 11:45:26+05:30,NIFTY2621026400CE,26400.0,2026-02-10,412.9,
2026-01-07 11:45:27+05:30,NIFTY2621026400CE,26400.0,2026-02-10,412.9,
2026-01-07 11:45:28+05:30,NIFTY2621026400CE,26400.0,2026-02-10,412.9,
2026-01-07 11:45:29+05:30,NIFTY2621026400CE,26400.0,2026-02-10,412.9,
2026-01-07 11:45:30+05:30,NIFTY2621026400CE,26400.0,2026-02-10,412.9,
2026-01-07 11:45:31+05:30,NIFTY2621026400CE,26400.0,2026-02-10,412.9,
2026-01-07 11:45:32+05:30,NIFTY2621026400CE,26400.0,2026-02-10,412.9,
2026-01-07 11:45:33+05:30,NIFTY2621026400CE,26400.0,2026-02-10,412.9,
2026-01-07 11:45:34+05:30,NIFTY2621026400CE,26400.0,2026-02-10,412.9,
2026-01-07 11:45:35+05:30,NIFTY2621026400CE,26400.0,2026-02-10,412.9,
2026-01-07 11:45:36+05:30,NIFTY2621026400CE,26400.0,2026-02-10,412.9,
2026-01-07 11:45:37+05:30,NIFTY2621026400CE,26400.0,2026-02-10,412.9,
2026-01-07 11:45:38+05:30,NIFTY2621026400CE,26400.0,2026-02-10,412.9,
2026-01-07 11:45:39+05:30,NIFTY2621026400CE,26400.0,2026-02-10,412.9,
2026-01-07 11:45:40+05:30,NIFTY2621026400CE,26400.0,2026-02-10,412.9,
2026-01-07 11:45:41+05:30,NIFTY2621026400CE,26400.0,2026-02-10,412.9,
2026-01-07 11:45:42+05:30,NIFTY2621026400CE,26400.0,2026-02-10,412.9,
2026-01-07 11:45:43+05:30,NIFTY2621026400CE,26400.0,2026-02-10,412.9,
2026-01-07 11:45:44+05:30,NIFTY2621026400CE,26400.0,2026-02-10,412.9,
2026-01-07 11:45:45+05:30,NIFTY2621026400CE,26400.0,2026-02-10,412.9,
2026-01-07 11:45:46+05:30,NIFTY2621026400CE,26400.0,2026-02-10,412.9,
2026-01-07 11:45:47+05:30,NIFTY2621026400CE,26400.0,2026-02-10,412.9,
2026-01-07 11:45:48+05:30,NIFTY2621026400CE,26400.0,2026-02-10,412.9,
2026-01-07 11:45:49+05:30,NIFTY2621026400CE,26400.0,2026-02-10,412.9,
2026-01-07 11:45:50+05:30,NIFTY2621026400CE,26400.0,2026-02-10,412.9,
2026-01-07 11:45:51+05:30,NIFTY2621026400CE,26400.0,2026-02-10,412.9,
2026-01-07 11:45:52+05:30,NIFTY2621026400CE,26400.0,2026-02-10,412.9,
2026-01-07 11:45:53+05:30,NIFTY2621026400CE,26400.0,2026-02-10,412.9,
2026-01-07 11:45:54+05:30,NIFTY2621026400CE,26400.0,2026-02-10,412.9,
2026-01-07 11:45:55+05:30,NIFTY2621026400CE,26400.0,2026-02-10,412.9,
2026-01-07 11:45:56+05:30,NIFTY2621026400CE,26400.0,2026-02-10,412.9,
2026-01-07 11:45:57+05:30,NIFTY2621026400CE,26400.0,2026-02-10,412.9,
2026-01-07 11:45:58+05:30,NIFTY2621026400CE,26400.0,2026-02-10,412.9,
2026-01-07 11:45:59+05:30,NIFTY2621026400CE,26400.0,2026-02-10,412.9,
2026-01-07 11:46:00+05:30,NIFTY2621026400CE,26400.0,2026-02-10,412.9,
2026-01-07 11:46:01+05:30,NIFTY2621026400CE,26400.0,2026-02-10,412.9,
2026-01-07 11:46:02+05:30,NIFTY2621026400CE,26400.0,2026-02-10,412.9,
2026-01-07 11:46:03+05:30,NIFTY2621026400CE,26400.0,2026-02-10,412.9,
2026-01-07 11:46:04+05:30,NIFTY2621026400CE,26400.0,2026-02-10,412.9,
2026-01-07 11:46:05+05:30,NIFTY2621026400CE,26400.0,2026-02-10,412.9,
2026-01-07 11:46:06+05:30,NIFTY2621026400CE,26400.0,2026-02-10,412.9,
2026-01-07 11:46:07+05:30,NIFTY2621026400CE,26400.0,2026-02-10,412.9,
2026-01-07 11:46:08+05:30,NIFTY2621026400CE,26400.0,2026-02-10,412.9,
2026-01-07 11:46:09+05:30,NIFTY2621026400CE,26400.0,2026-02-10,412.9,
2026-01-07 11:46:10+05:30,NIFTY2621026400CE,26400.0,2026-02-10,412.9,
2026-01-07 11:46:11+05:30,NIFTY2621026400CE,26400.0,2026-02-10,412.9,
2026-01-07 11:46:12+05:30,NIFTY2621026400CE,26400.0,2026-02-10,412.9,
2026-01-07 11:46:13+05:30,NIFTY2621026400CE,26400.0,2026-02-10,412.9,
2026-01-07 11:46:14+05:30,NIFTY2621026400CE,26400.0,2026-02-10,412.9,
2026-01-07 11:46:15+05:30,NIFTY2621026400CE,26400.0,2026-02-10,412.9,
2026-01-07 11:46:16+05:30,NIFTY2621026400CE,26400.0,2026-02-10,412.9,
2026-01-07 11:46:17+05:30,NIFTY2621026400CE,26400.0,2026-02-10,412.9,
2026-01-07 11:46:18+05:30,NIFTY2621026400CE,26400.0,2026-02-10,412.9,
2026-01-07 11:46:19+05:30,NIFTY2621026400CE,26400.0,2026-02-10,412.9,
2026-01-07 11:46:20+05:30,NIFTY2621026400CE,26400.0,2026-02-10,412.9,
2026-01-07 11:46:21+05:30,NIFTY2621026400CE,26400.0,2026-02-10,412.9,
2026-01-07 11:46:22+05:30,NIFTY2621026400CE,26400.0,2026-02-10,412.9,
2026-01-07 11:46:23+05:30,NIFTY2621026400CE,26400.0,2026-02-10,412.9,
2026-01-07 11:46:24+05:30,NIFTY2621026400CE,26400.0,2026-02-10,412.9,
2026-01-07 11:46:25+05:30,NIFTY2621026400CE,26400.0,2026-02-10,412.9,
2026-01-07 11:46:26+05:30,NIFTY2621026400CE,26400.0,2026-02-10,412.9,
2026-01-07 11:46:27+05:30,NIFTY2621026400CE,26400.0,2026-02-10,412.9,
2026-01-07 11:46:28+05:30,NIFTY2621026400CE,26400.0,2026-02-10,412.9,
2026-01-07 11:46:29+05:30,NIFTY2621026400CE,26400.0,2026-02-10,412.9,
2026-01-07 11:46:30+05:30,NIFTY2621026400CE,26400.0,2026-02-10,412.9,
2026-01-07 11:46:31+05:30,NIFTY2621026400CE,26400.0,2026-02-10,412.9,
2026-01-07 11:46:32+05:30,NIFTY2621026400CE,26400.0,2026-02-10,412.9,
2026-01-07 11:46:33+05:30,NIFTY2621026400CE,26400.0,2026-02-10,412.9,
2026-01-07 11:46:34+05:30,NIFTY2621026400CE,26400.0,2026-02-10,412.9,
2026-01-07 11:46:35+05:30,NIFTY2621026400CE,26400.0,2026-02-10,412.9,
2026-01-07 11:46:36+05:30,NIFTY2621026400CE,26400.0,2026-02-10,412.9,
2026-01-07 11:46:37+05:30,NIFTY2621026400CE,26400.0,2026-02-10,412.9,
2026-01-07 11:46:38+05:30,NIFTY2621026400CE,26400.0,2026-02-10,412.9,
2026-01-07 11:46:39+05:30,NIFTY2621026400CE,26400.0,2026-02-10,412.9,
2026-01-07 11:46:40+05:30,NIFTY2621026400CE,26400.0,2026-02-10,412.9,
2026-01-07 11:46:41+05:30,NIFTY2621026400CE,26400.0,2026-02-10,412.9,
2026-01-07 11:46:42+05:30,NIFTY2621026400CE,26400.0,2026-02-10,412.9,
2026-01-07 11:46:43+05:30,NIFTY2621026400CE,26400.0,2026-02-10,412.9,
2026-01-07 11:46:44+05:30,NIFTY2621026400CE,26400.0,2026-02-10,412.9,
2026-01-07 11:46:45+05:30,NIFTY2621026400CE,26400.0,2026-02-10,412.9,
2026-01-07 11:46:46+05:30,NIFTY2621026400CE,26400.0,2026-02-10,412.9,
2026-01-07 11:46:47+05:30,NIFTY2621026400CE,26400.0,2026-02-10,412.9,
2026-01-07 11:46:48+05:30,NIFTY2621026400CE,26400.0,2026-02-10,412.9,
2026-01-07 11:46:49+05:30,NIFTY2621026400CE,26400.0,2026-02-10,412.9,
2026-01-07 11:46:50+05:30,NIFTY2621026400CE,26400.0,2026-02-10,412.9,
2026-01-07 11:46:51+05:30,NIFTY2621026400CE,26400.0,2026-02-10,412.9,
2026-01-07 11:46:52+05:30,NIFTY2621026400CE,26400.0,2026-02-10,412.9,
2026-01-07 11:46:53+05:30,NIFTY2621026400CE,26400.0,2026-02-10,412.9,
2026-01-07 11:46:54+05:30,NIFTY2621026400CE,26400.0,2026-02-10,412.9,
2026-01-07 11:46:55+05:30,NIFTY2621026400CE,26400.0,2026-02-10,412.9,
2026-01-07 11:46:56+05:30,NIFTY2621026400CE,26400.0,2026-02-10,412.9,
2026-01-07 11:46:57+05:30,NIFTY2621026400CE,26400.0,2026-02-10,412.9,
2026-01-07 11:46:58+05:30,NIFTY2621026400CE,26400.0,2026-02-10,412.9,
2026-01-07 11:46:59+05:30,NIFTY2621026400CE,26400.0,2026-02-10,412.9,
2026-01-07 11:47:00+05:30,NIFTY2621026400CE,26400.0,2026-02-10,412.9,
2026-01-07 11:47:01+05:30,NIFTY2621026400CE,26400.0,2026-02-10,412.9,
2026-01-07 11:47:02+05:30,NIFTY2621026400CE,26400.0,2026-02-10,412.9,
2026-01-07 11:47:03+05:30,NIFTY2621026400CE,26400.0,2026-02-10,412.9,
2026-01-07 11:47:04+05:30,NIFTY2621026400CE,26400.0,2026-02-10,412.9,
2026-01-07 11:47:05+05:30,NIFTY2621026400CE,26400.0,2026-02-10,412.9,
2026-01-07 11:47:06+05:30,NIFTY2621026400CE,26400.0,2026-02-10,412.9,
2026-01-07 11:47:07+05:30,NIFTY2621026400CE,26400.0,2026-02-10,412.9,
2026-01-07 11:47:08+05:30,NIFTY2621026400CE,26400.0,2026-02-10,412.9,
2026-01-07 11:47:09+05:30,NIFTY2621026400CE,26400.0,2026-02-10,412.9,
2026-01-07 11:47:10+05:30,NIFTY2621026400CE,26400.0,2026-02-10,412.9,
2026-01-07 11:47:11+05:30,NIFTY2621026400CE,26400.0,2026-02-10,412.9,
2026-01-07 11:47:12+05:30,NIFTY2621026400CE,26400.0,2026-02-10,412.9,
2026-01-07 11:47:13+05:30,NIFTY2621026400CE,26400.0,2026-02-10,412.9,
2026-01-07 11:47:14+05:30,NIFTY2621026400CE,26400.0,2026-02-10,412.9,
2026-01-07 11:47:15+05:30,NIFTY2621026400CE,26400.0,2026-02-10,412.9,
2026-01-07 11:47:16+05:30,NIFTY2621026400CE,26400.0,2026-02-10,412.9,
2026-01-07 11:47:17+05:30,NIFTY2621026400CE,26400.0,2026-02-10,412.9,
2026-01-07 11:47:18+05:30,NIFTY2621026400CE,26400.0,2026-02-10,412.9,
2026-01-07 11:47:19+05:30,NIFTY2621026400CE,26400.0,2026-02-10,412.9,
2026-01-07 11:47:20+05:30,NIFTY2621026400CE,26400.0,2026-02-10,412.9,
2026-01-07 11:47:21+05:30,NIFTY2621026400CE,26400.0,2026-02-10,412.9,
2026-01-07 11:47:22+05:30,NIFTY2621026400CE,26400.0,2026-02-10,412.9,
2026-01-07 11:47:23+05:30,NIFTY2621026400CE,26400.0,2026-02-10,412.9,
2026-01-07 11:47:24+05:30,NIFTY2621026400CE,26400.0,2026-02-10,412.9,
2026-01-07 11:47:25+05:30,NIFTY2621026400CE,26400.0,2026-02-10,412.9,
2026-01-07 11:47:26+05:30,NIFTY2621026400CE,26400.0,2026-02-10,412.9,
2026-01-07 11:47:27+05:30,NIFTY2621026400CE,26400.0,2026-02-10,412.9,
2026-01-07 11:47:28+05:30,NIFTY2621026400CE,26400.0,2026-02-10,412.9,
2026-01-07 11:47:29+05:30,NIFTY2621026400CE,26400.0,2026-02-10,412.9,
2026-01-07 11:47:30+05:30,NIFTY2621026400CE,26400.0,2026-02-10,412.9,
2026-01-07 11:47:31+05:30,NIFTY2621026400CE,26400.0,2026-02-10,412.9,
2026-01-07 11:47:32+05:30,NIFTY2621026400CE,26400.0,2026-02-10,412.9,
2026-01-07 11:47:33+05:30,NIFTY2621026400CE,26400.0,2026-02-10,412.9,
2026-01-07 11:47:34+05:30,NIFTY2621026400CE,26400.0,2026-02-10,412.9,
2026-01-07 11:47:35+05:30,NIFTY2621026400CE,26400.0,2026-02-10,412.9,
2026-01-07 11:47:36+05:30,NIFTY2621026400CE,26400.0,2026-02-10,412.9,
2026-01-07 11:47:37+05:30,NIFTY2621026400CE,26400.0,2026-02-10,412.9,
2026-01-07 11:47:38+05:30,NIFTY2621026400CE,26400.0,2026-02-10,412.9,
2026-01-07 11:47:39+05:30,NIFTY2621026400CE,26400.0,2026-02-10,412.9,
2026-01-07 11:47:40+05:30,NIFTY2621026400CE,26400.0,2026-02-10,412.9,
2026-01-07 11:47:41+05:30,NIFTY2621026400CE,26400.0,2026-02-10,412.9,
2026-01-07 11:47:42+05:30,NIFTY2621026400CE,26400.0,2026-02-10,412.9,
2026-01-07 11:47:43+05:30,NIFTY2621026400CE,26400.0,2026-02-10,412.9,
2026-01-07 11:47:44+05:30,NIFTY2621026400CE,26400.0,2026-02-10,412.9,
2026-01-07 11:47:45+05:30,NIFTY2621026400CE,26400.0,2026-02-10,412.9,
2026-01-07 11:47:46+05:30,NIFTY2621026400CE,26400.0,2026-02-10,412.9,
2026-01-07 11:47:47+05:30,NIFTY2621026400CE,26400.0,2026-02-10,412.9,
2026-01-07 11:47:48+05:30,NIFTY2621026400CE,26400.0,2026-02-10,412.9,
2026-01-07 11:47:49+05:30,NIFTY2621026400CE,26400.0,2026-02-10,412.9,
2026-01-07 11:47:50+05:30,NIFTY2621026400CE,26400.0,2026-02-10,412.9,
2026-01-07 11:47:51+05:30,NIFTY2621026400CE,26400.0,2026-02-10,412.9,
2026-01-07 11:47:52+05:30,NIFTY2621026400CE,26400.0,2026-02-10,412.9,
2026-01-07 11:47:53+05:30,NIFTY2621026400CE,26400.0,2026-02-10,412.9,
2026-01-07 11:47:54+05:30,NIFTY2621026400CE,26400.0,2026-02-10,412.9,
2026-01-07 11:47:55+05:30,NIFTY2621026400CE,26400.0,2026-02-10,412.9,
2026-01-07 11:47:56+05:30,NIFTY2621026400CE,26400.0,2026-02-10,412.9,
2026-01-07 11:47:57+05:30,NIFTY2621026400CE,26400.0,2026-02-10,412.9,
2026-01-07 11:47:58+05:30,NIFTY2621026400CE,26400.0,2026-02-10,412.9,
2026-01-07 11:47:59+05:30,NIFTY2621026400CE,26400.0,2026-02-10,412.9,
2026-01-07 11:48:00+05:30,NIFTY2621026400CE,26400.0,2026-02-10,412.9,
2026-01-07 11:48:01+05:30,NIFTY2621026400CE,26400.0,2026-02-10,412.9,
2026-01-07 11:48:02+05:30,NIFTY2621026400CE,26400.0,2026-02-10,412.9,
2026-01-07 11:48:03+05:30,NIFTY2621026400CE,26400.0,2026-02-10,412.9,
2026-01-07 11:48:04+05:30,NIFTY2621026400CE,26400.0,2026-02-10,412.9,
2026-01-07 11:48:05+05:30,NIFTY2621026400CE,26400.0,2026-02-10,412.9,
2026-01-07 11:48:06+05:30,NIFTY2621026400CE,26400.0,2026-02-10,412.9,
2026-01-07 11:48:07+05:30,NIFTY2621026400CE,26400.0,2026-02-10,412.9,
2026-01-07 11:48:08+05:30,NIFTY2621026400CE,26400.0,2026-02-10,412.9,
2026-01-07 11:48:09+05:30,NIFTY2621026400CE,26400.0,2026-02-10,412.9,
2026-01-07 11:48:10+05:30,NIFTY2621026400CE,26400.0,2026-02-10,412.9,
2026-01-07 11:48:11+05:30,NIFTY2621026400CE,26400.0,2026-02-10,412.9,
2026-01-07 11:48:12+05:30,NIFTY2621026400CE,26400.0,2026-02-10,412.9,
2026-01-07 11:48:13+05:30,NIFTY2621026400CE,26400.0,2026-02-10,412.9,
2026-01-07 11:48:14+05:30,NIFTY2621026400CE,26400.0,2026-02-10,412.9,
2026-01-07 11:48:15+05:30,NIFTY2621026400CE,26400.0,2026-02-10,412.9,
2026-01-07 11:48:16+05:30,NIFTY2621026400CE,26400.0,2026-02-10,412.9,
2026-01-07 11:48:17+05:30,NIFTY2621026400CE,26400.0,2026-02-10,412.9,
2026-01-07 11:48:18+05:30,NIFTY2621026400CE,26400.0,2026-02-10,412.9,
2026-01-07 11:48:19+05:30,NIFTY2621026400CE,26400.0,2026-02-10,412.9,
2026-01-07 11:48:20+05:30,NIFTY2621026400CE,26400.0,2026-02-10,412.9,
2026-01-07 11:48:21+05:30,NIFTY2621026400CE,26400.0,2026-02-10,412.9,
2026-01-07 11:48:22+05:30,NIFTY2621026400CE,26400.0,2026-02-10,412.9,
2026-01-07 11:48:23+05:30,NIFTY2621026400CE,26400.0,2026-02-10,412.9,
2026-01-07 11:48:24+05:30,NIFTY2621026400CE,26400.0,2026-02-10,412.9,
2026-01-07 11:48:25+05:30,NIFTY2621026400CE,26400.0,2026-02-10,412.9,
2026-01-07 11:48:26+05:30,NIFTY2621026400CE,26400.0,2026-02-10,412.9,
2026-01-07 11:48:27+05:30,NIFTY2621026400CE,26400.0,2026-02-10,412.9,
2026-01-07 11:48:28+05:30,NIFTY2621026400CE,26400.0,2026-02-10,412.9,
2026-01-07 11:48:29+05:30,NIFTY2621026400CE,26400.0,2026-02-10,412.9,
2026-01-07 11:48:30+05:30,NIFTY2621026400CE,26400.0,2026-02-10,412.9,
2026-01-07 11:48:31+05:30,NIFTY2621026400CE,26400.0,2026-02-10,412.9,
2026-01-07 11:48:32+05:30,NIFTY2621026400CE,26400.0,2026-02-10,412.9,
2026-01-07 11:48:33+05:30,NIFTY2621026400CE,26400.0,2026-02-10,412.9,
2026-01-07 11:48:34+05:30,NIFTY2621026400CE,26400.0,2026-02-10,412.9,
2026-01-07 11:48:35+05:30,NIFTY2621026400CE,26400.0,2026-02-10,412.9,
2026-01-07 11:48:36+05:30,NIFTY2621026400CE,26400.0,2026-02-10,412.9,
2026-01-07 11:48:37+05:30,NIFTY2621026400CE,26400.0,2026-02-10,412.9,
2026-01-07 11:48:38+05:30,NIFTY2621026400CE,26400.0,2026-02-10,412.9,
2026-01-07 11:48:39+05:30,NIFTY2621026400CE,26400.0,2026-02-10,412.9,
2026-01-07 11:48:40+05:30,NIFTY2621026400CE,26400.0,2026-02-10,412.9,
2026-01-07 11:48:41+05:30,NIFTY2621026400CE,26400.0,2026-02-10,412.9,
2026-01-07 11:48:42+05:30,NIFTY2621026400CE,26400.0,2026-02-10,412.9,
2026-01-07 11:48:43+05:30,NIFTY2621026400CE,26400.0,2026-02-10,412.9,
2026-01-07 11:48:44+05:30,NIFTY2621026400CE,26400.0,2026-02-10,412.9,
2026-01-07 11:48:45+05:30,NIFTY2621026400CE,26400.0,2026-02-10,412.9,
2026-01-07 11:48:46+05:30,NIFTY2621026400CE,26400.0,2026-02-10,412.9,
2026-01-07 11:48:47+05:30,NIFTY2621026400CE,26400.0,2026-02-10,412.9,
2026-01-07 11:48:48+05:30,NIFTY2621026400CE,26400.0,2026-02-10,412.9,
2026-01-07 11:48:49+05:30,NIFTY2621026400CE,26400.0,2026-02-10,412.9,
2026-01-07 11:48:50+05:30,NIFTY2621026400CE,26400.0,2026-02-10,412.9,
2026-01-07 11:48:51+05:30,NIFTY2621026400CE,26400.0,2026-02-10,412.9,
2026-01-07 11:48:52+05:30,NIFTY2621026400CE,26400.0,2026-02-10,412.9,
2026-01-07 11:48:53+05:30,NIFTY2621026400CE,26400.0,2026-02-10,412.9,
2026-01-07 11:48:54+05:30,NIFTY2621026400CE,26400.0,2026-02-10,412.9,
2026-01-07 11:48:55+05:30,NIFTY2621026400CE,26400.0,2026-02-10,412.9,
2026-01-07 11:48:56+05:30,NIFTY2621026400CE,26400.0,2026-02-10,412.9,
2026-01-07 11:48:57+05:30,NIFTY2621026400CE,26400.0,2026-02-10,412.9,
2026-01-07 11:48:58+05:30,NIFTY2621026400CE,26400.0,2026-02-10,412.9,
2026-01-07 11:48:59+05:30,NIFTY2621026400CE,26400.0,2026-02-10,412.9,
2026-01-07 11:49:00+05:30,NIFTY2621026400CE,26400.0,2026-02-10,412.9,
2026-01-07 11:49:01+05:30,NIFTY2621026400CE,26400.0,2026-02-10,412.9,
2026-01-07 11:49:02+05:30,NIFTY2621026400CE,26400.0,2026-02-10,412.9,
2026-01-07 11:49:03+05:30,NIFTY2621026400CE,26400.0,2026-02-10,412.9,
2026-01-07 11:49:04+05:30,NIFTY2621026400CE,26400.0,2026-02-10,412.9,
2026-01-07 11:49:05+05:30,NIFTY2621026400CE,26400.0,2026-02-10,412.9,
2026-01-07 11:49:06+05:30,NIFTY2621026400CE,26400.0,2026-02-10,412.9,
2026-01-07 11:49:07+05:30,NIFTY2621026400CE,26400.0,2026-02-10,412.9,
2026-01-07 11:49:08+05:30,NIFTY2621026400CE,26400.0,2026-02-10,412.9,
2026-01-07 11:49:09+05:30,NIFTY2621026400CE,26400.0,2026-02-10,412.9,
2026-01-07 11:49:10+05:30,NIFTY2621026400CE,26400.0,2026-02-10,412.9,
2026-01-07 11:49:11+05:30,NIFTY2621026400CE,26400.0,2026-02-10,412.9,
2026-01-07 11:49:12+05:30,NIFTY2621026400CE,26400.0,2026-02-10,412.9,
2026-01-07 11:49:13+05:30,NIFTY2621026400CE,26400.0,2026-02-10,412.9,
2026-01-07 11:49:14+05:30,NIFTY2621026400CE,26400.0,2026-02-10,412.9,
2026-01-07 11:49:15+05:30,NIFTY2621026400CE,26400.0,2026-02-10,412.9,
2026-01-07 11:49:16+05:30,NIFTY2621026400CE,26400.0,2026-02-10,412.9,
2026-01-07 11:49:17+05:30,NIFTY2621026400CE,26400.0,2026-02-10,412.9,
2026-01-07 11:49:18+05:30,NIFTY2621026400CE,26400.0,2026-02-10,412.9,
2026-01-07 11:49:19+05:30,NIFTY2621026400CE,26400.0,2026-02-10,412.9,
2026-01-07 11:49:20+05:30,NIFTY2621026400CE,26400.0,2026-02-10,412.9,
2026-01-07 11:49:21+05:30,NIFTY2621026400CE,26400.0,2026-02-10,412.9,
2026-01-07 11:49:22+05:30,NIFTY2621026400CE,26400.0,2026-02-10,412.9,
2026-01-07 11:49:23+05:30,NIFTY2621026400CE,26400.0,2026-02-10,412.9,
2026-01-07 11:49:24+05:30,NIFTY2621026400CE,26400.0,2026-02-10,412.9,
2026-01-07 11:49:25+05:30,NIFTY2621026400CE,26400.0,2026-02-10,412.9,
2026-01-07 11:49:26+05:30,NIFTY2621026400CE,26400.0,2026-02-10,412.9,
2026-01-07 11:49:27+05:30,NIFTY2621026400CE,26400.0,2026-02-10,412.9,
2026-01-07 11:49:28+05:30,NIFTY2621026400CE,26400.0,2026-02-10,412.9,
2026-01-07 11:49:29+05:30,NIFTY2621026400CE,26400.0,2026-02-10,412.9,
2026-01-07 11:49:30+05:30,NIFTY2621026400CE,26400.0,2026-02-10,412.9,
2026-01-07 11:49:31+05:30,NIFTY2621026400CE,26400.0,2026-02-10,412.9,
2026-01-07 11:49:32+05:30,NIFTY2621026400CE,26400.0,2026-02-10,412.9,
2026-01-07 11:49:33+05:30,NIFTY2621026400CE,26400.0,2026-02-10,412.9,
2026-01-07 11:49:34+05:30,NIFTY2621026400CE,26400.0,2026-02-10,412.9,
2026-01-07 11:49:35+05:30,NIFTY2621026400CE,26400.0,2026-02-10,412.9,
2026-01-07 11:49:36+05:30,NIFTY2621026400CE,26400.0,2026-02-10,412.9,
2026-01-07 11:49:37+05:30,NIFTY2621026400CE,26400.0,2026-02-10,412.9,
2026-01-07 11:49:38+05:30,NIFTY2621026400CE,26400.0,2026-02-10,412.9,
2026-01-07 11:49:39+05:30,NIFTY2621026400CE,26400.0,2026-02-10,412.9,
2026-01-07 11:49:40+05:30,NIFTY2621026400CE,26400.0,2026-02-10,412.9,
2026-01-07 11:49:41+05:30,NIFTY2621026400CE,26400.0,2026-02-10,412.9,
2026-01-07 11:49:42+05:30,NIFTY2621026400CE,26400.0,2026-02-10,412.9,
2026-01-07 11:49:43+05:30,NIFTY2621026400CE,26400.0,2026-02-10,412.9,
2026-01-07 11:49:44+05:30,NIFTY2621026400CE,26400.0,2026-02-10,412.9,
2026-01-07 11:49:45+05:30,NIFTY2621026400CE,26400.0,2026-02-10,412.9,
2026-01-07 11:49:46+05:30,NIFTY2621026400CE,26400.0,2026-02-10,412.9,
2026-01-07 11:49:47+05:30,NIFTY2621026400CE,26400.0,2026-02-10,412.9,
2026-01-07 11:49:48+05:30,NIFTY2621026400CE,26400.0,2026-02-10,412.9,
2026-01-07 11:49:49+05:30,NIFTY2621026400CE,26400.0,2026-02-10,412.9,
2026-01-07 11:49:50+05:30,NIFTY2621026400CE,26400.0,2026-02-10,412.9,
2026-01-07 11:49:51+05:30,NIFTY2621026400CE,26400.0,2026-02-10,412.9,
2026-01-07 11:49:52+05:30,NIFTY2621026400CE,26400.0,2026-02-10,412.9,
2026-01-07 11:49:53+05:30,NIFTY2621026400CE,26400.0,2026-02-10,412.9,
2026-01-07 11:49:54+05:30,NIFTY2621026400CE,26400.0,2026-02-10,412.9,
2026-01-07 11:49:55+05:30,NIFTY2621026400CE,26400.0,2026-02-10,412.9,
2026-01-07 11:49:56+05:30,NIFTY2621026400CE,26400.0,2026-02-10,412.9,
2026-01-07 11:49:57+05:30,NIFTY2621026400CE,26400.0,2026-02-10,412.9,
2026-01-07 11:49:58+05:30,NIFTY2621026400CE,26400.0,2026-02-10,412.9,
2026-01-07 11:49:59+05:30,NIFTY2621026400CE,26400.0,2026-02-10,412.9,
2026-01-07 11:50:00+05:30,NIFTY2621026400CE,26400.0,2026-02-10,412.9,
2026-01-07 11:50:01+05:30,NIFTY2621026400CE,26400.0,2026-02-10,412.9,
2026-01-07 11:50:02+05:30,NIFTY2621026400CE,26400.0,2026-02-10,412.9,
2026-01-07 11:50:03+05:30,NIFTY2621026400CE,26400.0,2026-02-10,412.9,
2026-01-07 11:50:04+05:30,NIFTY2621026400CE,26400.0,2026-02-10,412.9,
2026-01-07 11:50:05+05:30,NIFTY2621026400CE,26400.0,2026-02-10,412.9,
2026-01-07 11:50:06+05:30,NIFTY2621026400CE,26400.0,2026-02-10,412.9,
2026-01-07 11:50:07+05:30,NIFTY2621026400CE,26400.0,2026-02-10,412.9,
2026-01-07 11:50:08+05:30,NIFTY2621026400CE,26400.0,2026-02-10,412.9,
2026-01-07 11:50:09+05:30,NIFTY2621026400CE,26400.0,2026-02-10,412.9,
2026-01-07 11:50:10+05:30,NIFTY2621026400CE,26400.0,2026-02-10,412.9,
2026-01-07 11:50:11+05:30,NIFTY2621026400CE,26400.0,2026-02-10,412.9,
2026-01-07 11:50:12+05:30,NIFTY2621026400CE,26400.0,2026-02-10,412.9,
2026-01-07 11:50:13+05:30,NIFTY2621026400CE,26400.0,2026-02-10,412.9,
2026-01-07 11:50:14+05:30,NIFTY2621026400CE,26400.0,2026-02-10,412.9,
2026-01-07 11:50:15+05:30,NIFTY2621026400CE,26400.0,2026-02-10,412.9,
2026-01-07 11:50:16+05:30,NIFTY2621026400CE,26400.0,2026-02-10,412.9,
2026-01-07 11:50:17+05:30,NIFTY2621026400CE,26400.0,2026-02-10,412.9,
2026-01-07 11:50:18+05:30,NIFTY2621026400CE,26400.0,2026-02-10,412.9,
2026-01-07 11:50:19+05:30,NIFTY2621026400CE,26400.0,2026-02-10,412.9,
2026-01-07 11:50:20+05:30,NIFTY2621026400CE,26400.0,2026-02-10,412.9,
2026-01-07 11:50:21+05:30,NIFTY2621026400CE,26400.0,2026-02-10,412.9,
2026-01-07 11:50:22+05:30,NIFTY2621026400CE,26400.0,2026-02-10,412.9,
2026-01-07 11:50:23+05:30,NIFTY2621026400CE,26400.0,2026-02-10,412.9,
2026-01-07 11:50:24+05:30,NIFTY2621026400CE,26400.0,2026-02-10,412.9,
2026-01-07 11:50:25+05:30,NIFTY2621026400CE,26400.0,2026-02-10,412.9,
2026-01-07 11:50:26+05:30,NIFTY2621026400CE,26400.0,2026-02-10,412.9,
2026-01-07 11:50:27+05:30,NIFTY2621026400CE,26400.0,2026-02-10,412.9,
2026-01-07 11:50:28+05:30,NIFTY2621026400CE,26400.0,2026-02-10,412.9,
2026-01-07 11:50:29+05:30,NIFTY2621026400CE,26400.0,2026-02-10,412.9,
2026-01-07 11:50:30+05:30,NIFTY2621026400CE,26400.0,2026-02-10,412.9,
2026-01-07 11:50:31+05:30,NIFTY2621026400CE,26400.0,2026-02-10,412.9,
2026-01-07 11:50:32+05:30,NIFTY2621026400CE,26400.0,2026-02-10,412.9,
2026-01-07 11:50:33+05:30,NIFTY2621026400CE,26400.0,2026-02-10,412.9,
2026-01-07 11:50:34+05:30,NIFTY2621026400CE,26400.0,2026-02-10,412.9,
2026-01-07 11:50:35+05:30,NIFTY2621026400CE,26400.0,2026-02-10,412.9,
2026-01-07 11:50:36+05:30,NIFTY2621026400CE,26400.0,2026-02-10,412.9,
2026-01-07 11:50:37+05:30,NIFTY2621026400CE,26400.0,2026-02-10,412.9,
2026-01-07 11:50:38+05:30,NIFTY2621026400CE,26400.0,2026-02-10,412.9,
2026-01-07 11:50:39+05:30,NIFTY2621026400CE,26400.0,2026-02-10,412.9,
2026-01-07 11:50:40+05:30,NIFTY2621026400CE,26400.0,2026-02-10,412.9,
2026-01-07 11:50:41+05:30,NIFTY2621026400CE,26400.0,2026-02-10,412.9,
2026-01-07 11:50:42+05:30,NIFTY2621026400CE,26400.0,2026-02-10,412.9,
2026-01-07 11:50:43+05:30,NIFTY2621026400CE,26400.0,2026-02-10,412.9,
2026-01-07 11:50:44+05:30,NIFTY2621026400CE,26400.0,2026-02-10,412.9,
2026-01-07 11:50:45+05:30,NIFTY2621026400CE,26400.0,2026-02-10,412.9,
2026-01-07 11:50:46+05:30,NIFTY2621026400CE,26400.0,2026-02-10,412.9,
2026-01-07 11:50:47+05:30,NIFTY2621026400CE,26400.0,2026-02-10,412.9,
2026-01-07 11:50:48+05:30,NIFTY2621026400CE,26400.0,2026-02-10,412.9,
2026-01-07 11:50:49+05:30,NIFTY2621026400CE,26400.0,2026-02-10,412.9,
2026-01-07 11:50:50+05:30,NIFTY2621026400CE,26400.0,2026-02-10,412.9,
2026-01-07 11:50:51+05:30,NIFTY2621026400CE,26400.0,2026-02-10,412.9,
2026-01-07 11:50:52+05:30,NIFTY2621026400CE,26400.0,2026-02-10,412.9,
2026-01-07 11:50:53+05:30,NIFTY2621026400CE,26400.0,2026-02-10,412.9,
2026-01-07 11:50:54+05:30,NIFTY2621026400CE,26400.0,2026-02-10,412.9,
2026-01-07 11:50:55+05:30,NIFTY2621026400CE,26400.0,2026-02-10,412.9,
2026-01-07 11:50:56+05:30,NIFTY2621026400CE,26400.0,2026-02-10,412.9,
2026-01-07 11:50:57+05:30,NIFTY2621026400CE,26400.0,2026-02-10,412.9,
2026-01-07 11:50:58+05:30,NIFTY2621026400CE,26400.0,2026-02-10,412.9,
2026-01-07 11:50:59+05:30,NIFTY2621026400CE,26400.0,2026-02-10,412.9,
2026-01-07 11:51:00+05:30,NIFTY2621026400CE,26400.0,2026-02-10,412.9,
2026-01-07 11:51:01+05:30,NIFTY2621026400CE,26400.0,2026-02-10,412.9,
2026-01-07 11:51:02+05:30,NIFTY2621026400CE,26400.0,2026-02-10,412.9,
2026-01-07 11:51:03+05:30,NIFTY2621026400CE,26400.0,2026-02-10,412.9,
2026-01-07 11:51:04+05:30,NIFTY2621026400CE,26400.0,2026-02-10,412.9,
2026-01-07 11:51:05+05:30,NIFTY2621026400CE,26400.0,2026-02-10,412.9,
2026-01-07 11:51:06+05:30,NIFTY2621026400CE,26400.0,2026-02-10,412.9,
2026-01-07 11:51:07+05:30,NIFTY2621026400CE,26400.0,2026-02-10,412.9,
2026-01-07 11:51:08+05:30,NIFTY2621026400CE,26400.0,2026-02-10,412.9,
2026-01-07 11:51:09+05:30,NIFTY2621026400CE,26400.0,2026-02-10,412.9,
2026-01-07 11:51:10+05:30,NIFTY2621026400CE,26400.0,2026-02-10,412.9,
2026-01-07 11:51:11+05:30,NIFTY2621026400CE,26400.0,2026-02-10,412.9,
2026-01-07 11:51:12+05:30,NIFTY2621026400CE,26400.0,2026-02-10,412.9,
2026-01-07 11:51:13+05:30,NIFTY2621026400CE,26400.0,2026-02-10,412.9,
2026-01-07 11:51:14+05:30,NIFTY2621026400CE,26400.0,2026-02-10,412.9,
2026-01-07 11:51:15+05:30,NIFTY2621026400CE,26400.0,2026-02-10,412.9,
2026-01-07 11:51:16+05:30,NIFTY2621026400CE,26400.0,2026-02-10,412.9,
2026-01-07 11:51:17+05:30,NIFTY2621026400CE,26400.0,2026-02-10,412.9,
2026-01-07 11:51:18+05:30,NIFTY2621026400CE,26400.0,2026-02-10,412.9,
2026-01-07 11:51:19+05:30,NIFTY2621026400CE,26400.0,2026-02-10,412.9,
2026-01-07 11:51:20+05:30,NIFTY2621026400CE,26400.0,2026-02-10,412.9,
2026-01-07 11:51:21+05:30,NIFTY2621026400CE,26400.0,2026-02-10,412.9,
2026-01-07 11:51:22+05:30,NIFTY2621026400CE,26400.0,2026-02-10,412.9,
2026-01-07 11:51:23+05:30,NIFTY2621026400CE,26400.0,2026-02-10,412.9,
2026-01-07 11:51:24+05:30,NIFTY2621026400CE,26400.0,2026-02-10,412.9,
2026-01-07 11:51:25+05:30,NIFTY2621026400CE,26400.0,2026-02-10,412.9,
2026-01-07 11:51:26+05:30,NIFTY2621026400CE,26400.0,2026-02-10,412.9,
2026-01-07 11:51:27+05:30,NIFTY2621026400CE,26400.0,2026-02-10,412.9,
2026-01-07 11:51:28+05:30,NIFTY2621026400CE,26400.0,2026-02-10,412.9,
2026-01-07 11:51:29+05:30,NIFTY2621026400CE,26400.0,2026-02-10,412.9,
2026-01-07 11:51:30+05:30,NIFTY2621026400CE,26400.0,2026-02-10,412.9,
2026-01-07 11:51:31+05:30,NIFTY2621026400CE,26400.0,2026-02-10,412.9,
2026-01-07 11:51:32+05:30,NIFTY2621026400CE,26400.0,2026-02-10,412.9,
2026-01-07 11:51:33+05:30,NIFTY2621026400CE,26400.0,2026-02-10,412.9,
2026-01-07 11:51:34+05:30,NIFTY2621026400CE,26400.0,2026-02-10,412.9,
2026-01-07 11:51:35+05:30,NIFTY2621026400CE,26400.0,2026-02-10,412.9,
2026-01-07 11:51:36+05:30,NIFTY2621026400CE,26400.0,2026-02-10,412.9,
2026-01-07 11:51:37+05:30,NIFTY2621026400CE,26400.0,2026-02-10,412.9,
2026-01-07 11:51:38+05:30,NIFTY2621026400CE,26400.0,2026-02-10,412.9,
2026-01-07 11:51:39+05:30,NIFTY2621026400CE,26400.0,2026-02-10,412.9,
2026-01-07 11:51:40+05:30,NIFTY2621026400CE,26400.0,2026-02-10,412.9,
2026-01-07 11:51:41+05:30,NIFTY2621026400CE,26400.0,2026-02-10,412.9,
2026-01-07 11:51:42+05:30,NIFTY2621026400CE,26400.0,2026-02-10,412.9,
2026-01-07 11:51:43+05:30,NIFTY2621026400CE,26400.0,2026-02-10,412.9,
2026-01-07 11:51:44+05:30,NIFTY2621026400CE,26400.0,2026-02-10,412.9,
2026-01-07 11:51:45+05:30,NIFTY2621026400CE,26400.0,2026-02-10,412.9,
2026-01-07 11:51:46+05:30,NIFTY2621026400CE,26400.0,2026-02-10,412.9,
2026-01-07 11:51:47+05:30,NIFTY2621026400CE,26400.0,2026-02-10,412.9,
2026-01-07 11:51:48+05:30,NIFTY2621026400CE,26400.0,2026-02-10,412.9,
2026-01-07 11:51:49+05:30,NIFTY2621026400CE,26400.0,2026-02-10,412.9,
2026-01-07 11:51:50+05:30,NIFTY2621026400CE,26400.0,2026-02-10,412.9,
2026-01-07 11:51:51+05:30,NIFTY2621026400CE,26400.0,2026-02-10,412.9,
2026-01-07 11:51:52+05:30,NIFTY2621026400CE,26400.0,2026-02-10,412.9,
2026-01-07 11:51:53+05:30,NIFTY2621026400CE,26400.0,2026-02-10,412.9,
2026-01-07 11:51:54+05:30,NIFTY2621026400CE,26400.0,2026-02-10,412.9,
2026-01-07 11:51:55+05:30,NIFTY2621026400CE,26400.0,2026-02-10,412.9,
2026-01-07 11:51:56+05:30,NIFTY2621026400CE,26400.0,2026-02-10,412.9,
2026-01-07 11:51:57+05:30,NIFTY2621026400CE,26400.0,2026-02-10,412.9,
2026-01-07 11:51:58+05:30,NIFTY2621026400CE,26400.0,2026-02-10,412.9,
2026-01-07 11:51:59+05:30,NIFTY2621026400CE,26400.0,2026-02-10,412.9,
2026-01-07 11:52:00+05:30,NIFTY2621026400CE,26400.0,2026-02-10,412.9,
2026-01-07 11:52:01+05:30,NIFTY2621026400CE,26400.0,2026-02-10,412.9,
2026-01-07 11:52:02+05:30,NIFTY2621026400CE,26400.0,2026-02-10,412.9,
2026-01-07 11:52:03+05:30,NIFTY2621026400CE,26400.0,2026-02-10,412.9,
2026-01-07 11:52:04+05:30,NIFTY2621026400CE,26400.0,2026-02-10,412.9,
2026-01-07 11:52:05+05:30,NIFTY2621026400CE,26400.0,2026-02-10,412.9,
2026-01-07 11:52:06+05:30,NIFTY2621026400CE,26400.0,2026-02-10,412.9,
2026-01-07 11:52:07+05:30,NIFTY2621026400CE,26400.0,2026-02-10,412.9,
2026-01-07 11:52:08+05:30,NIFTY2621026400CE,26400.0,2026-02-10,412.9,
2026-01-07 11:52:09+05:30,NIFTY2621026400CE,26400.0,2026-02-10,412.9,
2026-01-07 11:52:10+05:30,NIFTY2621026400CE,26400.0,2026-02-10,412.9,
2026-01-07 11:52:11+05:30,NIFTY2621026400CE,26400.0,2026-02-10,412.9,
2026-01-07 11:52:12+05:30,NIFTY2621026400CE,26400.0,2026-02-10,412.9,
2026-01-07 11:52:13+05:30,NIFTY2621026400CE,26400.0,2026-02-10,412.9,
2026-01-07 11:52:14+05:30,NIFTY2621026400CE,26400.0,2026-02-10,412.9,
2026-01-07 11:52:15+05:30,NIFTY2621026400CE,26400.0,2026-02-10,412.9,
2026-01-07 11:52:16+05:30,NIFTY2621026400CE,26400.0,2026-02-10,412.9,
2026-01-07 11:52:17+05:30,NIFTY2621026400CE,26400.0,2026-02-10,412.9,
2026-01-07 11:52:18+05:30,NIFTY2621026400CE,26400.0,2026-02-10,412.9,
2026-01-07 11:52:19+05:30,NIFTY2621026400CE,26400.0,2026-02-10,412.9,
2026-01-07 11:52:20+05:30,NIFTY2621026400CE,26400.0,2026-02-10,412.9,
2026-01-07 11:52:21+05:30,NIFTY2621026400CE,26400.0,2026-02-10,412.9,
2026-01-07 11:52:22+05:30,NIFTY2621026400CE,26400.0,2026-02-10,412.9,
2026-01-07 11:52:23+05:30,NIFTY2621026400CE,26400.0,2026-02-10,412.9,
2026-01-07 11:52:24+05:30,NIFTY2621026400CE,26400.0,2026-02-10,412.9,
2026-01-07 11:52:25+05:30,NIFTY2621026400CE,26400.0,2026-02-10,412.9,
2026-01-07 11:52:26+05:30,NIFTY2621026400CE,26400.0,2026-02-10,412.9,
2026-01-07 11:52:27+05:30,NIFTY2621026400CE,26400.0,2026-02-10,412.9,
2026-01-07 11:52:28+05:30,NIFTY2621026400CE,26400.0,2026-02-10,412.9,
2026-01-07 11:52:29+05:30,NIFTY2621026400CE,26400.0,2026-02-10,412.9,
2026-01-07 11:52:30+05:30,NIFTY2621026400CE,26400.0,2026-02-10,412.9,
2026-01-07 11:52:31+05:30,NIFTY2621026400CE,26400.0,2026-02-10,412.9,
2026-01-07 11:52:32+05:30,NIFTY2621026400CE,26400.0,2026-02-10,412.9,
2026-01-07 11:52:33+05:30,NIFTY2621026400CE,26400.0,2026-02-10,412.9,
2026-01-07 11:52:34+05:30,NIFTY2621026400CE,26400.0,2026-02-10,412.9,
2026-01-07 11:52:35+05:30,NIFTY2621026400CE,26400.0,2026-02-10,412.9,
2026-01-07 11:52:36+05:30,NIFTY2621026400CE,26400.0,2026-02-10,412.9,
2026-01-07 11:52:37+05:30,NIFTY2621026400CE,26400.0,2026-02-10,412.9,
2026-01-07 11:52:38+05:30,NIFTY2621026400CE,26400.0,2026-02-10,412.9,
2026-01-07 11:52:39+05:30,NIFTY2621026400CE,26400.0,2026-02-10,412.9,
2026-01-07 11:52:40+05:30,NIFTY2621026400CE,26400.0,2026-02-10,412.9,
2026-01-07 11:52:41+05:30,NIFTY2621026400CE,26400.0,2026-02-10,412.9,
2026-01-07 11:52:42+05:30,NIFTY2621026400CE,26400.0,2026-02-10,412.9,
2026-01-07 11:52:43+05:30,NIFTY2621026400CE,26400.0,2026-02-10,412.9,
2026-01-07 11:52:44+05:30,NIFTY2621026400CE,26400.0,2026-02-10,412.9,
2026-01-07 11:52:45+05:30,NIFTY2621026400CE,26400.0,2026-02-10,412.9,
2026-01-07 11:52:46+05:30,NIFTY2621026400CE,26400.0,2026-02-10,412.9,
2026-01-07 11:52:47+05:30,NIFTY2621026400CE,26400.0,2026-02-10,412.9,
2026-01-07 11:52:48+05:30,NIFTY2621026400CE,26400.0,2026-02-10,412.9,
2026-01-07 11:52:49+05:30,NIFTY2621026400CE,26400.0,2026-02-10,412.9,
2026-01-07 11:52:50+05:30,NIFTY2621026400CE,26400.0,2026-02-10,412.9,
2026-01-07 11:52:51+05:30,NIFTY2621026400CE,26400.0,2026-02-10,412.9,
2026-01-07 11:52:52+05:30,NIFTY2621026400CE,26400.0,2026-02-10,412.9,
2026-01-07 11:52:53+05:30,NIFTY2621026400CE,26400.0,2026-02-10,412.9,
2026-01-07 11:52:54+05:30,NIFTY2621026400CE,26400.0,2026-02-10,412.9,
2026-01-07 11:52:55+05:30,NIFTY2621026400CE,26400.0,2026-02-10,412.9,
2026-01-07 11:52:56+05:30,NIFTY2621026400CE,26400.0,2026-02-10,412.9,
2026-01-07 11:52:57+05:30,NIFTY2621026400CE,26400.0,2026-02-10,412.9,
2026-01-07 11:52:58+05:30,NIFTY2621026400CE,26400.0,2026-02-10,412.9,
2026-01-07 11:52:59+05:30,NIFTY2621026400CE,26400.0,2026-02-10,412.9,
2026-01-07 11:53:00+05:30,NIFTY2621026400CE,26400.0,2026-02-10,412.9,
2026-01-07 11:53:01+05:30,NIFTY2621026400CE,26400.0,2026-02-10,412.9,
2026-01-07 11:53:02+05:30,NIFTY2621026400CE,26400.0,2026-02-10,412.9,
2026-01-07 11:53:03+05:30,NIFTY2621026400CE,26400.0,2026-02-10,412.9,
2026-01-07 11:53:04+05:30,NIFTY2621026400CE,26400.0,2026-02-10,412.9,
2026-01-07 11:53:05+05:30,NIFTY2621026400CE,26400.0,2026-02-10,412.9,
2026-01-07 11:53:06+05:30,NIFTY2621026400CE,26400.0,2026-02-10,412.9,
2026-01-07 11:53:07+05:30,NIFTY2621026400CE,26400.0,2026-02-10,412.9,
2026-01-07 11:53:08+05:30,NIFTY2621026400CE,26400.0,2026-02-10,412.9,
2026-01-07 11:53:09+05:30,NIFTY2621026400CE,26400.0,2026-02-10,412.9,
2026-01-07 11:53:10+05:30,NIFTY2621026400CE,26400.0,2026-02-10,412.9,
2026-01-07 11:53:11+05:30,NIFTY2621026400CE,26400.0,2026-02-10,412.9,
2026-01-07 11:53:12+05:30,NIFTY2621026400CE,26400.0,2026-02-10,412.9,
2026-01-07 11:53:13+05:30,NIFTY2621026400CE,26400.0,2026-02-10,412.9,
2026-01-07 11:53:14+05:30,NIFTY2621026400CE,26400.0,2026-02-10,412.9,
2026-01-07 11:53:15+05:30,NIFTY2621026400CE,26400.0,2026-02-10,412.9,
2026-01-07 11:53:16+05:30,NIFTY2621026400CE,26400.0,2026-02-10,412.9,
2026-01-07 11:53:17+05:30,NIFTY2621026400CE,26400.0,2026-02-10,412.9,
2026-01-07 11:53:18+05:30,NIFTY2621026400CE,26400.0,2026-02-10,412.9,
2026-01-07 11:53:19+05:30,NIFTY2621026400CE,26400.0,2026-02-10,412.9,
2026-01-07 11:53:20+05:30,NIFTY2621026400CE,26400.0,2026-02-10,412.9,
2026-01-07 11:53:21+05:30,NIFTY2621026400CE,26400.0,2026-02-10,412.9,
2026-01-07 11:53:22+05:30,NIFTY2621026400CE,26400.0,2026-02-10,412.9,
2026-01-07 11:53:23+05:30,NIFTY2621026400CE,26400.0,2026-02-10,412.9,
2026-01-07 11:53:24+05:30,NIFTY2621026400CE,26400.0,2026-02-10,412.9,
2026-01-07 11:53:25+05:30,NIFTY2621026400CE,26400.0,2026-02-10,412.9,
2026-01-07 11:53:26+05:30,NIFTY2621026400CE,26400.0,2026-02-10,412.9,
2026-01-07 11:53:27+05:30,NIFTY2621026400CE,26400.0,2026-02-10,412.9,
2026-01-07 11:53:28+05:30,NIFTY2621026400CE,26400.0,2026-02-10,412.9,
2026-01-07 11:53:29+05:30,NIFTY2621026400CE,26400.0,2026-02-10,412.9,
2026-01-07 11:53:30+05:30,NIFTY2621026400CE,26400.0,2026-02-10,412.9,
2026-01-07 11:53:31+05:30,NIFTY2621026400CE,26400.0,2026-02-10,412.9,
2026-01-07 11:53:32+05:30,NIFTY2621026400CE,26400.0,2026-02-10,412.9,
2026-01-07 11:53:33+05:30,NIFTY2621026400CE,26400.0,2026-02-10,412.9,
2026-01-07 11:53:34+05:30,NIFTY2621026400CE,26400.0,2026-02-10,412.9,
2026-01-07 11:53:35+05:30,NIFTY2621026400CE,26400.0,2026-02-10,412.9,
2026-01-07 11:53:36+05:30,NIFTY2621026400CE,26400.0,2026-02-10,412.9,
2026-01-07 11:53:37+05:30,NIFTY2621026400CE,26400.0,2026-02-10,412.9,
2026-01-07 11:53:38+05:30,NIFTY2621026400CE,26400.0,2026-02-10,412.9,
2026-01-07 11:53:39+05:30,NIFTY2621026400CE,26400.0,2026-02-10,412.9,
2026-01-07 11:53:40+05:30,NIFTY2621026400CE,26400.0,2026-02-10,412.9,
2026-01-07 11:53:41+05:30,NIFTY2621026400CE,26400.0,2026-02-10,412.9,
2026-01-07 11:53:42+05:30,NIFTY2621026400CE,26400.0,2026-02-10,412.9,
2026-01-07 11:53:43+05:30,NIFTY2621026400CE,26400.0,2026-02-10,412.9,
2026-01-07 11:53:44+05:30,NIFTY2621026400CE,26400.0,2026-02-10,412.9,
2026-01-07 11:53:45+05:30,NIFTY2621026400CE,26400.0,2026-02-10,412.9,
2026-01-07 11:53:46+05:30,NIFTY2621026400CE,26400.0,2026-02-10,412.9,
2026-01-07 11:53:47+05:30,NIFTY2621026400CE,26400.0,2026-02-10,412.9,
2026-01-07 11:53:48+05:30,NIFTY2621026400CE,26400.0,2026-02-10,412.9,
2026-01-07 11:53:49+05:30,NIFTY2621026400CE,26400.0,2026-02-10,412.9,
2026-01-07 11:53:50+05:30,NIFTY2621026400CE,26400.0,2026-02-10,412.9,
2026-01-07 11:53:51+05:30,NIFTY2621026400CE,26400.0,2026-02-10,412.9,
2026-01-07 11:53:52+05:30,NIFTY2621026400CE,26400.0,2026-02-10,412.9,
2026-01-07 11:53:53+05:30,NIFTY2621026400CE,26400.0,2026-02-10,412.9,
2026-01-07 11:53:54+05:30,NIFTY2621026400CE,26400.0,2026-02-10,412.9,
2026-01-07 11:53:55+05:30,NIFTY2621026400CE,26400.0,2026-02-10,412.9,
2026-01-07 11:53:56+05:30,NIFTY2621026400CE,26400.0,2026-02-10,412.9,
2026-01-07 11:53:57+05:30,NIFTY2621026400CE,26400.0,2026-02-10,412.9,
2026-01-07 11:53:58+05:30,NIFTY2621026400CE,26400.0,2026-02-10,412.9,
2026-01-07 11:53:59+05:30,NIFTY2621026400CE,26400.0,2026-02-10,412.9,
2026-01-07 11:54:00+05:30,NIFTY2621026400CE,26400.0,2026-02-10,412.9,
2026-01-07 11:54:01+05:30,NIFTY2621026400CE,26400.0,2026-02-10,412.9,
2026-01-07 11:54:02+05:30,NIFTY2621026400CE,26400.0,2026-02-10,412.9,
2026-01-07 11:54:03+05:30,NIFTY2621026400CE,26400.0,2026-02-10,412.9,
2026-01-07 11:54:04+05:30,NIFTY2621026400CE,26400.0,2026-02-10,412.9,
2026-01-07 11:54:05+05:30,NIFTY2621026400CE,26400.0,2026-02-10,412.9,
2026-01-07 11:54:06+05:30,NIFTY2621026400CE,26400.0,2026-02-10,412.9,
2026-01-07 11:54:07+05:30,NIFTY2621026400CE,26400.0,2026-02-10,412.9,
2026-01-07 11:54:08+05:30,NIFTY2621026400CE,26400.0,2026-02-10,412.9,
2026-01-07 11:54:09+05:30,NIFTY2621026400CE,26400.0,2026-02-10,412.9,
2026-01-07 11:54:10+05:30,NIFTY2621026400CE,26400.0,2026-02-10,412.9,
2026-01-07 11:54:11+05:30,NIFTY2621026400CE,26400.0,2026-02-10,412.9,
2026-01-07 11:54:12+05:30,NIFTY2621026400CE,26400.0,2026-02-10,412.9,
2026-01-07 11:54:13+05:30,NIFTY2621026400CE,26400.0,2026-02-10,412.9,
2026-01-07 11:54:14+05:30,NIFTY2621026400CE,26400.0,2026-02-10,412.9,
2026-01-07 11:54:15+05:30,NIFTY2621026400CE,26400.0,2026-02-10,412.9,
2026-01-07 11:54:16+05:30,NIFTY2621026400CE,26400.0,2026-02-10,412.9,
2026-01-07 11:54:17+05:30,NIFTY2621026400CE,26400.0,2026-02-10,412.9,
2026-01-07 11:54:18+05:30,NIFTY2621026400CE,26400.0,2026-02-10,412.9,
2026-01-07 11:54:19+05:30,NIFTY2621026400CE,26400.0,2026-02-10,412.9,
2026-01-07 11:54:20+05:30,NIFTY2621026400CE,26400.0,2026-02-10,412.9,
2026-01-07 11:54:21+05:30,NIFTY2621026400CE,26400.0,2026-02-10,412.9,
2026-01-07 11:54:22+05:30,NIFTY2621026400CE,26400.0,2026-02-10,412.9,
2026-01-07 11:54:23+05:30,NIFTY2621026400CE,26400.0,2026-02-10,412.9,
2026-01-07 11:54:24+05:30,NIFTY2621026400CE,26400.0,2026-02-10,412.9,
2026-01-07 11:54:25+05:30,NIFTY2621026400CE,26400.0,2026-02-10,412.9,
2026-01-07 11:54:26+05:30,NIFTY2621026400CE,26400.0,2026-02-10,412.9,
2026-01-07 11:54:27+05:30,NIFTY2621026400CE,26400.0,2026-02-10,412.9,
2026-01-07 11:54:28+05:30,NIFTY2621026400CE,26400.0,2026-02-10,412.9,
2026-01-07 11:54:29+05:30,NIFTY2621026400CE,26400.0,2026-02-10,412.9,
2026-01-07 11:54:30+05:30,NIFTY2621026400CE,26400.0,2026-02-10,412.9,
2026-01-07 11:54:31+05:30,NIFTY2621026400CE,26400.0,2026-02-10,412.9,
2026-01-07 11:54:32+05:30,NIFTY2621026400CE,26400.0,2026-02-10,412.9,
2026-01-07 11:54:33+05:30,NIFTY2621026400CE,26400.0,2026-02-10,412.9,
2026-01-07 11:54:34+05:30,NIFTY2621026400CE,26400.0,2026-02-10,412.9,
2026-01-07 11:54:35+05:30,NIFTY2621026400CE,26400.0,2026-02-10,412.9,
2026-01-07 11:54:36+05:30,NIFTY2621026400CE,26400.0,2026-02-10,412.9,
2026-01-07 11:54:37+05:30,NIFTY2621026400CE,26400.0,2026-02-10,412.9,
2026-01-07 11:54:38+05:30,NIFTY2621026400CE,26400.0,2026-02-10,412.9,
2026-01-07 11:54:39+05:30,NIFTY2621026400CE,26400.0,2026-02-10,412.9,
2026-01-07 11:54:40+05:30,NIFTY2621026400CE,26400.0,2026-02-10,412.9,
2026-01-07 11:54:41+05:30,NIFTY2621026400CE,26400.0,2026-02-10,412.9,
2026-01-07 11:54:42+05:30,NIFTY2621026400CE,26400.0,2026-02-10,412.9,
2026-01-07 11:54:43+05:30,NIFTY2621026400CE,26400.0,2026-02-10,412.9,
2026-01-07 11:54:44+05:30,NIFTY2621026400CE,26400.0,2026-02-10,412.9,
2026-01-07 11:54:45+05:30,NIFTY2621026400CE,26400.0,2026-02-10,412.9,
2026-01-07 11:54:46+05:30,NIFTY2621026400CE,26400.0,2026-02-10,412.9,
2026-01-07 11:54:47+05:30,NIFTY2621026400CE,26400.0,2026-02-10,412.9,
2026-01-07 11:54:48+05:30,NIFTY2621026400CE,26400.0,2026-02-10,412.9,
2026-01-07 11:54:49+05:30,NIFTY2621026400CE,26400.0,2026-02-10,412.9,
2026-01-07 11:54:50+05:30,NIFTY2621026400CE,26400.0,2026-02-10,412.9,
2026-01-07 11:54:51+05:30,NIFTY2621026400CE,26400.0,2026-02-10,412.9,
2026-01-07 11:54:52+05:30,NIFTY2621026400CE,26400.0,2026-02-10,412.9,
2026-01-07 11:54:53+05:30,NIFTY2621026400CE,26400.0,2026-02-10,412.9,
2026-01-07 11:54:54+05:30,NIFTY2621026400CE,26400.0,2026-02-10,412.9,
2026-01-07 11:54:55+05:30,NIFTY2621026400CE,26400.0,2026-02-10,412.9,
2026-01-07 11:54:56+05:30,NIFTY2621026400CE,26400.0,2026-02-10,412.9,
2026-01-07 11:54:57+05:30,NIFTY2621026400CE,26400.0,2026-02-10,412.9,
2026-01-07 11:54:58+05:30,NIFTY2621026400CE,26400.0,2026-02-10,412.9,
2026-01-07 11:54:59+05:30,NIFTY2621026400CE,26400.0,2026-02-10,412.9,
2026-01-07 11:55:00+05:30,NIFTY2621026400CE,26400.0,2026-02-10,412.9,
2026-01-07 11:55:01+05:30,NIFTY2621026400CE,26400.0,2026-02-10,412.9,
2026-01-07 11:55:02+05:30,NIFTY2621026400CE,26400.0,2026-02-10,412.9,
2026-01-07 11:55:03+05:30,NIFTY2621026400CE,26400.0,2026-02-10,412.9,
2026-01-07 11:55:04+05:30,NIFTY2621026400CE,26400.0,2026-02-10,412.9,
2026-01-07 11:55:05+05:30,NIFTY2621026400CE,26400.0,2026-02-10,412.9,
2026-01-07 11:55:06+05:30,NIFTY2621026400CE,26400.0,2026-02-10,412.9,
2026-01-07 11:55:07+05:30,NIFTY2621026400CE,26400.0,2026-02-10,412.9,
2026-01-07 11:55:08+05:30,NIFTY2621026400CE,26400.0,2026-02-10,412.9,
2026-01-07 11:55:09+05:30,NIFTY2621026400CE,26400.0,2026-02-10,412.9,
2026-01-07 11:55:10+05:30,NIFTY2621026400CE,26400.0,2026-02-10,412.9,
2026-01-07 11:55:11+05:30,NIFTY2621026400CE,26400.0,2026-02-10,412.9,
2026-01-07 11:55:12+05:30,NIFTY2621026400CE,26400.0,2026-02-10,412.9,
2026-01-07 11:55:13+05:30,NIFTY2621026400CE,26400.0,2026-02-10,412.9,
2026-01-07 11:55:14+05:30,NIFTY2621026400CE,26400.0,2026-02-10,412.9,
2026-01-07 11:55:15+05:30,NIFTY2621026400CE,26400.0,2026-02-10,412.9,
2026-01-07 11:55:16+05:30,NIFTY2621026400CE,26400.0,2026-02-10,412.9,
2026-01-07 11:55:17+05:30,NIFTY2621026400CE,26400.0,2026-02-10,412.9,
2026-01-07 11:55:18+05:30,NIFTY2621026400CE,26400.0,2026-02-10,412.9,
2026-01-07 11:55:19+05:30,NIFTY2621026400CE,26400.0,2026-02-10,412.9,
2026-01-07 11:55:20+05:30,NIFTY2621026400CE,26400.0,2026-02-10,412.9,
2026-01-07 11:55:21+05:30,NIFTY2621026400CE,26400.0,2026-02-10,412.9,
2026-01-07 11:55:22+05:30,NIFTY2621026400CE,26400.0,2026-02-10,412.9,
2026-01-07 11:55:23+05:30,NIFTY2621026400CE,26400.0,2026-02-10,412.9,
2026-01-07 11:55:24+05:30,NIFTY2621026400CE,26400.0,2026-02-10,412.9,
2026-01-07 11:55:25+05:30,NIFTY2621026400CE,26400.0,2026-02-10,412.9,
2026-01-07 11:55:26+05:30,NIFTY2621026400CE,26400.0,2026-02-10,412.9,
2026-01-07 11:55:27+05:30,NIFTY2621026400CE,26400.0,2026-02-10,412.9,
2026-01-07 11:55:28+05:30,NIFTY2621026400CE,26400.0,2026-02-10,412.9,
2026-01-07 11:55:29+05:30,NIFTY2621026400CE,26400.0,2026-02-10,412.9,
2026-01-07 11:55:30+05:30,NIFTY2621026400CE,26400.0,2026-02-10,412.9,
2026-01-07 11:55:31+05:30,NIFTY2621026400CE,26400.0,2026-02-10,412.9,
2026-01-07 11:55:32+05:30,NIFTY2621026400CE,26400.0,2026-02-10,412.9,
2026-01-07 11:55:33+05:30,NIFTY2621026400CE,26400.0,2026-02-10,412.9,
2026-01-07 11:55:34+05:30,NIFTY2621026400CE,26400.0,2026-02-10,412.9,
2026-01-07 11:55:35+05:30,NIFTY2621026400CE,26400.0,2026-02-10,412.9,
2026-01-07 11:55:36+05:30,NIFTY2621026400CE,26400.0,2026-02-10,412.9,
2026-01-07 11:55:37+05:30,NIFTY2621026400CE,26400.0,2026-02-10,412.9,
2026-01-07 11:55:38+05:30,NIFTY2621026400CE,26400.0,2026-02-10,412.9,
2026-01-07 11:55:39+05:30,NIFTY2621026400CE,26400.0,2026-02-10,412.9,
2026-01-07 11:55:40+05:30,NIFTY2621026400CE,26400.0,2026-02-10,412.9,
2026-01-07 11:55:41+05:30,NIFTY2621026400CE,26400.0,2026-02-10,412.9,
2026-01-07 11:55:42+05:30,NIFTY2621026400CE,26400.0,2026-02-10,412.9,
2026-01-07 11:55:43+05:30,NIFTY2621026400CE,26400.0,2026-02-10,412.9,
2026-01-07 11:55:44+05:30,NIFTY2621026400CE,26400.0,2026-02-10,412.9,
2026-01-07 11:55:45+05:30,NIFTY2621026400CE,26400.0,2026-02-10,412.9,
2026-01-07 11:55:46+05:30,NIFTY2621026400CE,26400.0,2026-02-10,412.9,
2026-01-07 11:55:47+05:30,NIFTY2621026400CE,26400.0,2026-02-10,412.9,
2026-01-07 11:55:48+05:30,NIFTY2621026400CE,26400.0,2026-02-10,412.9,
2026-01-07 11:55:49+05:30,NIFTY2621026400CE,26400.0,2026-02-10,412.9,
2026-01-07 11:55:50+05:30,NIFTY2621026400CE,26400.0,2026-02-10,412.9,
2026-01-07 11:55:51+05:30,NIFTY2621026400CE,26400.0,2026-02-10,412.9,
2026-01-07 11:55:52+05:30,NIFTY2621026400CE,26400.0,2026-02-10,412.9,
2026-01-07 11:55:53+05:30,NIFTY2621026400CE,26400.0,2026-02-10,412.9,
2026-01-07 11:55:54+05:30,NIFTY2621026400CE,26400.0,2026-02-10,412.9,
2026-01-07 11:55:55+05:30,NIFTY2621026400CE,26400.0,2026-02-10,412.9,
2026-01-07 11:55:56+05:30,NIFTY2621026400CE,26400.0,2026-02-10,412.9,
2026-01-07 11:55:57+05:30,NIFTY2621026400CE,26400.0,2026-02-10,412.9,
2026-01-07 11:55:58+05:30,NIFTY2621026400CE,26400.0,2026-02-10,412.9,
2026-01-07 11:55:59+05:30,NIFTY2621026400CE,26400.0,2026-02-10,412.9,
2026-01-07 11:56:00+05:30,NIFTY2621026400CE,26400.0,2026-02-10,412.9,
2026-01-07 11:56:01+05:30,NIFTY2621026400CE,26400.0,2026-02-10,412.9,
2026-01-07 11:56:02+05:30,NIFTY2621026400CE,26400.0,2026-02-10,412.9,
2026-01-07 11:56:03+05:30,NIFTY2621026400CE,26400.0,2026-02-10,412.9,
2026-01-07 11:56:04+05:30,NIFTY2621026400CE,26400.0,2026-02-10,412.9,
2026-01-07 11:56:05+05:30,NIFTY2621026400CE,26400.0,2026-02-10,412.9,
2026-01-07 11:56:06+05:30,NIFTY2621026400CE,26400.0,2026-02-10,412.9,
2026-01-07 11:56:07+05:30,NIFTY2621026400CE,26400.0,2026-02-10,412.9,
2026-01-07 11:56:08+05:30,NIFTY2621026400CE,26400.0,2026-02-10,412.9,
2026-01-07 11:56:09+05:30,NIFTY2621026400CE,26400.0,2026-02-10,412.9,
2026-01-07 11:56:10+05:30,NIFTY2621026400CE,26400.0,2026-02-10,412.9,
2026-01-07 11:56:11+05:30,NIFTY2621026400CE,26400.0,2026-02-10,412.9,
2026-01-07 11:56:12+05:30,NIFTY2621026400CE,26400.0,2026-02-10,412.9,
2026-01-07 11:56:13+05:30,NIFTY2621026400CE,26400.0,2026-02-10,412.9,
2026-01-07 11:56:14+05:30,NIFTY2621026400CE,26400.0,2026-02-10,412.9,
2026-01-07 11:56:15+05:30,NIFTY2621026400CE,26400.0,2026-02-10,412.9,
2026-01-07 11:56:16+05:30,NIFTY2621026400CE,26400.0,2026-02-10,412.9,
2026-01-07 11:56:17+05:30,NIFTY2621026400CE,26400.0,2026-02-10,412.9,
2026-01-07 11:56:18+05:30,NIFTY2621026400CE,26400.0,2026-02-10,412.9,
2026-01-07 11:56:19+05:30,NIFTY2621026400CE,26400.0,2026-02-10,412.9,
2026-01-07 11:56:20+05:30,NIFTY2621026400CE,26400.0,2026-02-10,412.9,
2026-01-07 11:56:21+05:30,NIFTY2621026400CE,26400.0,2026-02-10,412.9,
2026-01-07 11:56:22+05:30,NIFTY2621026400CE,26400.0,2026-02-10,412.9,
2026-01-07 11:56:23+05:30,NIFTY2621026400CE,26400.0,2026-02-10,412.9,
2026-01-07 11:56:24+05:30,NIFTY2621026400CE,26400.0,2026-02-10,412.9,
2026-01-07 11:56:25+05:30,NIFTY2621026400CE,26400.0,2026-02-10,412.9,
2026-01-07 11:56:26+05:30,NIFTY2621026400CE,26400.0,2026-02-10,412.9,
2026-01-07 11:56:27+05:30,NIFTY2621026400CE,26400.0,2026-02-10,412.9,
2026-01-07 11:56:28+05:30,NIFTY2621026400CE,26400.0,2026-02-10,412.9,
2026-01-07 11:56:29+05:30,NIFTY2621026400CE,26400.0,2026-02-10,412.9,
2026-01-07 11:56:30+05:30,NIFTY2621026400CE,26400.0,2026-02-10,412.9,
2026-01-07 11:56:31+05:30,NIFTY2621026400CE,26400.0,2026-02-10,412.9,
2026-01-07 11:56:32+05:30,NIFTY2621026400CE,26400.0,2026-02-10,412.9,
2026-01-07 11:56:33+05:30,NIFTY2621026400CE,26400.0,2026-02-10,412.9,
2026-01-07 11:56:34+05:30,NIFTY2621026400CE,26400.0,2026-02-10,412.9,
2026-01-07 11:56:35+05:30,NIFTY2621026400CE,26400.0,2026-02-10,412.9,
2026-01-07 11:56:36+05:30,NIFTY2621026400CE,26400.0,2026-02-10,412.9,
2026-01-07 11:56:37+05:30,NIFTY2621026400CE,26400.0,2026-02-10,412.9,
2026-01-07 11:56:38+05:30,NIFTY2621026400CE,26400.0,2026-02-10,412.9,
2026-01-07 11:56:39+05:30,NIFTY2621026400CE,26400.0,2026-02-10,412.9,
2026-01-07 11:56:40+05:30,NIFTY2621026400CE,26400.0,2026-02-10,412.9,
2026-01-07 11:56:41+05:30,NIFTY2621026400CE,26400.0,2026-02-10,412.9,
2026-01-07 11:56:42+05:30,NIFTY2621026400CE,26400.0,2026-02-10,412.9,
2026-01-07 11:56:43+05:30,NIFTY2621026400CE,26400.0,2026-02-10,412.9,
2026-01-07 11:56:44+05:30,NIFTY2621026400CE,26400.0,2026-02-10,412.9,
2026-01-07 11:56:45+05:30,NIFTY2621026400CE,26400.0,2026-02-10,412.9,
2026-01-07 11:56:46+05:30,NIFTY2621026400CE,26400.0,2026-02-10,412.9,
2026-01-07 11:56:47+05:30,NIFTY2621026400CE,26400.0,2026-02-10,412.9,
2026-01-07 11:56:48+05:30,NIFTY2621026400CE,26400.0,2026-02-10,412.9,
2026-01-07 11:56:49+05:30,NIFTY2621026400CE,26400.0,2026-02-10,412.9,
2026-01-07 11:56:50+05:30,NIFTY2621026400CE,26400.0,2026-02-10,412.9,
2026-01-07 11:56:51+05:30,NIFTY2621026400CE,26400.0,2026-02-10,412.9,
2026-01-07 11:56:52+05:30,NIFTY2621026400CE,26400.0,2026-02-10,412.9,
2026-01-07 11:56:53+05:30,NIFTY2621026400CE,26400.0,2026-02-10,412.9,
2026-01-07 11:56:54+05:30,NIFTY2621026400CE,26400.0,2026-02-10,412.9,
2026-01-07 11:56:55+05:30,NIFTY2621026400CE,26400.0,2026-02-10,412.9,
2026-01-07 11:56:56+05:30,NIFTY2621026400CE,26400.0,2026-02-10,412.9,
2026-01-07 11:56:57+05:30,NIFTY2621026400CE,26400.0,2026-02-10,412.9,
2026-01-07 11:56:58+05:30,NIFTY2621026400CE,26400.0,2026-02-10,412.9,
2026-01-07 11:56:59+05:30,NIFTY2621026400CE,26400.0,2026-02-10,412.9,
2026-01-07 11:57:00+05:30,NIFTY2621026400CE,26400.0,2026-02-10,412.9,
2026-01-07 11:57:01+05:30,NIFTY2621026400CE,26400.0,2026-02-10,412.9,
2026-01-07 11:57:02+05:30,NIFTY2621026400CE,26400.0,2026-02-10,412.9,
2026-01-07 11:57:03+05:30,NIFTY2621026400CE,26400.0,2026-02-10,412.9,
2026-01-07 11:57:04+05:30,NIFTY2621026400CE,26400.0,2026-02-10,412.9,
2026-01-07 11:57:05+05:30,NIFTY2621026400CE,26400.0,2026-02-10,412.9,
2026-01-07 11:57:06+05:30,NIFTY2621026400CE,26400.0,2026-02-10,412.9,
2026-01-07 11:57:07+05:30,NIFTY2621026400CE,26400.0,2026-02-10,412.9,
2026-01-07 11:57:08+05:30,NIFTY2621026400CE,26400.0,2026-02-10,412.9,
2026-01-07 11:57:09+05:30,NIFTY2621026400CE,26400.0,2026-02-10,412.9,
2026-01-07 11:57:10+05:30,NIFTY2621026400CE,26400.0,2026-02-10,412.9,
2026-01-07 11:57:11+05:30,NIFTY2621026400CE,26400.0,2026-02-10,412.9,
2026-01-07 11:57:12+05:30,NIFTY2621026400CE,26400.0,2026-02-10,412.9,
2026-01-07 11:57:13+05:30,NIFTY2621026400CE,26400.0,2026-02-10,412.9,
2026-01-07 11:57:14+05:30,NIFTY2621026400CE,26400.0,2026-02-10,412.9,
2026-01-07 11:57:15+05:30,NIFTY2621026400CE,26400.0,2026-02-10,412.9,
2026-01-07 11:57:16+05:30,NIFTY2621026400CE,26400.0,2026-02-10,412.9,
2026-01-07 11:57:17+05:30,NIFTY2621026400CE,26400.0,2026-02-10,412.9,
2026-01-07 11:57:18+05:30,NIFTY2621026400CE,26400.0,2026-02-10,412.9,
2026-01-07 11:57:19+05:30,NIFTY2621026400CE,26400.0,2026-02-10,412.9,
2026-01-07 11:57:20+05:30,NIFTY2621026400CE,26400.0,2026-02-10,412.9,
2026-01-07 11:57:21+05:30,NIFTY2621026400CE,26400.0,2026-02-10,412.9,
2026-01-07 11:57:22+05:30,NIFTY2621026400CE,26400.0,2026-02-10,412.9,
2026-01-07 11:57:23+05:30,NIFTY2621026400CE,26400.0,2026-02-10,412.9,
2026-01-07 11:57:24+05:30,NIFTY2621026400CE,26400.0,2026-02-10,412.9,
2026-01-07 11:57:25+05:30,NIFTY2621026400CE,26400.0,2026-02-10,412.9,
2026-01-07 11:57:26+05:30,NIFTY2621026400CE,26400.0,2026-02-10,412.9,
2026-01-07 11:57:27+05:30,NIFTY2621026400CE,26400.0,2026-02-10,412.9,
2026-01-07 11:57:28+05:30,NIFTY2621026400CE,26400.0,2026-02-10,412.9,
2026-01-07 11:57:29+05:30,NIFTY2621026400CE,26400.0,2026-02-10,412.9,
2026-01-07 11:57:30+05:30,NIFTY2621026400CE,26400.0,2026-02-10,412.9,
2026-01-07 11:57:31+05:30,NIFTY2621026400CE,26400.0,2026-02-10,412.9,
2026-01-07 11:57:32+05:30,NIFTY2621026400CE,26400.0,2026-02-10,412.9,
2026-01-07 11:57:33+05:30,NIFTY2621026400CE,26400.0,2026-02-10,412.9,
2026-01-07 11:57:34+05:30,NIFTY2621026400CE,26400.0,2026-02-10,412.9,
2026-01-07 11:57:35+05:30,NIFTY2621026400CE,26400.0,2026-02-10,412.9,
2026-01-07 11:57:36+05:30,NIFTY2621026400CE,26400.0,2026-02-10,412.9,
2026-01-07 11:57:37+05:30,NIFTY2621026400CE,26400.0,2026-02-10,412.9,
2026-01-07 11:57:38+05:30,NIFTY2621026400CE,26400.0,2026-02-10,412.9,
2026-01-07 11:57:39+05:30,NIFTY2621026400CE,26400.0,2026-02-10,412.9,
2026-01-07 11:57:40+05:30,NIFTY2621026400CE,26400.0,2026-02-10,412.9,
2026-01-07 11:57:41+05:30,NIFTY2621026400CE,26400.0,2026-02-10,412.9,
2026-01-07 11:57:42+05:30,NIFTY2621026400CE,26400.0,2026-02-10,412.9,
2026-01-07 11:57:43+05:30,NIFTY2621026400CE,26400.0,2026-02-10,412.9,
2026-01-07 11:57:44+05:30,NIFTY2621026400CE,26400.0,2026-02-10,412.9,
2026-01-07 11:57:45+05:30,NIFTY2621026400CE,26400.0,2026-02-10,412.9,
2026-01-07 11:57:46+05:30,NIFTY2621026400CE,26400.0,2026-02-10,412.9,
2026-01-07 11:57:47+05:30,NIFTY2621026400CE,26400.0,2026-02-10,412.9,
2026-01-07 11:57:48+05:30,NIFTY2621026400CE,26400.0,2026-02-10,412.9,
2026-01-07 11:57:49+05:30,NIFTY2621026400CE,26400.0,2026-02-10,412.9,
2026-01-07 11:57:50+05:30,NIFTY2621026400CE,26400.0,2026-02-10,412.9,
2026-01-07 11:57:51+05:30,NIFTY2621026400CE,26400.0,2026-02-10,412.9,
2026-01-07 11:57:52+05:30,NIFTY2621026400CE,26400.0,2026-02-10,412.9,
2026-01-07 11:57:53+05:30,NIFTY2621026400CE,26400.0,2026-02-10,412.9,
2026-01-07 11:57:54+05:30,NIFTY2621026400CE,26400.0,2026-02-10,412.9,
2026-01-07 11:57:55+05:30,NIFTY2621026400CE,26400.0,2026-02-10,412.9,
2026-01-07 11:57:56+05:30,NIFTY2621026400CE,26400.0,2026-02-10,412.9,
2026-01-07 11:57:57+05:30,NIFTY2621026400CE,26400.0,2026-02-10,412.9,
2026-01-07 11:57:58+05:30,NIFTY2621026400CE,26400.0,2026-02-10,412.9,
2026-01-07 11:57:59+05:30,NIFTY2621026400CE,26400.0,2026-02-10,412.9,
2026-01-07 11:58:00+05:30,NIFTY2621026400CE,26400.0,2026-02-10,412.9,
2026-01-07 11:58:01+05:30,NIFTY2621026400CE,26400.0,2026-02-10,412.9,
2026-01-07 11:58:02+05:30,NIFTY2621026400CE,26400.0,2026-02-10,412.9,
2026-01-07 11:58:03+05:30,NIFTY2621026400CE,26400.0,2026-02-10,412.9,
2026-01-07 11:58:04+05:30,NIFTY2621026400CE,26400.0,2026-02-10,412.9,
2026-01-07 11:58:05+05:30,NIFTY2621026400CE,26400.0,2026-02-10,412.9,
2026-01-07 11:58:06+05:30,NIFTY2621026400CE,26400.0,2026-02-10,412.9,
2026-01-07 11:58:07+05:30,NIFTY2621026400CE,26400.0,2026-02-10,412.9,
2026-01-07 11:58:08+05:30,NIFTY2621026400CE,26400.0,2026-02-10,412.9,
2026-01-07 11:58:09+05:30,NIFTY2621026400CE,26400.0,2026-02-10,412.9,
2026-01-07 11:58:10+05:30,NIFTY2621026400CE,26400.0,2026-02-10,412.9,
2026-01-07 11:58:11+05:30,NIFTY2621026400CE,26400.0,2026-02-10,412.9,
2026-01-07 11:58:12+05:30,NIFTY2621026400CE,26400.0,2026-02-10,412.9,
2026-01-07 11:58:13+05:30,NIFTY2621026400CE,26400.0,2026-02-10,412.9,
2026-01-07 11:58:14+05:30,NIFTY2621026400CE,26400.0,2026-02-10,412.9,
2026-01-07 11:58:15+05:30,NIFTY2621026400CE,26400.0,2026-02-10,412.9,
2026-01-07 11:58:16+05:30,NIFTY2621026400CE,26400.0,2026-02-10,412.9,
2026-01-07 11:58:17+05:30,NIFTY2621026400CE,26400.0,2026-02-10,412.9,
2026-01-07 11:58:18+05:30,NIFTY2621026400CE,26400.0,2026-02-10,412.9,
2026-01-07 11:58:19+05:30,NIFTY2621026400CE,26400.0,2026-02-10,412.9,
2026-01-07 11:58:20+05:30,NIFTY2621026400CE,26400.0,2026-02-10,412.9,
2026-01-07 11:58:21+05:30,NIFTY2621026400CE,26400.0,2026-02-10,412.9,
2026-01-07 11:58:22+05:30,NIFTY2621026400CE,26400.0,2026-02-10,412.9,
2026-01-07 11:58:23+05:30,NIFTY2621026400CE,26400.0,2026-02-10,412.9,
2026-01-07 11:58:24+05:30,NIFTY2621026400CE,26400.0,2026-02-10,412.9,
2026-01-07 11:58:25+05:30,NIFTY2621026400CE,26400.0,2026-02-10,412.9,
2026-01-07 11:58:26+05:30,NIFTY2621026400CE,26400.0,2026-02-10,412.9,
2026-01-07 11:58:27+05:30,NIFTY2621026400CE,26400.0,2026-02-10,412.9,
2026-01-07 11:58:28+05:30,NIFTY2621026400CE,26400.0,2026-02-10,412.9,
2026-01-07 11:58:29+05:30,NIFTY2621026400CE,26400.0,2026-02-10,412.9,
2026-01-07 11:58:30+05:30,NIFTY2621026400CE,26400.0,2026-02-10,412.9,
2026-01-07 11:58:31+05:30,NIFTY2621026400CE,26400.0,2026-02-10,412.9,
2026-01-07 11:58:32+05:30,NIFTY2621026400CE,26400.0,2026-02-10,412.9,
2026-01-07 11:58:33+05:30,NIFTY2621026400CE,26400.0,2026-02-10,412.9,
2026-01-07 11:58:34+05:30,NIFTY2621026400CE,26400.0,2026-02-10,412.9,
2026-01-07 11:58:35+05:30,NIFTY2621026400CE,26400.0,2026-02-10,412.9,
2026-01-07 11:58:36+05:30,NIFTY2621026400CE,26400.0,2026-02-10,412.9,
2026-01-07 11:58:37+05:30,NIFTY2621026400CE,26400.0,2026-02-10,412.9,
2026-01-07 11:58:38+05:30,NIFTY2621026400CE,26400.0,2026-02-10,412.9,
2026-01-07 11:58:39+05:30,NIFTY2621026400CE,26400.0,2026-02-10,412.9,
2026-01-07 11:58:40+05:30,NIFTY2621026400CE,26400.0,2026-02-10,412.9,
2026-01-07 11:58:41+05:30,NIFTY2621026400CE,26400.0,2026-02-10,412.9,
2026-01-07 11:58:42+05:30,NIFTY2621026400CE,26400.0,2026-02-10,412.9,
2026-01-07 11:58:43+05:30,NIFTY2621026400CE,26400.0,2026-02-10,412.9,
2026-01-07 11:58:44+05:30,NIFTY2621026400CE,26400.0,2026-02-10,412.9,
2026-01-07 11:58:45+05:30,NIFTY2621026400CE,26400.0,2026-02-10,412.9,
2026-01-07 11:58:46+05:30,NIFTY2621026400CE,26400.0,2026-02-10,412.9,
2026-01-07 11:58:47+05:30,NIFTY2621026400CE,26400.0,2026-02-10,412.9,
2026-01-07 11:58:48+05:30,NIFTY2621026400CE,26400.0,2026-02-10,412.9,
2026-01-07 11:58:49+05:30,NIFTY2621026400CE,26400.0,2026-02-10,412.9,
2026-01-07 11:58:50+05:30,NIFTY2621026400CE,26400.0,2026-02-10,412.9,
2026-01-07 11:58:51+05:30,NIFTY2621026400CE,26400.0,2026-02-10,412.9,
2026-01-07 11:58:52+05:30,NIFTY2621026400CE,26400.0,2026-02-10,412.9,
2026-01-07 11:58:53+05:30,NIFTY2621026400CE,26400.0,2026-02-10,412.9,
2026-01-07 11:58:54+05:30,NIFTY2621026400CE,26400.0,2026-02-10,412.9,
2026-01-07 11:58:55+05:30,NIFTY2621026400CE,26400.0,2026-02-10,412.9,
2026-01-07 11:58:56+05:30,NIFTY2621026400CE,26400.0,2026-02-10,412.9,
2026-01-07 11:58:57+05:30,NIFTY2621026400CE,26400.0,2026-02-10,412.9,
2026-01-07 11:58:58+05:30,NIFTY2621026400CE,26400.0,2026-02-10,412.9,
2026-01-07 11:58:59+05:30,NIFTY2621026400CE,26400.0,2026-02-10,412.9,
2026-01-07 11:59:00+05:30,NIFTY2621026400CE,26400.0,2026-02-10,412.9,
2026-01-07 11:59:01+05:30,NIFTY2621026400CE,26400.0,2026-02-10,412.9,
2026-01-07 11:59:02+05:30,NIFTY2621026400CE,26400.0,2026-02-10,412.9,
2026-01-07 11:59:03+05:30,NIFTY2621026400CE,26400.0,2026-02-10,412.9,
2026-01-07 11:59:04+05:30,NIFTY2621026400CE,26400.0,2026-02-10,412.9,
2026-01-07 11:59:05+05:30,NIFTY2621026400CE,26400.0,2026-02-10,412.9,
2026-01-07 11:59:06+05:30,NIFTY2621026400CE,26400.0,2026-02-10,412.9,
2026-01-07 11:59:07+05:30,NIFTY2621026400CE,26400.0,2026-02-10,412.9,
2026-01-07 11:59:08+05:30,NIFTY2621026400CE,26400.0,2026-02-10,412.9,
2026-01-07 11:59:09+05:30,NIFTY2621026400CE,26400.0,2026-02-10,412.9,
2026-01-07 11:59:10+05:30,NIFTY2621026400CE,26400.0,2026-02-10,412.9,
2026-01-07 11:59:11+05:30,NIFTY2621026400CE,26400.0,2026-02-10,412.9,
2026-01-07 11:59:12+05:30,NIFTY2621026400CE,26400.0,2026-02-10,412.9,
2026-01-07 11:59:13+05:30,NIFTY2621026400CE,26400.0,2026-02-10,412.9,
2026-01-07 11:59:14+05:30,NIFTY2621026400CE,26400.0,2026-02-10,412.9,
2026-01-07 11:59:15+05:30,NIFTY2621026400CE,26400.0,2026-02-10,412.9,
2026-01-07 11:59:16+05:30,NIFTY2621026400CE,26400.0,2026-02-10,412.9,
2026-01-07 11:59:17+05:30,NIFTY2621026400CE,26400.0,2026-02-10,412.9,
2026-01-07 11:59:18+05:30,NIFTY2621026400CE,26400.0,2026-02-10,412.9,
2026-01-07 11:59:19+05:30,NIFTY2621026400CE,26400.0,2026-02-10,412.9,
2026-01-07 11:59:20+05:30,NIFTY2621026400CE,26400.0,2026-02-10,412.9,
2026-01-07 11:59:21+05:30,NIFTY2621026400CE,26400.0,2026-02-10,412.9,
2026-01-07 11:59:22+05:30,NIFTY2621026400CE,26400.0,2026-02-10,412.9,
2026-01-07 11:59:23+05:30,NIFTY2621026400CE,26400.0,2026-02-10,412.9,
2026-01-07 11:59:24+05:30,NIFTY2621026400CE,26400.0,2026-02-10,412.9,
2026-01-07 11:59:25+05:30,NIFTY2621026400CE,26400.0,2026-02-10,412.9,
2026-01-07 11:59:26+05:30,NIFTY2621026400CE,26400.0,2026-02-10,412.9,
2026-01-07 11:59:27+05:30,NIFTY2621026400CE,26400.0,2026-02-10,412.9,
2026-01-07 11:59:28+05:30,NIFTY2621026400CE,26400.0,2026-02-10,412.9,
2026-01-07 11:59:29+05:30,NIFTY2621026400CE,26400.0,2026-02-10,412.9,
2026-01-07 11:59:30+05:30,NIFTY2621026400CE,26400.0,2026-02-10,412.9,
2026-01-07 11:59:31+05:30,NIFTY2621026400CE,26400.0,2026-02-10,412.9,
2026-01-07 11:59:32+05:30,NIFTY2621026400CE,26400.0,2026-02-10,412.9,
2026-01-07 11:59:33+05:30,NIFTY2621026400CE,26400.0,2026-02-10,412.9,
2026-01-07 11:59:34+05:30,NIFTY2621026400CE,26400.0,2026-02-10,412.9,
2026-01-07 11:59:35+05:30,NIFTY2621026400CE,26400.0,2026-02-10,412.9,
2026-01-07 11:59:36+05:30,NIFTY2621026400CE,26400.0,2026-02-10,412.9,
2026-01-07 11:59:37+05:30,NIFTY2621026400CE,26400.0,2026-02-10,412.9,
2026-01-07 11:59:38+05:30,NIFTY2621026400CE,26400.0,2026-02-10,412.9,
2026-01-07 11:59:39+05:30,NIFTY2621026400CE,26400.0,2026-02-10,412.9,
2026-01-07 11:59:40+05:30,NIFTY2621026400CE,26400.0,2026-02-10,412.9,
2026-01-07 11:59:41+05:30,NIFTY2621026400CE,26400.0,2026-02-10,412.9,
2026-01-07 11:59:42+05:30,NIFTY2621026400CE,26400.0,2026-02-10,412.9,
2026-01-07 11:59:43+05:30,NIFTY2621026400CE,26400.0,2026-02-10,412.9,
2026-01-07 11:59:44+05:30,NIFTY2621026400CE,26400.0,2026-02-10,412.9,
2026-01-07 11:59:45+05:30,NIFTY2621026400CE,26400.0,2026-02-10,412.9,
2026-01-07 11:59:46+05:30,NIFTY2621026400CE,26400.0,2026-02-10,412.9,
2026-01-07 11:59:47+05:30,NIFTY2621026400CE,26400.0,2026-02-10,412.9,
2026-01-07 11:59:48+05:30,NIFTY2621026400CE,26400.0,2026-02-10,412.9,
2026-01-07 11:59:49+05:30,NIFTY2621026400CE,26400.0,2026-02-10,412.9,
2026-01-07 11:59:50+05:30,NIFTY2621026400CE,26400.0,2026-02-10,412.9,
2026-01-07 11:59:51+05:30,NIFTY2621026400CE,26400.0,2026-02-10,412.9,
2026-01-07 11:59:52+05:30,NIFTY2621026400CE,26400.0,2026-02-10,412.9,
2026-01-07 11:59:53+05:30,NIFTY2621026400CE,26400.0,2026-02-10,412.9,
2026-01-07 11:59:54+05:30,NIFTY2621026400CE,26400.0,2026-02-10,412.9,
2026-01-07 11:59:55+05:30,NIFTY2621026400CE,26400.0,2026-02-10,412.9,
2026-01-07 11:59:56+05:30,NIFTY2621026400CE,26400.0,2026-02-10,412.9,
2026-01-07 11:59:57+05:30,NIFTY2621026400CE,26400.0,2026-02-10,412.9,
2026-01-07 11:59:58+05:30,NIFTY2621026400CE,26400.0,2026-02-10,412.9,
2026-01-07 11:59:59+05:30,NIFTY2621026400CE,26400.0,2026-02-10,412.9,
2026-01-07 12:00:00+05:30,NIFTY2621026400CE,26400.0,2026-02-10,412.9,
2026-01-07 12:00:01+05:30,NIFTY2621026400CE,26400.0,2026-02-10,412.9,
2026-01-07 12:00:02+05:30,NIFTY2621026400CE,26400.0,2026-02-10,412.9,
2026-01-07 12:00:03+05:30,NIFTY2621026400CE,26400.0,2026-02-10,412.9,
2026-01-07 12:00:04+05:30,NIFTY2621026400CE,26400.0,2026-02-10,412.9,
2026-01-07 12:00:05+05:30,NIFTY2621026400CE,26400.0,2026-02-10,412.9,
2026-01-07 12:00:06+05:30,NIFTY2621026400CE,26400.0,2026-02-10,412.9,
2026-01-07 12:00:07+05:30,NIFTY2621026400CE,26400.0,2026-02-10,412.9,
2026-01-07 12:00:08+05:30,NIFTY2621026400CE,26400.0,2026-02-10,412.9,
2026-01-07 12:00:09+05:30,NIFTY2621026400CE,26400.0,2026-02-10,412.9,
2026-01-07 12:00:10+05:30,NIFTY2621026400CE,26400.0,2026-02-10,412.9,
2026-01-07 12:00:11+05:30,NIFTY2621026400CE,26400.0,2026-02-10,412.9,
2026-01-07 12:00:12+05:30,NIFTY2621026400CE,26400.0,2026-02-10,412.9,
2026-01-07 12:00:13+05:30,NIFTY2621026400CE,26400.0,2026-02-10,412.9,
2026-01-07 12:00:14+05:30,NIFTY2621026400CE,26400.0,2026-02-10,412.9,
2026-01-07 12:00:15+05:30,NIFTY2621026400CE,26400.0,2026-02-10,412.9,
2026-01-07 12:00:16+05:30,NIFTY2621026400CE,26400.0,2026-02-10,412.9,
2026-01-07 12:00:17+05:30,NIFTY2621026400CE,26400.0,2026-02-10,412.9,
2026-01-07 12:00:18+05:30,NIFTY2621026400CE,26400.0,2026-02-10,412.9,
2026-01-07 12:00:19+05:30,NIFTY2621026400CE,26400.0,2026-02-10,412.9,
2026-01-07 12:00:20+05:30,NIFTY2621026400CE,26400.0,2026-02-10,412.9,
2026-01-07 12:00:21+05:30,NIFTY2621026400CE,26400.0,2026-02-10,412.9,
2026-01-07 12:00:22+05:30,NIFTY2621026400CE,26400.0,2026-02-10,412.9,
2026-01-07 12:00:23+05:30,NIFTY2621026400CE,26400.0,2026-02-10,412.9,
2026-01-07 12:00:24+05:30,NIFTY2621026400CE,26400.0,2026-02-10,412.9,
2026-01-07 12:00:25+05:30,NIFTY2621026400CE,26400.0,2026-02-10,412.9,
2026-01-07 12:00:26+05:30,NIFTY2621026400CE,26400.0,2026-02-10,412.9,
2026-01-07 12:00:27+05:30,NIFTY2621026400CE,26400.0,2026-02-10,412.9,
2026-01-07 12:00:28+05:30,NIFTY2621026400CE,26400.0,2026-02-10,412.9,
2026-01-07 12:00:29+05:30,NIFTY2621026400CE,26400.0,2026-02-10,412.9,
2026-01-07 12:00:30+05:30,NIFTY2621026400CE,26400.0,2026-02-10,412.9,
2026-01-07 12:00:31+05:30,NIFTY2621026400CE,26400.0,2026-02-10,412.9,
2026-01-07 12:00:32+05:30,NIFTY2621026400CE,26400.0,2026-02-10,412.9,
2026-01-07 12:00:33+05:30,NIFTY2621026400CE,26400.0,2026-02-10,412.9,
2026-01-07 12:00:34+05:30,NIFTY2621026400CE,26400.0,2026-02-10,412.9,
2026-01-07 12:00:35+05:30,NIFTY2621026400CE,26400.0,2026-02-10,412.9,
2026-01-07 12:00:36+05:30,NIFTY2621026400CE,26400.0,2026-02-10,412.9,
2026-01-07 12:00:37+05:30,NIFTY2621026400CE,26400.0,2026-02-10,412.9,
2026-01-07 12:00:38+05:30,NIFTY2621026400CE,26400.0,2026-02-10,412.9,
2026-01-07 12:00:39+05:30,NIFTY2621026400CE,26400.0,2026-02-10,412.9,
2026-01-07 12:00:40+05:30,NIFTY2621026400CE,26400.0,2026-02-10,412.9,
2026-01-07 12:00:41+05:30,NIFTY2621026400CE,26400.0,2026-02-10,412.9,
2026-01-07 12:00:42+05:30,NIFTY2621026400CE,26400.0,2026-02-10,412.9,
2026-01-07 12:00:43+05:30,NIFTY2621026400CE,26400.0,2026-02-10,412.9,
2026-01-07 12:00:44+05:30,NIFTY2621026400CE,26400.0,2026-02-10,412.9,
2026-01-07 12:00:45+05:30,NIFTY2621026400CE,26400.0,2026-02-10,412.9,
2026-01-07 12:00:46+05:30,NIFTY2621026400CE,26400.0,2026-02-10,412.9,
2026-01-07 12:00:47+05:30,NIFTY2621026400CE,26400.0,2026-02-10,412.9,
2026-01-07 12:00:48+05:30,NIFTY2621026400CE,26400.0,2026-02-10,412.9,
2026-01-07 12:00:49+05:30,NIFTY2621026400CE,26400.0,2026-02-10,412.9,
2026-01-07 12:00:50+05:30,NIFTY2621026400CE,26400.0,2026-02-10,412.9,
2026-01-07 12:00:51+05:30,NIFTY2621026400CE,26400.0,2026-02-10,412.9,
2026-01-07 12:00:52+05:30,NIFTY2621026400CE,26400.0,2026-02-10,412.9,
2026-01-07 12:00:53+05:30,NIFTY2621026400CE,26400.0,2026-02-10,412.9,
2026-01-07 12:00:54+05:30,NIFTY2621026400CE,26400.0,2026-02-10,412.9,
2026-01-07 12:00:55+05:30,NIFTY2621026400CE,26400.0,2026-02-10,412.9,
2026-01-07 12:00:56+05:30,NIFTY2621026400CE,26400.0,2026-02-10,412.9,
2026-01-07 12:00:57+05:30,NIFTY2621026400CE,26400.0,2026-02-10,412.9,
2026-01-07 12:00:58+05:30,NIFTY2621026400CE,26400.0,2026-02-10,412.9,
2026-01-07 12:00:59+05:30,NIFTY2621026400CE,26400.0,2026-02-10,412.9,
2026-01-07 12:01:00+05:30,NIFTY2621026400CE,26400.0,2026-02-10,412.9,
2026-01-07 12:01:01+05:30,NIFTY2621026400CE,26400.0,2026-02-10,412.9,
2026-01-07 12:01:02+05:30,NIFTY2621026400CE,26400.0,2026-02-10,412.9,
2026-01-07 12:01:03+05:30,NIFTY2621026400CE,26400.0,2026-02-10,412.9,
2026-01-07 12:01:04+05:30,NIFTY2621026400CE,26400.0,2026-02-10,412.9,
2026-01-07 12:01:05+05:30,NIFTY2621026400CE,26400.0,2026-02-10,412.9,
2026-01-07 12:01:06+05:30,NIFTY2621026400CE,26400.0,2026-02-10,412.9,
2026-01-07 12:01:07+05:30,NIFTY2621026400CE,26400.0,2026-02-10,412.9,
2026-01-07 12:01:08+05:30,NIFTY2621026400CE,26400.0,2026-02-10,412.9,
2026-01-07 12:01:09+05:30,NIFTY2621026400CE,26400.0,2026-02-10,412.9,
2026-01-07 12:01:10+05:30,NIFTY2621026400CE,26400.0,2026-02-10,412.9,
2026-01-07 12:01:11+05:30,NIFTY2621026400CE,26400.0,2026-02-10,412.9,
2026-01-07 12:01:12+05:30,NIFTY2621026400CE,26400.0,2026-02-10,412.9,
2026-01-07 12:01:13+05:30,NIFTY2621026400CE,26400.0,2026-02-10,412.9,
2026-01-07 12:01:14+05:30,NIFTY2621026400CE,26400.0,2026-02-10,412.9,
2026-01-07 12:01:15+05:30,NIFTY2621026400CE,26400.0,2026-02-10,412.9,
2026-01-07 12:01:16+05:30,NIFTY2621026400CE,26400.0,2026-02-10,412.9,
2026-01-07 12:01:17+05:30,NIFTY2621026400CE,26400.0,2026-02-10,412.9,
2026-01-07 12:01:18+05:30,NIFTY2621026400CE,26400.0,2026-02-10,412.9,
2026-01-07 12:01:19+05:30,NIFTY2621026400CE,26400.0,2026-02-10,412.9,
2026-01-07 12:01:20+05:30,NIFTY2621026400CE,26400.0,2026-02-10,412.9,
2026-01-07 12:01:21+05:30,NIFTY2621026400CE,26400.0,2026-02-10,412.9,
2026-01-07 12:01:22+05:30,NIFTY2621026400CE,26400.0,2026-02-10,412.9,
2026-01-07 12:01:23+05:30,NIFTY2621026400CE,26400.0,2026-02-10,412.9,
2026-01-07 12:01:24+05:30,NIFTY2621026400CE,26400.0,2026-02-10,412.9,
2026-01-07 12:01:25+05:30,NIFTY2621026400CE,26400.0,2026-02-10,412.9,
2026-01-07 12:01:26+05:30,NIFTY2621026400CE,26400.0,2026-02-10,412.9,
2026-01-07 12:01:27+05:30,NIFTY2621026400CE,26400.0,2026-02-10,412.9,
2026-01-07 12:01:28+05:30,NIFTY2621026400CE,26400.0,2026-02-10,412.9,
2026-01-07 12:01:29+05:30,NIFTY2621026400CE,26400.0,2026-02-10,412.9,
2026-01-07 12:01:30+05:30,NIFTY2621026400CE,26400.0,2026-02-10,412.9,
2026-01-07 12:01:31+05:30,NIFTY2621026400CE,26400.0,2026-02-10,412.9,
2026-01-07 12:01:32+05:30,NIFTY2621026400CE,26400.0,2026-02-10,412.9,
2026-01-07 12:01:33+05:30,NIFTY2621026400CE,26400.0,2026-02-10,412.9,
2026-01-07 12:01:34+05:30,NIFTY2621026400CE,26400.0,2026-02-10,412.9,
2026-01-07 12:01:35+05:30,NIFTY2621026400CE,26400.0,2026-02-10,412.9,
2026-01-07 12:01:36+05:30,NIFTY2621026400CE,26400.0,2026-02-10,412.9,
2026-01-07 12:01:37+05:30,NIFTY2621026400CE,26400.0,2026-02-10,412.9,
2026-01-07 12:01:38+05:30,NIFTY2621026400CE,26400.0,2026-02-10,412.9,
2026-01-07 12:01:39+05:30,NIFTY2621026400CE,26400.0,2026-02-10,412.9,
2026-01-07 12:01:40+05:30,NIFTY2621026400CE,26400.0,2026-02-10,412.9,
2026-01-07 12:01:41+05:30,NIFTY2621026400CE,26400.0,2026-02-10,412.9,
2026-01-07 12:01:42+05:30,NIFTY2621026400CE,26400.0,2026-02-10,412.9,
2026-01-07 12:01:43+05:30,NIFTY2621026400CE,26400.0,2026-02-10,412.9,
2026-01-07 12:01:44+05:30,NIFTY2621026400CE,26400.0,2026-02-10,412.9,
2026-01-07 12:01:45+05:30,NIFTY2621026400CE,26400.0,2026-02-10,412.9,
2026-01-07 12:01:46+05:30,NIFTY2621026400CE,26400.0,2026-02-10,412.9,
2026-01-07 12:01:47+05:30,NIFTY2621026400CE,26400.0,2026-02-10,412.9,
2026-01-07 12:01:48+05:30,NIFTY2621026400CE,26400.0,2026-02-10,412.9,
2026-01-07 12:01:49+05:30,NIFTY2621026400CE,26400.0,2026-02-10,412.9,
2026-01-07 12:01:50+05:30,NIFTY2621026400CE,26400.0,2026-02-10,412.9,
2026-01-07 12:01:51+05:30,NIFTY2621026400CE,26400.0,2026-02-10,412.9,
2026-01-07 12:01:52+05:30,NIFTY2621026400CE,26400.0,2026-02-10,412.9,
2026-01-07 12:01:53+05:30,NIFTY2621026400CE,26400.0,2026-02-10,412.9,
2026-01-07 12:01:54+05:30,NIFTY2621026400CE,26400.0,2026-02-10,412.9,
2026-01-07 12:01:55+05:30,NIFTY2621026400CE,26400.0,2026-02-10,412.9,
2026-01-07 12:01:56+05:30,NIFTY2621026400CE,26400.0,2026-02-10,412.9,
2026-01-07 12:01:57+05:30,NIFTY2621026400CE,26400.0,2026-02-10,412.9,
2026-01-07 12:01:58+05:30,NIFTY2621026400CE,26400.0,2026-02-10,412.9,
2026-01-07 12:01:59+05:30,NIFTY2621026400CE,26400.0,2026-02-10,412.9,
2026-01-07 12:02:00+05:30,NIFTY2621026400CE,26400.0,2026-02-10,412.9,
2026-01-07 12:02:01+05:30,NIFTY2621026400CE,26400.0,2026-02-10,412.9,
2026-01-07 12:02:02+05:30,NIFTY2621026400CE,26400.0,2026-02-10,412.9,
2026-01-07 12:02:03+05:30,NIFTY2621026400CE,26400.0,2026-02-10,412.9,
2026-01-07 12:02:04+05:30,NIFTY2621026400CE,26400.0,2026-02-10,412.9,
2026-01-07 12:02:05+05:30,NIFTY2621026400CE,26400.0,2026-02-10,412.9,
2026-01-07 12:02:06+05:30,NIFTY2621026400CE,26400.0,2026-02-10,412.9,
2026-01-07 12:02:07+05:30,NIFTY2621026400CE,26400.0,2026-02-10,412.9,
2026-01-07 12:02:08+05:30,NIFTY2621026400CE,26400.0,2026-02-10,412.9,
2026-01-07 12:02:09+05:30,NIFTY2621026400CE,26400.0,2026-02-10,412.9,
2026-01-07 12:02:10+05:30,NIFTY2621026400CE,26400.0,2026-02-10,412.9,
2026-01-07 12:02:11+05:30,NIFTY2621026400CE,26400.0,2026-02-10,412.9,
2026-01-07 12:02:12+05:30,NIFTY2621026400CE,26400.0,2026-02-10,412.9,
2026-01-07 12:02:13+05:30,NIFTY2621026400CE,26400.0,2026-02-10,412.9,
2026-01-07 12:02:14+05:30,NIFTY2621026400CE,26400.0,2026-02-10,412.9,
2026-01-07 12:02:15+05:30,NIFTY2621026400CE,26400.0,2026-02-10,412.9,
2026-01-07 12:02:16+05:30,NIFTY2621026400CE,26400.0,2026-02-10,412.9,
2026-01-07 12:02:17+05:30,NIFTY2621026400CE,26400.0,2026-02-10,412.9,
2026-01-07 12:02:18+05:30,NIFTY2621026400CE,26400.0,2026-02-10,412.9,
2026-01-07 12:02:19+05:30,NIFTY2621026400CE,26400.0,2026-02-10,412.9,
2026-01-07 12:02:20+05:30,NIFTY2621026400CE,26400.0,2026-02-10,412.9,
2026-01-07 12:02:21+05:30,NIFTY2621026400CE,26400.0,2026-02-10,412.9,
2026-01-07 12:02:22+05:30,NIFTY2621026400CE,26400.0,2026-02-10,412.9,
2026-01-07 12:02:23+05:30,NIFTY2621026400CE,26400.0,2026-02-10,412.9,
2026-01-07 12:02:24+05:30,NIFTY2621026400CE,26400.0,2026-02-10,412.9,
2026-01-07 12:02:25+05:30,NIFTY2621026400CE,26400.0,2026-02-10,412.9,
2026-01-07 12:02:26+05:30,NIFTY2621026400CE,26400.0,2026-02-10,412.9,
2026-01-07 12:02:27+05:30,NIFTY2621026400CE,26400.0,2026-02-10,412.9,
2026-01-07 12:02:28+05:30,NIFTY2621026400CE,26400.0,2026-02-10,412.9,
2026-01-07 12:02:29+05:30,NIFTY2621026400CE,26400.0,2026-02-10,412.9,
2026-01-07 12:02:30+05:30,NIFTY2621026400CE,26400.0,2026-02-10,412.9,
2026-01-07 12:02:31+05:30,NIFTY2621026400CE,26400.0,2026-02-10,412.9,
2026-01-07 12:02:32+05:30,NIFTY2621026400CE,26400.0,2026-02-10,412.9,
2026-01-07 12:02:33+05:30,NIFTY2621026400CE,26400.0,2026-02-10,412.9,
2026-01-07 12:02:34+05:30,NIFTY2621026400CE,26400.0,2026-02-10,412.9,
2026-01-07 12:02:35+05:30,NIFTY2621026400CE,26400.0,2026-02-10,412.9,
2026-01-07 12:02:36+05:30,NIFTY2621026400CE,26400.0,2026-02-10,412.9,
2026-01-07 12:02:37+05:30,NIFTY2621026400CE,26400.0,2026-02-10,412.9,
2026-01-07 12:02:38+05:30,NIFTY2621026400CE,26400.0,2026-02-10,412.9,
2026-01-07 12:02:39+05:30,NIFTY2621026400CE,26400.0,2026-02-10,412.9,
2026-01-07 12:02:40+05:30,NIFTY2621026400CE,26400.0,2026-02-10,412.9,
2026-01-07 12:02:41+05:30,NIFTY2621026400CE,26400.0,2026-02-10,412.9,
2026-01-07 12:02:42+05:30,NIFTY2621026400CE,26400.0,2026-02-10,412.9,
2026-01-07 12:02:43+05:30,NIFTY2621026400CE,26400.0,2026-02-10,412.9,
2026-01-07 12:02:44+05:30,NIFTY2621026400CE,26400.0,2026-02-10,412.9,
2026-01-07 12:02:45+05:30,NIFTY2621026400CE,26400.0,2026-02-10,412.9,
2026-01-07 12:02:46+05:30,NIFTY2621026400CE,26400.0,2026-02-10,412.9,
2026-01-07 12:02:47+05:30,NIFTY2621026400CE,26400.0,2026-02-10,412.9,
2026-01-07 12:02:48+05:30,NIFTY2621026400CE,26400.0,2026-02-10,412.9,
2026-01-07 12:02:49+05:30,NIFTY2621026400CE,26400.0,2026-02-10,412.9,
2026-01-07 12:02:50+05:30,NIFTY2621026400CE,26400.0,2026-02-10,412.9,
2026-01-07 12:02:51+05:30,NIFTY2621026400CE,26400.0,2026-02-10,412.9,
2026-01-07 12:02:52+05:30,NIFTY2621026400CE,26400.0,2026-02-10,412.9,
2026-01-07 12:02:53+05:30,NIFTY2621026400CE,26400.0,2026-02-10,412.9,
2026-01-07 12:02:54+05:30,NIFTY2621026400CE,26400.0,2026-02-10,412.9,
2026-01-07 12:02:55+05:30,NIFTY2621026400CE,26400.0,2026-02-10,412.9,
2026-01-07 12:02:56+05:30,NIFTY2621026400CE,26400.0,2026-02-10,412.9,
2026-01-07 12:02:57+05:30,NIFTY2621026400CE,26400.0,2026-02-10,412.9,
2026-01-07 12:02:58+05:30,NIFTY2621026400CE,26400.0,2026-02-10,412.9,
2026-01-07 12:02:59+05:30,NIFTY2621026400CE,26400.0,2026-02-10,412.9,
2026-01-07 12:03:00+05:30,NIFTY2621026400CE,26400.0,2026-02-10,412.9,
2026-01-07 12:03:01+05:30,NIFTY2621026400CE,26400.0,2026-02-10,412.9,
2026-01-07 12:03:02+05:30,NIFTY2621026400CE,26400.0,2026-02-10,412.9,
2026-01-07 12:03:03+05:30,NIFTY2621026400CE,26400.0,2026-02-10,412.9,
2026-01-07 12:03:04+05:30,NIFTY2621026400CE,26400.0,2026-02-10,412.9,
2026-01-07 12:03:05+05:30,NIFTY2621026400CE,26400.0,2026-02-10,412.9,
2026-01-07 12:03:06+05:30,NIFTY2621026400CE,26400.0,2026-02-10,412.9,
2026-01-07 12:03:07+05:30,NIFTY2621026400CE,26400.0,2026-02-10,412.9,
2026-01-07 12:03:08+05:30,NIFTY2621026400CE,26400.0,2026-02-10,412.9,
2026-01-07 12:03:09+05:30,NIFTY2621026400CE,26400.0,2026-02-10,412.9,
2026-01-07 12:03:10+05:30,NIFTY2621026400CE,26400.0,2026-02-10,412.9,
2026-01-07 12:03:11+05:30,NIFTY2621026400CE,26400.0,2026-02-10,412.9,
2026-01-07 12:03:12+05:30,NIFTY2621026400CE,26400.0,2026-02-10,412.9,
2026-01-07 12:03:13+05:30,NIFTY2621026400CE,26400.0,2026-02-10,412.9,
2026-01-07 12:03:14+05:30,NIFTY2621026400CE,26400.0,2026-02-10,412.9,
2026-01-07 12:03:15+05:30,NIFTY2621026400CE,26400.0,2026-02-10,412.9,
2026-01-07 12:03:16+05:30,NIFTY2621026400CE,26400.0,2026-02-10,412.9,
2026-01-07 12:03:17+05:30,NIFTY2621026400CE,26400.0,2026-02-10,412.9,
2026-01-07 12:03:18+05:30,NIFTY2621026400CE,26400.0,2026-02-10,412.9,
2026-01-07 12:03:19+05:30,NIFTY2621026400CE,26400.0,2026-02-10,412.9,
2026-01-07 12:03:20+05:30,NIFTY2621026400CE,26400.0,2026-02-10,412.9,
2026-01-07 12:03:21+05:30,NIFTY2621026400CE,26400.0,2026-02-10,412.9,
2026-01-07 12:03:22+05:30,NIFTY2621026400CE,26400.0,2026-02-10,412.9,
2026-01-07 12:03:23+05:30,NIFTY2621026400CE,26400.0,2026-02-10,412.9,
2026-01-07 12:03:24+05:30,NIFTY2621026400CE,26400.0,2026-02-10,412.9,
2026-01-07 12:03:25+05:30,NIFTY2621026400CE,26400.0,2026-02-10,412.9,
2026-01-07 12:03:26+05:30,NIFTY2621026400CE,26400.0,2026-02-10,412.9,
2026-01-07 12:03:27+05:30,NIFTY2621026400CE,26400.0,2026-02-10,412.9,
2026-01-07 12:03:28+05:30,NIFTY2621026400CE,26400.0,2026-02-10,412.9,
2026-01-07 12:03:29+05:30,NIFTY2621026400CE,26400.0,2026-02-10,412.9,
2026-01-07 12:03:30+05:30,NIFTY2621026400CE,26400.0,2026-02-10,412.9,
2026-01-07 12:03:31+05:30,NIFTY2621026400CE,26400.0,2026-02-10,412.9,
2026-01-07 12:03:32+05:30,NIFTY2621026400CE,26400.0,2026-02-10,412.9,
2026-01-07 12:03:33+05:30,NIFTY2621026400CE,26400.0,2026-02-10,412.9,
2026-01-07 12:03:34+05:30,NIFTY2621026400CE,26400.0,2026-02-10,412.9,
2026-01-07 12:03:35+05:30,NIFTY2621026400CE,26400.0,2026-02-10,412.9,
2026-01-07 12:03:36+05:30,NIFTY2621026400CE,26400.0,2026-02-10,412.9,
2026-01-07 12:03:37+05:30,NIFTY2621026400CE,26400.0,2026-02-10,412.9,
2026-01-07 12:03:38+05:30,NIFTY2621026400CE,26400.0,2026-02-10,412.9,
2026-01-07 12:03:39+05:30,NIFTY2621026400CE,26400.0,2026-02-10,412.9,
2026-01-07 12:03:40+05:30,NIFTY2621026400CE,26400.0,2026-02-10,412.9,
2026-01-07 12:03:41+05:30,NIFTY2621026400CE,26400.0,2026-02-10,412.9,
2026-01-07 12:03:42+05:30,NIFTY2621026400CE,26400.0,2026-02-10,412.9,
2026-01-07 12:03:43+05:30,NIFTY2621026400CE,26400.0,2026-02-10,412.9,
2026-01-07 12:03:44+05:30,NIFTY2621026400CE,26400.0,2026-02-10,412.9,
2026-01-07 12:03:45+05:30,NIFTY2621026400CE,26400.0,2026-02-10,412.9,
2026-01-07 12:03:46+05:30,NIFTY2621026400CE,26400.0,2026-02-10,412.9,
2026-01-07 12:03:47+05:30,NIFTY2621026400CE,26400.0,2026-02-10,412.9,
2026-01-07 12:03:48+05:30,NIFTY2621026400CE,26400.0,2026-02-10,412.9,
2026-01-07 12:03:49+05:30,NIFTY2621026400CE,26400.0,2026-02-10,412.9,
2026-01-07 12:03:50+05:30,NIFTY2621026400CE,26400.0,2026-02-10,412.9,
2026-01-07 12:03:51+05:30,NIFTY2621026400CE,26400.0,2026-02-10,412.9,
2026-01-07 12:03:52+05:30,NIFTY2621026400CE,26400.0,2026-02-10,412.9,
2026-01-07 12:03:53+05:30,NIFTY2621026400CE,26400.0,2026-02-10,412.9,
2026-01-07 12:03:54+05:30,NIFTY2621026400CE,26400.0,2026-02-10,412.9,
2026-01-07 12:03:55+05:30,NIFTY2621026400CE,26400.0,2026-02-10,412.9,
2026-01-07 12:03:56+05:30,NIFTY2621026400CE,26400.0,2026-02-10,412.9,
2026-01-07 12:03:57+05:30,NIFTY2621026400CE,26400.0,2026-02-10,412.9,
2026-01-07 12:03:58+05:30,NIFTY2621026400CE,26400.0,2026-02-10,412.9,
2026-01-07 12:03:59+05:30,NIFTY2621026400CE,26400.0,2026-02-10,412.9,
2026-01-07 12:04:00+05:30,NIFTY2621026400CE,26400.0,2026-02-10,412.9,
2026-01-07 12:04:01+05:30,NIFTY2621026400CE,26400.0,2026-02-10,412.9,
2026-01-07 12:04:02+05:30,NIFTY2621026400CE,26400.0,2026-02-10,412.9,
2026-01-07 12:04:03+05:30,NIFTY2621026400CE,26400.0,2026-02-10,412.9,
2026-01-07 12:04:04+05:30,NIFTY2621026400CE,26400.0,2026-02-10,412.9,
2026-01-07 12:04:05+05:30,NIFTY2621026400CE,26400.0,2026-02-10,412.9,
2026-01-07 12:04:06+05:30,NIFTY2621026400CE,26400.0,2026-02-10,412.9,
2026-01-07 12:04:07+05:30,NIFTY2621026400CE,26400.0,2026-02-10,412.9,
2026-01-07 12:04:08+05:30,NIFTY2621026400CE,26400.0,2026-02-10,412.9,
2026-01-07 12:04:09+05:30,NIFTY2621026400CE,26400.0,2026-02-10,412.9,
2026-01-07 12:04:10+05:30,NIFTY2621026400CE,26400.0,2026-02-10,412.9,
2026-01-07 12:04:11+05:30,NIFTY2621026400CE,26400.0,2026-02-10,412.9,
2026-01-07 12:04:12+05:30,NIFTY2621026400CE,26400.0,2026-02-10,412.9,
2026-01-07 12:04:13+05:30,NIFTY2621026400CE,26400.0,2026-02-10,412.9,
2026-01-07 12:04:14+05:30,NIFTY2621026400CE,26400.0,2026-02-10,412.9,
2026-01-07 12:04:15+05:30,NIFTY2621026400CE,26400.0,2026-02-10,412.9,
2026-01-07 12:04:16+05:30,NIFTY2621026400CE,26400.0,2026-02-10,412.9,
2026-01-07 12:04:17+05:30,NIFTY2621026400CE,26400.0,2026-02-10,412.9,
2026-01-07 12:04:18+05:30,NIFTY2621026400CE,26400.0,2026-02-10,412.9,
2026-01-07 12:04:19+05:30,NIFTY2621026400CE,26400.0,2026-02-10,412.9,
2026-01-07 12:04:20+05:30,NIFTY2621026400CE,26400.0,2026-02-10,412.9,
2026-01-07 12:04:21+05:30,NIFTY2621026400CE,26400.0,2026-02-10,412.9,
2026-01-07 12:04:22+05:30,NIFTY2621026400CE,26400.0,2026-02-10,412.9,
2026-01-07 12:04:23+05:30,NIFTY2621026400CE,26400.0,2026-02-10,412.9,
2026-01-07 12:04:24+05:30,NIFTY2621026400CE,26400.0,2026-02-10,412.9,
2026-01-07 12:04:25+05:30,NIFTY2621026400CE,26400.0,2026-02-10,412.9,
2026-01-07 12:04:26+05:30,NIFTY2621026400CE,26400.0,2026-02-10,412.9,
2026-01-07 12:04:27+05:30,NIFTY2621026400CE,26400.0,2026-02-10,412.9,
2026-01-07 12:04:28+05:30,NIFTY2621026400CE,26400.0,2026-02-10,412.9,
2026-01-07 12:04:29+05:30,NIFTY2621026400CE,26400.0,2026-02-10,412.9,
2026-01-07 12:04:30+05:30,NIFTY2621026400CE,26400.0,2026-02-10,412.9,
2026-01-07 12:04:31+05:30,NIFTY2621026400CE,26400.0,2026-02-10,412.9,
2026-01-07 12:04:32+05:30,NIFTY2621026400CE,26400.0,2026-02-10,412.9,
2026-01-07 12:04:33+05:30,NIFTY2621026400CE,26400.0,2026-02-10,412.9,
2026-01-07 12:04:34+05:30,NIFTY2621026400CE,26400.0,2026-02-10,412.9,
2026-01-07 12:04:35+05:30,NIFTY2621026400CE,26400.0,2026-02-10,412.9,
2026-01-07 12:04:36+05:30,NIFTY2621026400CE,26400.0,2026-02-10,412.9,
2026-01-07 12:04:37+05:30,NIFTY2621026400CE,26400.0,2026-02-10,412.9,
2026-01-07 12:04:38+05:30,NIFTY2621026400CE,26400.0,2026-02-10,412.9,
2026-01-07 12:04:39+05:30,NIFTY2621026400CE,26400.0,2026-02-10,412.9,
2026-01-07 12:04:40+05:30,NIFTY2621026400CE,26400.0,2026-02-10,412.9,
2026-01-07 12:04:41+05:30,NIFTY2621026400CE,26400.0,2026-02-10,412.9,
2026-01-07 12:04:42+05:30,NIFTY2621026400CE,26400.0,2026-02-10,412.9,
2026-01-07 12:04:43+05:30,NIFTY2621026400CE,26400.0,2026-02-10,412.9,
2026-01-07 12:04:44+05:30,NIFTY2621026400CE,26400.0,2026-02-10,412.9,
2026-01-07 12:04:45+05:30,NIFTY2621026400CE,26400.0,2026-02-10,412.9,
2026-01-07 12:04:46+05:30,NIFTY2621026400CE,26400.0,2026-02-10,412.9,
2026-01-07 12:04:47+05:30,NIFTY2621026400CE,26400.0,2026-02-10,412.9,
2026-01-07 12:04:48+05:30,NIFTY2621026400CE,26400.0,2026-02-10,412.9,
2026-01-07 12:04:49+05:30,NIFTY2621026400CE,26400.0,2026-02-10,412.9,
2026-01-07 12:04:50+05:30,NIFTY2621026400CE,26400.0,2026-02-10,412.9,
2026-01-07 12:04:51+05:30,NIFTY2621026400CE,26400.0,2026-02-10,412.9,
2026-01-07 12:04:52+05:30,NIFTY2621026400CE,26400.0,2026-02-10,412.9,
2026-01-07 12:04:53+05:30,NIFTY2621026400CE,26400.0,2026-02-10,412.9,
2026-01-07 12:04:54+05:30,NIFTY2621026400CE,26400.0,2026-02-10,412.9,
2026-01-07 12:04:55+05:30,NIFTY2621026400CE,26400.0,2026-02-10,412.9,
2026-01-07 12:04:56+05:30,NIFTY2621026400CE,26400.0,2026-02-10,412.9,
2026-01-07 12:04:57+05:30,NIFTY2621026400CE,26400.0,2026-02-10,412.9,
2026-01-07 12:04:58+05:30,NIFTY2621026400CE,26400.0,2026-02-10,412.9,
2026-01-07 12:04:59+05:30,NIFTY2621026400CE,26400.0,2026-02-10,412.9,
2026-01-07 12:05:00+05:30,NIFTY2621026400CE,26400.0,2026-02-10,412.9,
2026-01-07 12:05:01+05:30,NIFTY2621026400CE,26400.0,2026-02-10,412.9,
2026-01-07 12:05:02+05:30,NIFTY2621026400CE,26400.0,2026-02-10,412.9,
2026-01-07 12:05:03+05:30,NIFTY2621026400CE,26400.0,2026-02-10,412.9,
2026-01-07 12:05:04+05:30,NIFTY2621026400CE,26400.0,2026-02-10,412.9,
2026-01-07 12:05:05+05:30,NIFTY2621026400CE,26400.0,2026-02-10,412.9,
2026-01-07 12:05:06+05:30,NIFTY2621026400CE,26400.0,2026-02-10,412.9,
2026-01-07 12:05:07+05:30,NIFTY2621026400CE,26400.0,2026-02-10,412.9,
2026-01-07 12:05:08+05:30,NIFTY2621026400CE,26400.0,2026-02-10,412.9,
2026-01-07 12:05:09+05:30,NIFTY2621026400CE,26400.0,2026-02-10,412.9,
2026-01-07 12:05:10+05:30,NIFTY2621026400CE,26400.0,2026-02-10,412.9,
2026-01-07 12:05:11+05:30,NIFTY2621026400CE,26400.0,2026-02-10,412.9,
2026-01-07 12:05:12+05:30,NIFTY2621026400CE,26400.0,2026-02-10,412.9,
2026-01-07 12:05:13+05:30,NIFTY2621026400CE,26400.0,2026-02-10,412.9,
2026-01-07 12:05:14+05:30,NIFTY2621026400CE,26400.0,2026-02-10,412.9,
2026-01-07 12:05:15+05:30,NIFTY2621026400CE,26400.0,2026-02-10,412.9,
2026-01-07 12:05:16+05:30,NIFTY2621026400CE,26400.0,2026-02-10,412.9,
2026-01-07 12:05:17+05:30,NIFTY2621026400CE,26400.0,2026-02-10,412.9,
2026-01-07 12:05:18+05:30,NIFTY2621026400CE,26400.0,2026-02-10,412.9,
2026-01-07 12:05:19+05:30,NIFTY2621026400CE,26400.0,2026-02-10,412.9,
2026-01-07 12:05:20+05:30,NIFTY2621026400CE,26400.0,2026-02-10,412.9,
2026-01-07 12:05:21+05:30,NIFTY2621026400CE,26400.0,2026-02-10,412.9,
2026-01-07 12:05:22+05:30,NIFTY2621026400CE,26400.0,2026-02-10,412.9,
2026-01-07 12:05:23+05:30,NIFTY2621026400CE,26400.0,2026-02-10,412.9,
2026-01-07 12:05:24+05:30,NIFTY2621026400CE,26400.0,2026-02-10,412.9,
2026-01-07 12:05:25+05:30,NIFTY2621026400CE,26400.0,2026-02-10,412.9,
2026-01-07 12:05:26+05:30,NIFTY2621026400CE,26400.0,2026-02-10,412.9,
2026-01-07 12:05:27+05:30,NIFTY2621026400CE,26400.0,2026-02-10,412.9,
2026-01-07 12:05:28+05:30,NIFTY2621026400CE,26400.0,2026-02-10,412.9,
2026-01-07 12:05:29+05:30,NIFTY2621026400CE,26400.0,2026-02-10,412.9,
2026-01-07 12:05:30+05:30,NIFTY2621026400CE,26400.0,2026-02-10,412.9,
2026-01-07 12:05:31+05:30,NIFTY2621026400CE,26400.0,2026-02-10,412.9,
2026-01-07 12:05:32+05:30,NIFTY2621026400CE,26400.0,2026-02-10,412.9,
2026-01-07 12:05:33+05:30,NIFTY2621026400CE,26400.0,2026-02-10,412.9,
2026-01-07 12:05:34+05:30,NIFTY2621026400CE,26400.0,2026-02-10,412.9,
2026-01-07 12:05:35+05:30,NIFTY2621026400CE,26400.0,2026-02-10,412.9,
2026-01-07 12:05:36+05:30,NIFTY2621026400CE,26400.0,2026-02-10,412.9,
2026-01-07 12:05:37+05:30,NIFTY2621026400CE,26400.0,2026-02-10,412.9,
2026-01-07 12:05:38+05:30,NIFTY2621026400CE,26400.0,2026-02-10,412.9,
2026-01-07 12:05:39+05:30,NIFTY2621026400CE,26400.0,2026-02-10,412.9,
2026-01-07 12:05:40+05:30,NIFTY2621026400CE,26400.0,2026-02-10,412.9,
2026-01-07 12:05:41+05:30,NIFTY2621026400CE,26400.0,2026-02-10,412.9,
2026-01-07 12:05:42+05:30,NIFTY2621026400CE,26400.0,2026-02-10,412.9,
2026-01-07 12:05:43+05:30,NIFTY2621026400CE,26400.0,2026-02-10,412.9,
2026-01-07 12:05:44+05:30,NIFTY2621026400CE,26400.0,2026-02-10,412.9,
2026-01-07 12:05:45+05:30,NIFTY2621026400CE,26400.0,2026-02-10,412.9,
2026-01-07 12:05:46+05:30,NIFTY2621026400CE,26400.0,2026-02-10,412.9,
2026-01-07 12:05:47+05:30,NIFTY2621026400CE,26400.0,2026-02-10,412.9,
2026-01-07 12:05:48+05:30,NIFTY2621026400CE,26400.0,2026-02-10,412.9,
2026-01-07 12:05:49+05:30,NIFTY2621026400CE,26400.0,2026-02-10,412.9,
2026-01-07 12:05:50+05:30,NIFTY2621026400CE,26400.0,2026-02-10,412.9,
2026-01-07 12:05:51+05:30,NIFTY2621026400CE,26400.0,2026-02-10,412.9,
2026-01-07 12:05:52+05:30,NIFTY2621026400CE,26400.0,2026-02-10,412.9,
2026-01-07 12:05:53+05:30,NIFTY2621026400CE,26400.0,2026-02-10,412.9,
2026-01-07 12:05:54+05:30,NIFTY2621026400CE,26400.0,2026-02-10,412.9,
2026-01-07 12:05:55+05:30,NIFTY2621026400CE,26400.0,2026-02-10,412.9,
2026-01-07 12:05:56+05:30,NIFTY2621026400CE,26400.0,2026-02-10,412.9,
2026-01-07 12:05:57+05:30,NIFTY2621026400CE,26400.0,2026-02-10,412.9,
2026-01-07 12:05:58+05:30,NIFTY2621026400CE,26400.0,2026-02-10,412.9,
2026-01-07 12:05:59+05:30,NIFTY2621026400CE,26400.0,2026-02-10,412.9,
2026-01-07 12:06:00+05:30,NIFTY2621026400CE,26400.0,2026-02-10,412.9,
2026-01-07 12:06:01+05:30,NIFTY2621026400CE,26400.0,2026-02-10,412.9,
2026-01-07 12:06:02+05:30,NIFTY2621026400CE,26400.0,2026-02-10,412.9,
2026-01-07 12:06:03+05:30,NIFTY2621026400CE,26400.0,2026-02-10,412.9,
2026-01-07 12:06:04+05:30,NIFTY2621026400CE,26400.0,2026-02-10,412.9,
2026-01-07 12:06:05+05:30,NIFTY2621026400CE,26400.0,2026-02-10,412.9,
2026-01-07 12:06:06+05:30,NIFTY2621026400CE,26400.0,2026-02-10,412.9,
2026-01-07 12:06:07+05:30,NIFTY2621026400CE,26400.0,2026-02-10,412.9,
2026-01-07 12:06:08+05:30,NIFTY2621026400CE,26400.0,2026-02-10,412.9,
2026-01-07 12:06:09+05:30,NIFTY2621026400CE,26400.0,2026-02-10,412.9,
2026-01-07 12:06:10+05:30,NIFTY2621026400CE,26400.0,2026-02-10,412.9,
2026-01-07 12:06:11+05:30,NIFTY2621026400CE,26400.0,2026-02-10,412.9,
2026-01-07 12:06:12+05:30,NIFTY2621026400CE,26400.0,2026-02-10,412.9,
2026-01-07 12:06:13+05:30,NIFTY2621026400CE,26400.0,2026-02-10,412.9,
2026-01-07 12:06:14+05:30,NIFTY2621026400CE,26400.0,2026-02-10,412.9,
2026-01-07 12:06:15+05:30,NIFTY2621026400CE,26400.0,2026-02-10,412.9,
2026-01-07 12:06:16+05:30,NIFTY2621026400CE,26400.0,2026-02-10,412.9,
2026-01-07 12:06:17+05:30,NIFTY2621026400CE,26400.0,2026-02-10,412.9,
2026-01-07 12:06:18+05:30,NIFTY2621026400CE,26400.0,2026-02-10,412.9,
2026-01-07 12:06:19+05:30,NIFTY2621026400CE,26400.0,2026-02-10,412.9,
2026-01-07 12:06:20+05:30,NIFTY2621026400CE,26400.0,2026-02-10,412.9,
2026-01-07 12:06:21+05:30,NIFTY2621026400CE,26400.0,2026-02-10,412.9,
2026-01-07 12:06:22+05:30,NIFTY2621026400CE,26400.0,2026-02-10,412.9,
2026-01-07 12:06:23+05:30,NIFTY2621026400CE,26400.0,2026-02-10,412.9,
2026-01-07 12:06:24+05:30,NIFTY2621026400CE,26400.0,2026-02-10,412.9,
2026-01-07 12:06:25+05:30,NIFTY2621026400CE,26400.0,2026-02-10,412.9,
2026-01-07 12:06:26+05:30,NIFTY2621026400CE,26400.0,2026-02-10,412.9,
2026-01-07 12:06:27+05:30,NIFTY2621026400CE,26400.0,2026-02-10,412.9,
2026-01-07 12:06:28+05:30,NIFTY2621026400CE,26400.0,2026-02-10,412.9,
2026-01-07 12:06:29+05:30,NIFTY2621026400CE,26400.0,2026-02-10,412.9,
2026-01-07 12:06:30+05:30,NIFTY2621026400CE,26400.0,2026-02-10,412.9,
2026-01-07 12:06:31+05:30,NIFTY2621026400CE,26400.0,2026-02-10,412.9,
2026-01-07 12:06:32+05:30,NIFTY2621026400CE,26400.0,2026-02-10,412.9,
2026-01-07 12:06:33+05:30,NIFTY2621026400CE,26400.0,2026-02-10,412.9,
2026-01-07 12:06:34+05:30,NIFTY2621026400CE,26400.0,2026-02-10,412.9,
2026-01-07 12:06:35+05:30,NIFTY2621026400CE,26400.0,2026-02-10,412.9,
2026-01-07 12:06:36+05:30,NIFTY2621026400CE,26400.0,2026-02-10,412.9,
2026-01-07 12:06:37+05:30,NIFTY2621026400CE,26400.0,2026-02-10,412.9,
2026-01-07 12:06:38+05:30,NIFTY2621026400CE,26400.0,2026-02-10,412.9,
2026-01-07 12:06:39+05:30,NIFTY2621026400CE,26400.0,2026-02-10,412.9,
2026-01-07 12:06:40+05:30,NIFTY2621026400CE,26400.0,2026-02-10,412.9,
2026-01-07 12:06:41+05:30,NIFTY2621026400CE,26400.0,2026-02-10,412.9,
2026-01-07 12:06:42+05:30,NIFTY2621026400CE,26400.0,2026-02-10,412.9,
2026-01-07 12:06:43+05:30,NIFTY2621026400CE,26400.0,2026-02-10,412.9,
2026-01-07 12:06:44+05:30,NIFTY2621026400CE,26400.0,2026-02-10,412.9,
2026-01-07 12:06:45+05:30,NIFTY2621026400CE,26400.0,2026-02-10,412.9,
2026-01-07 12:06:46+05:30,NIFTY2621026400CE,26400.0,2026-02-10,412.9,
2026-01-07 12:06:47+05:30,NIFTY2621026400CE,26400.0,2026-02-10,412.9,
2026-01-07 12:06:48+05:30,NIFTY2621026400CE,26400.0,2026-02-10,412.9,
2026-01-07 12:06:49+05:30,NIFTY2621026400CE,26400.0,2026-02-10,412.9,
2026-01-07 12:06:50+05:30,NIFTY2621026400CE,26400.0,2026-02-10,412.9,
2026-01-07 12:06:51+05:30,NIFTY2621026400CE,26400.0,2026-02-10,412.9,
2026-01-07 12:06:52+05:30,NIFTY2621026400CE,26400.0,2026-02-10,412.9,
2026-01-07 12:06:53+05:30,NIFTY2621026400CE,26400.0,2026-02-10,412.9,
2026-01-07 12:06:54+05:30,NIFTY2621026400CE,26400.0,2026-02-10,412.9,
2026-01-07 12:06:55+05:30,NIFTY2621026400CE,26400.0,2026-02-10,412.9,
2026-01-07 12:06:56+05:30,NIFTY2621026400CE,26400.0,2026-02-10,412.9,
2026-01-07 12:06:57+05:30,NIFTY2621026400CE,26400.0,2026-02-10,412.9,
2026-01-07 12:06:58+05:30,NIFTY2621026400CE,26400.0,2026-02-10,412.9,
2026-01-07 12:06:59+05:30,NIFTY2621026400CE,26400.0,2026-02-10,412.9,
2026-01-07 12:07:00+05:30,NIFTY2621026400CE,26400.0,2026-02-10,412.9,
2026-01-07 12:07:01+05:30,NIFTY2621026400CE,26400.0,2026-02-10,412.9,
2026-01-07 12:07:02+05:30,NIFTY2621026400CE,26400.0,2026-02-10,412.9,
2026-01-07 12:07:03+05:30,NIFTY2621026400CE,26400.0,2026-02-10,412.9,
2026-01-07 12:07:04+05:30,NIFTY2621026400CE,26400.0,2026-02-10,412.9,
2026-01-07 12:07:05+05:30,NIFTY2621026400CE,26400.0,2026-02-10,412.9,
2026-01-07 12:07:06+05:30,NIFTY2621026400CE,26400.0,2026-02-10,412.9,
2026-01-07 12:07:07+05:30,NIFTY2621026400CE,26400.0,2026-02-10,412.9,
2026-01-07 12:07:08+05:30,NIFTY2621026400CE,26400.0,2026-02-10,412.9,
2026-01-07 12:07:09+05:30,NIFTY2621026400CE,26400.0,2026-02-10,412.9,
2026-01-07 12:07:10+05:30,NIFTY2621026400CE,26400.0,2026-02-10,412.9,
2026-01-07 12:07:11+05:30,NIFTY2621026400CE,26400.0,2026-02-10,412.9,
2026-01-07 12:07:12+05:30,NIFTY2621026400CE,26400.0,2026-02-10,412.9,
2026-01-07 12:07:13+05:30,NIFTY2621026400CE,26400.0,2026-02-10,412.9,
2026-01-07 12:07:14+05:30,NIFTY2621026400CE,26400.0,2026-02-10,412.9,
2026-01-07 12:07:15+05:30,NIFTY2621026400CE,26400.0,2026-02-10,412.9,
2026-01-07 12:07:16+05:30,NIFTY2621026400CE,26400.0,2026-02-10,412.9,
2026-01-07 12:07:17+05:30,NIFTY2621026400CE,26400.0,2026-02-10,412.9,
2026-01-07 12:07:18+05:30,NIFTY2621026400CE,26400.0,2026-02-10,412.9,
2026-01-07 12:07:19+05:30,NIFTY2621026400CE,26400.0,2026-02-10,412.9,
2026-01-07 12:07:20+05:30,NIFTY2621026400CE,26400.0,2026-02-10,412.9,
2026-01-07 12:07:21+05:30,NIFTY2621026400CE,26400.0,2026-02-10,412.9,
2026-01-07 12:07:22+05:30,NIFTY2621026400CE,26400.0,2026-02-10,412.9,
2026-01-07 12:07:23+05:30,NIFTY2621026400CE,26400.0,2026-02-10,412.9,
2026-01-07 12:07:24+05:30,NIFTY2621026400CE,26400.0,2026-02-10,412.9,
2026-01-07 12:07:25+05:30,NIFTY2621026400CE,26400.0,2026-02-10,412.9,
2026-01-07 12:07:26+05:30,NIFTY2621026400CE,26400.0,2026-02-10,412.9,
2026-01-07 12:07:27+05:30,NIFTY2621026400CE,26400.0,2026-02-10,412.9,
2026-01-07 12:07:28+05:30,NIFTY2621026400CE,26400.0,2026-02-10,412.9,
2026-01-07 12:07:29+05:30,NIFTY2621026400CE,26400.0,2026-02-10,412.9,
2026-01-07 12:07:30+05:30,NIFTY2621026400CE,26400.0,2026-02-10,412.9,
2026-01-07 12:07:31+05:30,NIFTY2621026400CE,26400.0,2026-02-10,412.9,
2026-01-07 12:07:32+05:30,NIFTY2621026400CE,26400.0,2026-02-10,412.9,
2026-01-07 12:07:33+05:30,NIFTY2621026400CE,26400.0,2026-02-10,412.9,
2026-01-07 12:07:34+05:30,NIFTY2621026400CE,26400.0,2026-02-10,412.9,
2026-01-07 12:07:35+05:30,NIFTY2621026400CE,26400.0,2026-02-10,412.9,
2026-01-07 12:07:36+05:30,NIFTY2621026400CE,26400.0,2026-02-10,412.9,
2026-01-07 12:07:37+05:30,NIFTY2621026400CE,26400.0,2026-02-10,412.9,
2026-01-07 12:07:38+05:30,NIFTY2621026400CE,26400.0,2026-02-10,412.9,
2026-01-07 12:07:39+05:30,NIFTY2621026400CE,26400.0,2026-02-10,412.9,
2026-01-07 12:07:40+05:30,NIFTY2621026400CE,26400.0,2026-02-10,412.9,
2026-01-07 12:07:41+05:30,NIFTY2621026400CE,26400.0,2026-02-10,412.9,
2026-01-07 12:07:42+05:30,NIFTY2621026400CE,26400.0,2026-02-10,412.9,
2026-01-07 12:07:43+05:30,NIFTY2621026400CE,26400.0,2026-02-10,412.9,
2026-01-07 12:07:44+05:30,NIFTY2621026400CE,26400.0,2026-02-10,412.9,
2026-01-07 12:07:45+05:30,NIFTY2621026400CE,26400.0,2026-02-10,412.9,
2026-01-07 12:07:46+05:30,NIFTY2621026400CE,26400.0,2026-02-10,412.9,
2026-01-07 12:07:47+05:30,NIFTY2621026400CE,26400.0,2026-02-10,412.9,
2026-01-07 12:07:48+05:30,NIFTY2621026400CE,26400.0,2026-02-10,412.9,
2026-01-07 12:07:49+05:30,NIFTY2621026400CE,26400.0,2026-02-10,412.9,
2026-01-07 12:07:50+05:30,NIFTY2621026400CE,26400.0,2026-02-10,412.9,
2026-01-07 12:07:51+05:30,NIFTY2621026400CE,26400.0,2026-02-10,412.9,
2026-01-07 12:07:52+05:30,NIFTY2621026400CE,26400.0,2026-02-10,412.9,
2026-01-07 12:07:53+05:30,NIFTY2621026400CE,26400.0,2026-02-10,412.9,
2026-01-07 12:07:54+05:30,NIFTY2621026400CE,26400.0,2026-02-10,412.9,
2026-01-07 12:07:55+05:30,NIFTY2621026400CE,26400.0,2026-02-10,412.9,
2026-01-07 12:07:56+05:30,NIFTY2621026400CE,26400.0,2026-02-10,412.9,
2026-01-07 12:07:57+05:30,NIFTY2621026400CE,26400.0,2026-02-10,412.9,
2026-01-07 12:07:58+05:30,NIFTY2621026400CE,26400.0,2026-02-10,412.9,
2026-01-07 12:07:59+05:30,NIFTY2621026400CE,26400.0,2026-02-10,412.9,
2026-01-07 12:08:00+05:30,NIFTY2621026400CE,26400.0,2026-02-10,412.9,
2026-01-07 12:08:01+05:30,NIFTY2621026400CE,26400.0,2026-02-10,412.9,
2026-01-07 12:08:02+05:30,NIFTY2621026400CE,26400.0,2026-02-10,412.9,
2026-01-07 12:08:03+05:30,NIFTY2621026400CE,26400.0,2026-02-10,412.9,
2026-01-07 12:08:04+05:30,NIFTY2621026400CE,26400.0,2026-02-10,412.9,
2026-01-07 12:08:05+05:30,NIFTY2621026400CE,26400.0,2026-02-10,412.9,
2026-01-07 12:08:06+05:30,NIFTY2621026400CE,26400.0,2026-02-10,412.9,
2026-01-07 12:08:07+05:30,NIFTY2621026400CE,26400.0,2026-02-10,412.9,
2026-01-07 12:08:08+05:30,NIFTY2621026400CE,26400.0,2026-02-10,412.9,
2026-01-07 12:08:09+05:30,NIFTY2621026400CE,26400.0,2026-02-10,412.9,
2026-01-07 12:08:10+05:30,NIFTY2621026400CE,26400.0,2026-02-10,412.9,
2026-01-07 12:08:11+05:30,NIFTY2621026400CE,26400.0,2026-02-10,412.9,
2026-01-07 12:08:12+05:30,NIFTY2621026400CE,26400.0,2026-02-10,412.9,
2026-01-07 12:08:13+05:30,NIFTY2621026400CE,26400.0,2026-02-10,412.9,
2026-01-07 12:08:14+05:30,NIFTY2621026400CE,26400.0,2026-02-10,412.9,
2026-01-07 12:08:15+05:30,NIFTY2621026400CE,26400.0,2026-02-10,412.9,
2026-01-07 12:08:16+05:30,NIFTY2621026400CE,26400.0,2026-02-10,412.9,
2026-01-07 12:08:17+05:30,NIFTY2621026400CE,26400.0,2026-02-10,412.9,
2026-01-07 12:08:18+05:30,NIFTY2621026400CE,26400.0,2026-02-10,412.9,
2026-01-07 12:08:19+05:30,NIFTY2621026400CE,26400.0,2026-02-10,412.9,
2026-01-07 12:08:20+05:30,NIFTY2621026400CE,26400.0,2026-02-10,412.9,
2026-01-07 12:08:21+05:30,NIFTY2621026400CE,26400.0,2026-02-10,412.9,
2026-01-07 12:08:22+05:30,NIFTY2621026400CE,26400.0,2026-02-10,412.9,
2026-01-07 12:08:23+05:30,NIFTY2621026400CE,26400.0,2026-02-10,412.9,
2026-01-07 12:08:24+05:30,NIFTY2621026400CE,26400.0,2026-02-10,412.9,
2026-01-07 12:08:25+05:30,NIFTY2621026400CE,26400.0,2026-02-10,412.9,
2026-01-07 12:08:26+05:30,NIFTY2621026400CE,26400.0,2026-02-10,412.9,
2026-01-07 12:08:27+05:30,NIFTY2621026400CE,26400.0,2026-02-10,412.9,
2026-01-07 12:08:28+05:30,NIFTY2621026400CE,26400.0,2026-02-10,412.9,
2026-01-07 12:08:29+05:30,NIFTY2621026400CE,26400.0,2026-02-10,412.9,
2026-01-07 12:08:30+05:30,NIFTY2621026400CE,26400.0,2026-02-10,412.9,
2026-01-07 12:08:31+05:30,NIFTY2621026400CE,26400.0,2026-02-10,412.9,
2026-01-07 12:08:32+05:30,NIFTY2621026400CE,26400.0,2026-02-10,412.9,
2026-01-07 12:08:33+05:30,NIFTY2621026400CE,26400.0,2026-02-10,412.9,
2026-01-07 12:08:34+05:30,NIFTY2621026400CE,26400.0,2026-02-10,412.9,
2026-01-07 12:08:35+05:30,NIFTY2621026400CE,26400.0,2026-02-10,412.9,
2026-01-07 12:08:36+05:30,NIFTY2621026400CE,26400.0,2026-02-10,412.9,
2026-01-07 12:08:37+05:30,NIFTY2621026400CE,26400.0,2026-02-10,412.9,
2026-01-07 12:08:38+05:30,NIFTY2621026400CE,26400.0,2026-02-10,412.9,
2026-01-07 12:08:39+05:30,NIFTY2621026400CE,26400.0,2026-02-10,412.9,
2026-01-07 12:08:40+05:30,NIFTY2621026400CE,26400.0,2026-02-10,412.9,
2026-01-07 12:08:41+05:30,NIFTY2621026400CE,26400.0,2026-02-10,412.9,
2026-01-07 12:08:42+05:30,NIFTY2621026400CE,26400.0,2026-02-10,412.9,
2026-01-07 12:08:43+05:30,NIFTY2621026400CE,26400.0,2026-02-10,412.9,
2026-01-07 12:08:44+05:30,NIFTY2621026400CE,26400.0,2026-02-10,412.9,
2026-01-07 12:08:45+05:30,NIFTY2621026400CE,26400.0,2026-02-10,412.9,
2026-01-07 12:08:46+05:30,NIFTY2621026400CE,26400.0,2026-02-10,412.9,
2026-01-07 12:08:47+05:30,NIFTY2621026400CE,26400.0,2026-02-10,412.9,
2026-01-07 12:08:48+05:30,NIFTY2621026400CE,26400.0,2026-02-10,412.9,
2026-01-07 12:08:49+05:30,NIFTY2621026400CE,26400.0,2026-02-10,412.9,
2026-01-07 12:08:50+05:30,NIFTY2621026400CE,26400.0,2026-02-10,412.9,
2026-01-07 12:08:51+05:30,NIFTY2621026400CE,26400.0,2026-02-10,412.9,
2026-01-07 12:08:52+05:30,NIFTY2621026400CE,26400.0,2026-02-10,412.9,
2026-01-07 12:08:53+05:30,NIFTY2621026400CE,26400.0,2026-02-10,412.9,
2026-01-07 12:08:54+05:30,NIFTY2621026400CE,26400.0,2026-02-10,412.9,
2026-01-07 12:08:55+05:30,NIFTY2621026400CE,26400.0,2026-02-10,412.9,
2026-01-07 12:08:56+05:30,NIFTY2621026400CE,26400.0,2026-02-10,412.9,
2026-01-07 12:08:57+05:30,NIFTY2621026400CE,26400.0,2026-02-10,412.9,
2026-01-07 12:08:58+05:30,NIFTY2621026400CE,26400.0,2026-02-10,412.9,
2026-01-07 12:08:59+05:30,NIFTY2621026400CE,26400.0,2026-02-10,412.9,
2026-01-07 12:09:00+05:30,NIFTY2621026400CE,26400.0,2026-02-10,412.9,
2026-01-07 12:09:01+05:30,NIFTY2621026400CE,26400.0,2026-02-10,412.9,
2026-01-07 12:09:02+05:30,NIFTY2621026400CE,26400.0,2026-02-10,412.9,
2026-01-07 12:09:03+05:30,NIFTY2621026400CE,26400.0,2026-02-10,412.9,
2026-01-07 12:09:04+05:30,NIFTY2621026400CE,26400.0,2026-02-10,412.9,
2026-01-07 12:09:05+05:30,NIFTY2621026400CE,26400.0,2026-02-10,412.9,
2026-01-07 12:09:06+05:30,NIFTY2621026400CE,26400.0,2026-02-10,412.9,
2026-01-07 12:09:07+05:30,NIFTY2621026400CE,26400.0,2026-02-10,412.9,
2026-01-07 12:09:08+05:30,NIFTY2621026400CE,26400.0,2026-02-10,412.9,
2026-01-07 12:09:09+05:30,NIFTY2621026400CE,26400.0,2026-02-10,412.9,
2026-01-07 12:09:10+05:30,NIFTY2621026400CE,26400.0,2026-02-10,412.9,
2026-01-07 12:09:11+05:30,NIFTY2621026400CE,26400.0,2026-02-10,412.9,
2026-01-07 12:09:12+05:30,NIFTY2621026400CE,26400.0,2026-02-10,412.9,
2026-01-07 12:09:13+05:30,NIFTY2621026400CE,26400.0,2026-02-10,412.9,
2026-01-07 12:09:14+05:30,NIFTY2621026400CE,26400.0,2026-02-10,412.9,
2026-01-07 12:09:15+05:30,NIFTY2621026400CE,26400.0,2026-02-10,412.9,
2026-01-07 12:09:16+05:30,NIFTY2621026400CE,26400.0,2026-02-10,412.9,
2026-01-07 12:09:17+05:30,NIFTY2621026400CE,26400.0,2026-02-10,412.9,
2026-01-07 12:09:18+05:30,NIFTY2621026400CE,26400.0,2026-02-10,412.9,
2026-01-07 12:09:19+05:30,NIFTY2621026400CE,26400.0,2026-02-10,412.9,
2026-01-07 12:09:20+05:30,NIFTY2621026400CE,26400.0,2026-02-10,412.9,
2026-01-07 12:09:21+05:30,NIFTY2621026400CE,26400.0,2026-02-10,412.9,
2026-01-07 12:09:22+05:30,NIFTY2621026400CE,26400.0,2026-02-10,412.9,
2026-01-07 12:09:23+05:30,NIFTY2621026400CE,26400.0,2026-02-10,412.9,
2026-01-07 12:09:24+05:30,NIFTY2621026400CE,26400.0,2026-02-10,412.9,
2026-01-07 12:09:25+05:30,NIFTY2621026400CE,26400.0,2026-02-10,412.9,
2026-01-07 12:09:26+05:30,NIFTY2621026400CE,26400.0,2026-02-10,412.9,
2026-01-07 12:09:27+05:30,NIFTY2621026400CE,26400.0,2026-02-10,412.9,
2026-01-07 12:09:28+05:30,NIFTY2621026400CE,26400.0,2026-02-10,412.9,
2026-01-07 12:09:29+05:30,NIFTY2621026400CE,26400.0,2026-02-10,412.9,
2026-01-07 12:09:30+05:30,NIFTY2621026400CE,26400.0,2026-02-10,412.9,
2026-01-07 12:09:31+05:30,NIFTY2621026400CE,26400.0,2026-02-10,412.9,
2026-01-07 12:09:32+05:30,NIFTY2621026400CE,26400.0,2026-02-10,412.9,
2026-01-07 12:09:33+05:30,NIFTY2621026400CE,26400.0,2026-02-10,412.9,
2026-01-07 12:09:34+05:30,NIFTY2621026400CE,26400.0,2026-02-10,412.9,
2026-01-07 12:09:35+05:30,NIFTY2621026400CE,26400.0,2026-02-10,412.9,
2026-01-07 12:09:36+05:30,NIFTY2621026400CE,26400.0,2026-02-10,412.9,
2026-01-07 12:09:37+05:30,NIFTY2621026400CE,26400.0,2026-02-10,412.9,
2026-01-07 12:09:38+05:30,NIFTY2621026400CE,26400.0,2026-02-10,412.9,
2026-01-07 12:09:39+05:30,NIFTY2621026400CE,26400.0,2026-02-10,412.9,
2026-01-07 12:09:40+05:30,NIFTY2621026400CE,26400.0,2026-02-10,412.9,
2026-01-07 12:09:41+05:30,NIFTY2621026400CE,26400.0,2026-02-10,412.9,
2026-01-07 12:09:42+05:30,NIFTY2621026400CE,26400.0,2026-02-10,412.9,
2026-01-07 12:09:43+05:30,NIFTY2621026400CE,26400.0,2026-02-10,412.9,
2026-01-07 12:09:44+05:30,NIFTY2621026400CE,26400.0,2026-02-10,412.9,
2026-01-07 12:09:45+05:30,NIFTY2621026400CE,26400.0,2026-02-10,412.9,
2026-01-07 12:09:46+05:30,NIFTY2621026400CE,26400.0,2026-02-10,412.9,
2026-01-07 12:09:47+05:30,NIFTY2621026400CE,26400.0,2026-02-10,412.9,
2026-01-07 12:09:48+05:30,NIFTY2621026400CE,26400.0,2026-02-10,412.9,
2026-01-07 12:09:49+05:30,NIFTY2621026400CE,26400.0,2026-02-10,412.9,
2026-01-07 12:09:50+05:30,NIFTY2621026400CE,26400.0,2026-02-10,412.9,
2026-01-07 12:09:51+05:30,NIFTY2621026400CE,26400.0,2026-02-10,412.9,
2026-01-07 12:09:52+05:30,NIFTY2621026400CE,26400.0,2026-02-10,412.9,
2026-01-07 12:09:53+05:30,NIFTY2621026400CE,26400.0,2026-02-10,412.9,
2026-01-07 12:09:54+05:30,NIFTY2621026400CE,26400.0,2026-02-10,412.9,
2026-01-07 12:09:55+05:30,NIFTY2621026400CE,26400.0,2026-02-10,412.9,
2026-01-07 12:09:56+05:30,NIFTY2621026400CE,26400.0,2026-02-10,412.9,
2026-01-07 12:09:57+05:30,NIFTY2621026400CE,26400.0,2026-02-10,412.9,
2026-01-07 12:09:58+05:30,NIFTY2621026400CE,26400.0,2026-02-10,412.9,
2026-01-07 12:09:59+05:30,NIFTY2621026400CE,26400.0,2026-02-10,412.9,
2026-01-07 12:10:00+05:30,NIFTY2621026400CE,26400.0,2026-02-10,412.9,
2026-01-07 12:10:01+05:30,NIFTY2621026400CE,26400.0,2026-02-10,412.9,
2026-01-07 12:10:02+05:30,NIFTY2621026400CE,26400.0,2026-02-10,412.9,
2026-01-07 12:10:03+05:30,NIFTY2621026400CE,26400.0,2026-02-10,412.9,
2026-01-07 12:10:04+05:30,NIFTY2621026400CE,26400.0,2026-02-10,412.9,
2026-01-07 12:10:05+05:30,NIFTY2621026400CE,26400.0,2026-02-10,412.9,
2026-01-07 12:10:06+05:30,NIFTY2621026400CE,26400.0,2026-02-10,412.9,
2026-01-07 12:10:07+05:30,NIFTY2621026400CE,26400.0,2026-02-10,412.9,
2026-01-07 12:10:08+05:30,NIFTY2621026400CE,26400.0,2026-02-10,412.9,
2026-01-07 12:10:09+05:30,NIFTY2621026400CE,26400.0,2026-02-10,412.9,
2026-01-07 12:10:10+05:30,NIFTY2621026400CE,26400.0,2026-02-10,412.9,
2026-01-07 12:10:11+05:30,NIFTY2621026400CE,26400.0,2026-02-10,412.9,
2026-01-07 12:10:12+05:30,NIFTY2621026400CE,26400.0,2026-02-10,412.9,
2026-01-07 12:10:13+05:30,NIFTY2621026400CE,26400.0,2026-02-10,412.9,
2026-01-07 12:10:14+05:30,NIFTY2621026400CE,26400.0,2026-02-10,412.9,
2026-01-07 12:10:15+05:30,NIFTY2621026400CE,26400.0,2026-02-10,412.9,
2026-01-07 12:10:16+05:30,NIFTY2621026400CE,26400.0,2026-02-10,412.9,
2026-01-07 12:10:17+05:30,NIFTY2621026400CE,26400.0,2026-02-10,412.9,
2026-01-07 12:10:18+05:30,NIFTY2621026400CE,26400.0,2026-02-10,412.9,
2026-01-07 12:10:19+05:30,NIFTY2621026400CE,26400.0,2026-02-10,412.9,
2026-01-07 12:10:20+05:30,NIFTY2621026400CE,26400.0,2026-02-10,412.9,
2026-01-07 12:10:21+05:30,NIFTY2621026400CE,26400.0,2026-02-10,412.9,
2026-01-07 12:10:22+05:30,NIFTY2621026400CE,26400.0,2026-02-10,412.9,
2026-01-07 12:10:23+05:30,NIFTY2621026400CE,26400.0,2026-02-10,412.9,
2026-01-07 12:10:24+05:30,NIFTY2621026400CE,26400.0,2026-02-10,412.9,
2026-01-07 12:10:25+05:30,NIFTY2621026400CE,26400.0,2026-02-10,412.9,
2026-01-07 12:10:26+05:30,NIFTY2621026400CE,26400.0,2026-02-10,412.9,
2026-01-07 12:10:27+05:30,NIFTY2621026400CE,26400.0,2026-02-10,412.9,
2026-01-07 12:10:28+05:30,NIFTY2621026400CE,26400.0,2026-02-10,412.9,
2026-01-07 12:10:29+05:30,NIFTY2621026400CE,26400.0,2026-02-10,412.9,
2026-01-07 12:10:30+05:30,NIFTY2621026400CE,26400.0,2026-02-10,412.9,
2026-01-07 12:10:31+05:30,NIFTY2621026400CE,26400.0,2026-02-10,412.9,
2026-01-07 12:10:32+05:30,NIFTY2621026400CE,26400.0,2026-02-10,412.9,
2026-01-07 12:10:33+05:30,NIFTY2621026400CE,26400.0,2026-02-10,412.9,
2026-01-07 12:10:34+05:30,NIFTY2621026400CE,26400.0,2026-02-10,412.9,
2026-01-07 12:10:35+05:30,NIFTY2621026400CE,26400.0,2026-02-10,412.9,
2026-01-07 12:10:36+05:30,NIFTY2621026400CE,26400.0,2026-02-10,412.9,
2026-01-07 12:10:37+05:30,NIFTY2621026400CE,26400.0,2026-02-10,412.9,
2026-01-07 12:10:38+05:30,NIFTY2621026400CE,26400.0,2026-02-10,412.9,
2026-01-07 12:10:39+05:30,NIFTY2621026400CE,26400.0,2026-02-10,412.9,
2026-01-07 12:10:40+05:30,NIFTY2621026400CE,26400.0,2026-02-10,412.9,
2026-01-07 12:10:41+05:30,NIFTY2621026400CE,26400.0,2026-02-10,412.9,
2026-01-07 12:10:42+05:30,NIFTY2621026400CE,26400.0,2026-02-10,412.9,
2026-01-07 12:10:43+05:30,NIFTY2621026400CE,26400.0,2026-02-10,412.9,
2026-01-07 12:10:44+05:30,NIFTY2621026400CE,26400.0,2026-02-10,412.9,
2026-01-07 12:10:45+05:30,NIFTY2621026400CE,26400.0,2026-02-10,412.9,
2026-01-07 12:10:46+05:30,NIFTY2621026400CE,26400.0,2026-02-10,412.9,
2026-01-07 12:10:47+05:30,NIFTY2621026400CE,26400.0,2026-02-10,412.9,
2026-01-07 12:10:48+05:30,NIFTY2621026400CE,26400.0,2026-02-10,412.9,
2026-01-07 12:10:49+05:30,NIFTY2621026400CE,26400.0,2026-02-10,412.9,
2026-01-07 12:10:50+05:30,NIFTY2621026400CE,26400.0,2026-02-10,412.9,
2026-01-07 12:10:51+05:30,NIFTY2621026400CE,26400.0,2026-02-10,412.9,
2026-01-07 12:10:52+05:30,NIFTY2621026400CE,26400.0,2026-02-10,412.9,
2026-01-07 12:10:53+05:30,NIFTY2621026400CE,26400.0,2026-02-10,412.9,
2026-01-07 12:10:54+05:30,NIFTY2621026400CE,26400.0,2026-02-10,412.9,
2026-01-07 12:10:55+05:30,NIFTY2621026400CE,26400.0,2026-02-10,412.9,
2026-01-07 12:10:56+05:30,NIFTY2621026400CE,26400.0,2026-02-10,412.9,
2026-01-07 12:10:57+05:30,NIFTY2621026400CE,26400.0,2026-02-10,412.9,
2026-01-07 12:10:58+05:30,NIFTY2621026400CE,26400.0,2026-02-10,412.9,
2026-01-07 12:10:59+05:30,NIFTY2621026400CE,26400.0,2026-02-10,412.9,
2026-01-07 12:11:00+05:30,NIFTY2621026400CE,26400.0,2026-02-10,412.9,
2026-01-07 12:11:01+05:30,NIFTY2621026400CE,26400.0,2026-02-10,412.9,
2026-01-07 12:11:02+05:30,NIFTY2621026400CE,26400.0,2026-02-10,412.9,
2026-01-07 12:11:03+05:30,NIFTY2621026400CE,26400.0,2026-02-10,412.9,
2026-01-07 12:11:04+05:30,NIFTY2621026400CE,26400.0,2026-02-10,412.9,
2026-01-07 12:11:05+05:30,NIFTY2621026400CE,26400.0,2026-02-10,412.9,
2026-01-07 12:11:06+05:30,NIFTY2621026400CE,26400.0,2026-02-10,412.9,
2026-01-07 12:11:07+05:30,NIFTY2621026400CE,26400.0,2026-02-10,412.9,
2026-01-07 12:11:08+05:30,NIFTY2621026400CE,26400.0,2026-02-10,412.9,
2026-01-07 12:11:09+05:30,NIFTY2621026400CE,26400.0,2026-02-10,412.9,
2026-01-07 12:11:10+05:30,NIFTY2621026400CE,26400.0,2026-02-10,412.9,
2026-01-07 12:11:11+05:30,NIFTY2621026400CE,26400.0,2026-02-10,412.9,
2026-01-07 12:11:12+05:30,NIFTY2621026400CE,26400.0,2026-02-10,412.9,
2026-01-07 12:11:13+05:30,NIFTY2621026400CE,26400.0,2026-02-10,412.9,
2026-01-07 12:11:14+05:30,NIFTY2621026400CE,26400.0,2026-02-10,412.9,
2026-01-07 12:11:15+05:30,NIFTY2621026400CE,26400.0,2026-02-10,412.9,
2026-01-07 12:11:16+05:30,NIFTY2621026400CE,26400.0,2026-02-10,412.9,
2026-01-07 12:11:17+05:30,NIFTY2621026400CE,26400.0,2026-02-10,412.9,
2026-01-07 12:11:18+05:30,NIFTY2621026400CE,26400.0,2026-02-10,412.9,
2026-01-07 12:11:19+05:30,NIFTY2621026400CE,26400.0,2026-02-10,412.9,
2026-01-07 12:11:20+05:30,NIFTY2621026400CE,26400.0,2026-02-10,412.9,
2026-01-07 12:11:21+05:30,NIFTY2621026400CE,26400.0,2026-02-10,412.9,
2026-01-07 12:11:22+05:30,NIFTY2621026400CE,26400.0,2026-02-10,412.9,
2026-01-07 12:11:23+05:30,NIFTY2621026400CE,26400.0,2026-02-10,412.9,
2026-01-07 12:11:24+05:30,NIFTY2621026400CE,26400.0,2026-02-10,412.9,
2026-01-07 12:11:25+05:30,NIFTY2621026400CE,26400.0,2026-02-10,412.9,
2026-01-07 12:11:26+05:30,NIFTY2621026400CE,26400.0,2026-02-10,412.9,
2026-01-07 12:11:27+05:30,NIFTY2621026400CE,26400.0,2026-02-10,412.9,
2026-01-07 12:11:28+05:30,NIFTY2621026400CE,26400.0,2026-02-10,412.9,
2026-01-07 12:11:29+05:30,NIFTY2621026400CE,26400.0,2026-02-10,412.9,
2026-01-07 12:11:30+05:30,NIFTY2621026400CE,26400.0,2026-02-10,412.9,
2026-01-07 12:11:31+05:30,NIFTY2621026400CE,26400.0,2026-02-10,412.9,
2026-01-07 12:11:32+05:30,NIFTY2621026400CE,26400.0,2026-02-10,412.9,
2026-01-07 12:11:33+05:30,NIFTY2621026400CE,26400.0,2026-02-10,412.9,
2026-01-07 12:11:34+05:30,NIFTY2621026400CE,26400.0,2026-02-10,412.9,
2026-01-07 12:11:35+05:30,NIFTY2621026400CE,26400.0,2026-02-10,412.9,
2026-01-07 12:11:36+05:30,NIFTY2621026400CE,26400.0,2026-02-10,412.9,
2026-01-07 12:11:37+05:30,NIFTY2621026400CE,26400.0,2026-02-10,412.9,
2026-01-07 12:11:38+05:30,NIFTY2621026400CE,26400.0,2026-02-10,412.9,
2026-01-07 12:11:39+05:30,NIFTY2621026400CE,26400.0,2026-02-10,412.9,
2026-01-07 12:11:40+05:30,NIFTY2621026400CE,26400.0,2026-02-10,412.9,
2026-01-07 12:11:41+05:30,NIFTY2621026400CE,26400.0,2026-02-10,412.9,
2026-01-07 12:11:42+05:30,NIFTY2621026400CE,26400.0,2026-02-10,412.9,
2026-01-07 12:11:43+05:30,NIFTY2621026400CE,26400.0,2026-02-10,412.9,
2026-01-07 12:11:44+05:30,NIFTY2621026400CE,26400.0,2026-02-10,412.9,
2026-01-07 12:11:45+05:30,NIFTY2621026400CE,26400.0,2026-02-10,412.9,
2026-01-07 12:11:46+05:30,NIFTY2621026400CE,26400.0,2026-02-10,412.9,
2026-01-07 12:11:47+05:30,NIFTY2621026400CE,26400.0,2026-02-10,412.9,
2026-01-07 12:11:48+05:30,NIFTY2621026400CE,26400.0,2026-02-10,412.9,
2026-01-07 12:11:49+05:30,NIFTY2621026400CE,26400.0,2026-02-10,412.9,
2026-01-07 12:11:50+05:30,NIFTY2621026400CE,26400.0,2026-02-10,412.9,
2026-01-07 12:11:51+05:30,NIFTY2621026400CE,26400.0,2026-02-10,412.9,
2026-01-07 12:11:52+05:30,NIFTY2621026400CE,26400.0,2026-02-10,412.9,
2026-01-07 12:11:53+05:30,NIFTY2621026400CE,26400.0,2026-02-10,412.9,
2026-01-07 12:11:54+05:30,NIFTY2621026400CE,26400.0,2026-02-10,412.9,
2026-01-07 12:11:55+05:30,NIFTY2621026400CE,26400.0,2026-02-10,412.9,
2026-01-07 12:11:56+05:30,NIFTY2621026400CE,26400.0,2026-02-10,412.9,
2026-01-07 12:11:57+05:30,NIFTY2621026400CE,26400.0,2026-02-10,412.9,
2026-01-07 12:11:58+05:30,NIFTY2621026400CE,26400.0,2026-02-10,412.9,
2026-01-07 12:11:59+05:30,NIFTY2621026400CE,26400.0,2026-02-10,412.9,
2026-01-07 12:12:00+05:30,NIFTY2621026400CE,26400.0,2026-02-10,412.9,
2026-01-07 12:12:01+05:30,NIFTY2621026400CE,26400.0,2026-02-10,412.9,
2026-01-07 12:12:02+05:30,NIFTY2621026400CE,26400.0,2026-02-10,412.9,
2026-01-07 12:12:03+05:30,NIFTY2621026400CE,26400.0,2026-02-10,412.9,
2026-01-07 12:12:04+05:30,NIFTY2621026400CE,26400.0,2026-02-10,412.9,
2026-01-07 12:12:05+05:30,NIFTY2621026400CE,26400.0,2026-02-10,412.9,
2026-01-07 12:12:06+05:30,NIFTY2621026400CE,26400.0,2026-02-10,412.9,
2026-01-07 12:12:07+05:30,NIFTY2621026400CE,26400.0,2026-02-10,412.9,
2026-01-07 12:12:08+05:30,NIFTY2621026400CE,26400.0,2026-02-10,412.9,
2026-01-07 12:12:09+05:30,NIFTY2621026400CE,26400.0,2026-02-10,412.9,
2026-01-07 12:12:10+05:30,NIFTY2621026400CE,26400.0,2026-02-10,412.9,
2026-01-07 12:12:11+05:30,NIFTY2621026400CE,26400.0,2026-02-10,412.9,
2026-01-07 12:12:12+05:30,NIFTY2621026400CE,26400.0,2026-02-10,412.9,
2026-01-07 12:12:13+05:30,NIFTY2621026400CE,26400.0,2026-02-10,412.9,
2026-01-07 12:12:14+05:30,NIFTY2621026400CE,26400.0,2026-02-10,412.9,
2026-01-07 12:12:15+05:30,NIFTY2621026400CE,26400.0,2026-02-10,412.9,
2026-01-07 12:12:16+05:30,NIFTY2621026400CE,26400.0,2026-02-10,412.9,
2026-01-07 12:12:17+05:30,NIFTY2621026400CE,26400.0,2026-02-10,412.9,
2026-01-07 12:12:18+05:30,NIFTY2621026400CE,26400.0,2026-02-10,412.9,
2026-01-07 12:12:19+05:30,NIFTY2621026400CE,26400.0,2026-02-10,412.9,
2026-01-07 12:12:20+05:30,NIFTY2621026400CE,26400.0,2026-02-10,412.9,
2026-01-07 12:12:21+05:30,NIFTY2621026400CE,26400.0,2026-02-10,412.9,
2026-01-07 12:12:22+05:30,NIFTY2621026400CE,26400.0,2026-02-10,412.9,
2026-01-07 12:12:23+05:30,NIFTY2621026400CE,26400.0,2026-02-10,412.9,
2026-01-07 12:12:24+05:30,NIFTY2621026400CE,26400.0,2026-02-10,412.9,
2026-01-07 12:12:25+05:30,NIFTY2621026400CE,26400.0,2026-02-10,412.9,
2026-01-07 12:12:26+05:30,NIFTY2621026400CE,26400.0,2026-02-10,412.9,
2026-01-07 12:12:27+05:30,NIFTY2621026400CE,26400.0,2026-02-10,412.9,
2026-01-07 12:12:28+05:30,NIFTY2621026400CE,26400.0,2026-02-10,412.9,
2026-01-07 12:12:29+05:30,NIFTY2621026400CE,26400.0,2026-02-10,412.9,
2026-01-07 12:12:30+05:30,NIFTY2621026400CE,26400.0,2026-02-10,412.9,
2026-01-07 12:12:31+05:30,NIFTY2621026400CE,26400.0,2026-02-10,412.9,
2026-01-07 12:12:32+05:30,NIFTY2621026400CE,26400.0,2026-02-10,412.9,
2026-01-07 12:12:33+05:30,NIFTY2621026400CE,26400.0,2026-02-10,412.9,
2026-01-07 12:12:34+05:30,NIFTY2621026400CE,26400.0,2026-02-10,412.9,
2026-01-07 12:12:35+05:30,NIFTY2621026400CE,26400.0,2026-02-10,412.9,
2026-01-07 12:12:36+05:30,NIFTY2621026400CE,26400.0,2026-02-10,412.9,
2026-01-07 12:12:37+05:30,NIFTY2621026400CE,26400.0,2026-02-10,412.9,
2026-01-07 12:12:38+05:30,NIFTY2621026400CE,26400.0,2026-02-10,412.9,
2026-01-07 12:12:39+05:30,NIFTY2621026400CE,26400.0,2026-02-10,412.9,
2026-01-07 12:12:40+05:30,NIFTY2621026400CE,26400.0,2026-02-10,412.9,
2026-01-07 12:12:41+05:30,NIFTY2621026400CE,26400.0,2026-02-10,412.9,
2026-01-07 12:12:42+05:30,NIFTY2621026400CE,26400.0,2026-02-10,412.9,
2026-01-07 12:12:43+05:30,NIFTY2621026400CE,26400.0,2026-02-10,412.9,
2026-01-07 12:12:44+05:30,NIFTY2621026400CE,26400.0,2026-02-10,412.9,
2026-01-07 12:12:45+05:30,NIFTY2621026400CE,26400.0,2026-02-10,412.9,
2026-01-07 12:12:46+05:30,NIFTY2621026400CE,26400.0,2026-02-10,412.9,
2026-01-07 12:12:47+05:30,NIFTY2621026400CE,26400.0,2026-02-10,412.9,
2026-01-07 12:12:48+05:30,NIFTY2621026400CE,26400.0,2026-02-10,412.9,
2026-01-07 12:12:49+05:30,NIFTY2621026400CE,26400.0,2026-02-10,412.9,
2026-01-07 12:12:50+05:30,NIFTY2621026400CE,26400.0,2026-02-10,412.9,
2026-01-07 12:12:51+05:30,NIFTY2621026400CE,26400.0,2026-02-10,412.9,
2026-01-07 12:12:52+05:30,NIFTY2621026400CE,26400.0,2026-02-10,412.9,
2026-01-07 12:12:53+05:30,NIFTY2621026400CE,26400.0,2026-02-10,412.9,
2026-01-07 12:12:54+05:30,NIFTY2621026400CE,26400.0,2026-02-10,412.9,
2026-01-07 12:12:55+05:30,NIFTY2621026400CE,26400.0,2026-02-10,412.9,
2026-01-07 12:12:56+05:30,NIFTY2621026400CE,26400.0,2026-02-10,412.9,
2026-01-07 12:12:57+05:30,NIFTY2621026400CE,26400.0,2026-02-10,412.9,
2026-01-07 12:12:58+05:30,NIFTY2621026400CE,26400.0,2026-02-10,412.9,
2026-01-07 12:12:59+05:30,NIFTY2621026400CE,26400.0,2026-02-10,412.9,
2026-01-07 12:13:00+05:30,NIFTY2621026400CE,26400.0,2026-02-10,412.9,
2026-01-07 12:13:01+05:30,NIFTY2621026400CE,26400.0,2026-02-10,412.9,
2026-01-07 12:13:02+05:30,NIFTY2621026400CE,26400.0,2026-02-10,412.9,
2026-01-07 12:13:03+05:30,NIFTY2621026400CE,26400.0,2026-02-10,412.9,
2026-01-07 12:13:04+05:30,NIFTY2621026400CE,26400.0,2026-02-10,412.9,
2026-01-07 12:13:05+05:30,NIFTY2621026400CE,26400.0,2026-02-10,412.9,
2026-01-07 12:13:06+05:30,NIFTY2621026400CE,26400.0,2026-02-10,412.9,
2026-01-07 12:13:07+05:30,NIFTY2621026400CE,26400.0,2026-02-10,412.9,
2026-01-07 12:13:08+05:30,NIFTY2621026400CE,26400.0,2026-02-10,412.9,
2026-01-07 12:13:09+05:30,NIFTY2621026400CE,26400.0,2026-02-10,412.9,
2026-01-07 12:13:10+05:30,NIFTY2621026400CE,26400.0,2026-02-10,412.9,
2026-01-07 12:13:11+05:30,NIFTY2621026400CE,26400.0,2026-02-10,412.9,
2026-01-07 12:13:12+05:30,NIFTY2621026400CE,26400.0,2026-02-10,412.9,
2026-01-07 12:13:13+05:30,NIFTY2621026400CE,26400.0,2026-02-10,412.9,
2026-01-07 12:13:14+05:30,NIFTY2621026400CE,26400.0,2026-02-10,412.9,
2026-01-07 12:13:15+05:30,NIFTY2621026400CE,26400.0,2026-02-10,412.9,
2026-01-07 12:13:16+05:30,NIFTY2621026400CE,26400.0,2026-02-10,412.9,
2026-01-07 12:13:17+05:30,NIFTY2621026400CE,26400.0,2026-02-10,412.9,
2026-01-07 12:13:18+05:30,NIFTY2621026400CE,26400.0,2026-02-10,412.9,
2026-01-07 12:13:19+05:30,NIFTY2621026400CE,26400.0,2026-02-10,412.9,
2026-01-07 12:13:20+05:30,NIFTY2621026400CE,26400.0,2026-02-10,412.9,
2026-01-07 12:13:21+05:30,NIFTY2621026400CE,26400.0,2026-02-10,412.9,
2026-01-07 12:13:22+05:30,NIFTY2621026400CE,26400.0,2026-02-10,412.9,
2026-01-07 12:13:23+05:30,NIFTY2621026400CE,26400.0,2026-02-10,412.9,
2026-01-07 12:13:24+05:30,NIFTY2621026400CE,26400.0,2026-02-10,412.9,
2026-01-07 12:13:25+05:30,NIFTY2621026400CE,26400.0,2026-02-10,412.9,
2026-01-07 12:13:26+05:30,NIFTY2621026400CE,26400.0,2026-02-10,412.9,
2026-01-07 12:13:27+05:30,NIFTY2621026400CE,26400.0,2026-02-10,412.9,
2026-01-07 12:13:28+05:30,NIFTY2621026400CE,26400.0,2026-02-10,412.9,
2026-01-07 12:13:29+05:30,NIFTY2621026400CE,26400.0,2026-02-10,412.9,
2026-01-07 12:13:30+05:30,NIFTY2621026400CE,26400.0,2026-02-10,412.9,
2026-01-07 12:13:31+05:30,NIFTY2621026400CE,26400.0,2026-02-10,412.9,
2026-01-07 12:13:32+05:30,NIFTY2621026400CE,26400.0,2026-02-10,412.9,
2026-01-07 12:13:33+05:30,NIFTY2621026400CE,26400.0,2026-02-10,412.9,
2026-01-07 12:13:34+05:30,NIFTY2621026400CE,26400.0,2026-02-10,412.9,
2026-01-07 12:13:35+05:30,NIFTY2621026400CE,26400.0,2026-02-10,412.9,
2026-01-07 12:13:36+05:30,NIFTY2621026400CE,26400.0,2026-02-10,412.9,
2026-01-07 12:13:37+05:30,NIFTY2621026400CE,26400.0,2026-02-10,412.9,
2026-01-07 12:13:38+05:30,NIFTY2621026400CE,26400.0,2026-02-10,412.9,
2026-01-07 12:13:39+05:30,NIFTY2621026400CE,26400.0,2026-02-10,412.9,
2026-01-07 12:13:40+05:30,NIFTY2621026400CE,26400.0,2026-02-10,412.9,
2026-01-07 12:13:41+05:30,NIFTY2621026400CE,26400.0,2026-02-10,412.9,
2026-01-07 12:13:42+05:30,NIFTY2621026400CE,26400.0,2026-02-10,412.9,
2026-01-07 12:13:43+05:30,NIFTY2621026400CE,26400.0,2026-02-10,412.9,
2026-01-07 12:13:44+05:30,NIFTY2621026400CE,26400.0,2026-02-10,412.9,
2026-01-07 12:13:45+05:30,NIFTY2621026400CE,26400.0,2026-02-10,412.9,
2026-01-07 12:13:46+05:30,NIFTY2621026400CE,26400.0,2026-02-10,412.9,
2026-01-07 12:13:47+05:30,NIFTY2621026400CE,26400.0,2026-02-10,412.9,
2026-01-07 12:13:48+05:30,NIFTY2621026400CE,26400.0,2026-02-10,412.9,
2026-01-07 12:13:49+05:30,NIFTY2621026400CE,26400.0,2026-02-10,412.9,
2026-01-07 12:13:50+05:30,NIFTY2621026400CE,26400.0,2026-02-10,412.9,
2026-01-07 12:13:51+05:30,NIFTY2621026400CE,26400.0,2026-02-10,412.9,
2026-01-07 12:13:52+05:30,NIFTY2621026400CE,26400.0,2026-02-10,412.9,
2026-01-07 12:13:53+05:30,NIFTY2621026400CE,26400.0,2026-02-10,412.9,
2026-01-07 12:13:54+05:30,NIFTY2621026400CE,26400.0,2026-02-10,412.9,
2026-01-07 12:13:55+05:30,NIFTY2621026400CE,26400.0,2026-02-10,412.9,
2026-01-07 12:13:56+05:30,NIFTY2621026400CE,26400.0,2026-02-10,412.9,
2026-01-07 12:13:57+05:30,NIFTY2621026400CE,26400.0,2026-02-10,412.9,
2026-01-07 12:13:58+05:30,NIFTY2621026400CE,26400.0,2026-02-10,412.9,
2026-01-07 12:13:59+05:30,NIFTY2621026400CE,26400.0,2026-02-10,412.9,
2026-01-07 12:14:00+05:30,NIFTY2621026400CE,26400.0,2026-02-10,412.9,
2026-01-07 12:14:01+05:30,NIFTY2621026400CE,26400.0,2026-02-10,412.9,
2026-01-07 12:14:02+05:30,NIFTY2621026400CE,26400.0,2026-02-10,412.9,
2026-01-07 12:14:03+05:30,NIFTY2621026400CE,26400.0,2026-02-10,412.9,
2026-01-07 12:14:04+05:30,NIFTY2621026400CE,26400.0,2026-02-10,412.9,
2026-01-07 12:14:05+05:30,NIFTY2621026400CE,26400.0,2026-02-10,412.9,
2026-01-07 12:14:06+05:30,NIFTY2621026400CE,26400.0,2026-02-10,412.9,
2026-01-07 12:14:07+05:30,NIFTY2621026400CE,26400.0,2026-02-10,412.9,
2026-01-07 12:14:08+05:30,NIFTY2621026400CE,26400.0,2026-02-10,412.9,
2026-01-07 12:14:09+05:30,NIFTY2621026400CE,26400.0,2026-02-10,412.9,
2026-01-07 12:14:10+05:30,NIFTY2621026400CE,26400.0,2026-02-10,412.9,
2026-01-07 12:14:11+05:30,NIFTY2621026400CE,26400.0,2026-02-10,412.9,
2026-01-07 12:14:12+05:30,NIFTY2621026400CE,26400.0,2026-02-10,412.9,
2026-01-07 12:14:13+05:30,NIFTY2621026400CE,26400.0,2026-02-10,412.9,
2026-01-07 12:14:14+05:30,NIFTY2621026400CE,26400.0,2026-02-10,412.9,
2026-01-07 12:14:15+05:30,NIFTY2621026400CE,26400.0,2026-02-10,412.9,
2026-01-07 12:14:16+05:30,NIFTY2621026400CE,26400.0,2026-02-10,412.9,
2026-01-07 12:14:17+05:30,NIFTY2621026400CE,26400.0,2026-02-10,412.9,
2026-01-07 12:14:18+05:30,NIFTY2621026400CE,26400.0,2026-02-10,412.9,
2026-01-07 12:14:19+05:30,NIFTY2621026400CE,26400.0,2026-02-10,412.9,
2026-01-07 12:14:20+05:30,NIFTY2621026400CE,26400.0,2026-02-10,412.9,
2026-01-07 12:14:21+05:30,NIFTY2621026400CE,26400.0,2026-02-10,412.9,
2026-01-07 12:14:22+05:30,NIFTY2621026400CE,26400.0,2026-02-10,412.9,
2026-01-07 12:14:23+05:30,NIFTY2621026400CE,26400.0,2026-02-10,412.9,
2026-01-07 12:14:24+05:30,NIFTY2621026400CE,26400.0,2026-02-10,412.9,
2026-01-07 12:14:25+05:30,NIFTY2621026400CE,26400.0,2026-02-10,412.9,
2026-01-07 12:14:26+05:30,NIFTY2621026400CE,26400.0,2026-02-10,412.9,
2026-01-07 12:14:27+05:30,NIFTY2621026400CE,26400.0,2026-02-10,412.9,
2026-01-07 12:14:28+05:30,NIFTY2621026400CE,26400.0,2026-02-10,412.9,
2026-01-07 12:14:29+05:30,NIFTY2621026400CE,26400.0,2026-02-10,412.9,
2026-01-07 12:14:30+05:30,NIFTY2621026400CE,26400.0,2026-02-10,412.9,
2026-01-07 12:14:31+05:30,NIFTY2621026400CE,26400.0,2026-02-10,412.9,
2026-01-07 12:14:32+05:30,NIFTY2621026400CE,26400.0,2026-02-10,412.9,
2026-01-07 12:14:33+05:30,NIFTY2621026400CE,26400.0,2026-02-10,412.9,
2026-01-07 12:14:34+05:30,NIFTY2621026400CE,26400.0,2026-02-10,412.9,
2026-01-07 12:14:35+05:30,NIFTY2621026400CE,26400.0,2026-02-10,412.9,
2026-01-07 12:14:36+05:30,NIFTY2621026400CE,26400.0,2026-02-10,412.9,
2026-01-07 12:14:37+05:30,NIFTY2621026400CE,26400.0,2026-02-10,412.9,
2026-01-07 12:14:38+05:30,NIFTY2621026400CE,26400.0,2026-02-10,412.9,
2026-01-07 12:14:39+05:30,NIFTY2621026400CE,26400.0,2026-02-10,412.9,
2026-01-07 12:14:40+05:30,NIFTY2621026400CE,26400.0,2026-02-10,412.9,
2026-01-07 12:14:41+05:30,NIFTY2621026400CE,26400.0,2026-02-10,412.9,
2026-01-07 12:14:42+05:30,NIFTY2621026400CE,26400.0,2026-02-10,412.9,
2026-01-07 12:14:43+05:30,NIFTY2621026400CE,26400.0,2026-02-10,412.9,
2026-01-07 12:14:44+05:30,NIFTY2621026400CE,26400.0,2026-02-10,412.9,
2026-01-07 12:14:45+05:30,NIFTY2621026400CE,26400.0,2026-02-10,412.9,
2026-01-07 12:14:46+05:30,NIFTY2621026400CE,26400.0,2026-02-10,412.9,
2026-01-07 12:14:47+05:30,NIFTY2621026400CE,26400.0,2026-02-10,412.9,
2026-01-07 12:14:48+05:30,NIFTY2621026400CE,26400.0,2026-02-10,412.9,
2026-01-07 12:14:49+05:30,NIFTY2621026400CE,26400.0,2026-02-10,412.9,
2026-01-07 12:14:50+05:30,NIFTY2621026400CE,26400.0,2026-02-10,412.9,
2026-01-07 12:14:51+05:30,NIFTY2621026400CE,26400.0,2026-02-10,412.9,
2026-01-07 12:14:52+05:30,NIFTY2621026400CE,26400.0,2026-02-10,412.9,
2026-01-07 12:14:53+05:30,NIFTY2621026400CE,26400.0,2026-02-10,412.9,
2026-01-07 12:14:54+05:30,NIFTY2621026400CE,26400.0,2026-02-10,412.9,
2026-01-07 12:14:55+05:30,NIFTY2621026400CE,26400.0,2026-02-10,412.9,
2026-01-07 12:14:56+05:30,NIFTY2621026400CE,26400.0,2026-02-10,412.9,
2026-01-07 12:14:57+05:30,NIFTY2621026400CE,26400.0,2026-02-10,412.9,
2026-01-07 12:14:58+05:30,NIFTY2621026400CE,26400.0,2026-02-10,412.9,
2026-01-07 12:14:59+05:30,NIFTY2621026400CE,26400.0,2026-02-10,412.9,
2026-01-07 12:15:00+05:30,NIFTY2621026400CE,26400.0,2026-02-10,412.9,
2026-01-07 12:15:01+05:30,NIFTY2621026400CE,26400.0,2026-02-10,412.9,
2026-01-07 12:15:02+05:30,NIFTY2621026400CE,26400.0,2026-02-10,412.9,
2026-01-07 12:15:03+05:30,NIFTY2621026400CE,26400.0,2026-02-10,412.9,
2026-01-07 12:15:04+05:30,NIFTY2621026400CE,26400.0,2026-02-10,412.9,
2026-01-07 12:15:05+05:30,NIFTY2621026400CE,26400.0,2026-02-10,412.9,
2026-01-07 12:15:06+05:30,NIFTY2621026400CE,26400.0,2026-02-10,412.9,
2026-01-07 12:15:07+05:30,NIFTY2621026400CE,26400.0,2026-02-10,412.9,
2026-01-07 12:15:08+05:30,NIFTY2621026400CE,26400.0,2026-02-10,412.9,
2026-01-07 12:15:09+05:30,NIFTY2621026400CE,26400.0,2026-02-10,412.9,
2026-01-07 12:15:10+05:30,NIFTY2621026400CE,26400.0,2026-02-10,412.9,
2026-01-07 12:15:11+05:30,NIFTY2621026400CE,26400.0,2026-02-10,412.9,
2026-01-07 12:15:12+05:30,NIFTY2621026400CE,26400.0,2026-02-10,412.9,
2026-01-07 12:15:13+05:30,NIFTY2621026400CE,26400.0,2026-02-10,412.9,
2026-01-07 12:15:14+05:30,NIFTY2621026400CE,26400.0,2026-02-10,412.9,
2026-01-07 12:15:15+05:30,NIFTY2621026400CE,26400.0,2026-02-10,412.9,
2026-01-07 12:15:16+05:30,NIFTY2621026400CE,26400.0,2026-02-10,412.9,
2026-01-07 12:15:17+05:30,NIFTY2621026400CE,26400.0,2026-02-10,412.9,
2026-01-07 12:15:18+05:30,NIFTY2621026400CE,26400.0,2026-02-10,412.9,
2026-01-07 12:15:19+05:30,NIFTY2621026400CE,26400.0,2026-02-10,412.9,
2026-01-07 12:15:20+05:30,NIFTY2621026400CE,26400.0,2026-02-10,412.9,
2026-01-07 12:15:21+05:30,NIFTY2621026400CE,26400.0,2026-02-10,412.9,
2026-01-07 12:15:22+05:30,NIFTY2621026400CE,26400.0,2026-02-10,412.9,
2026-01-07 12:15:23+05:30,NIFTY2621026400CE,26400.0,2026-02-10,412.9,
2026-01-07 12:15:24+05:30,NIFTY2621026400CE,26400.0,2026-02-10,412.9,
2026-01-07 12:15:25+05:30,NIFTY2621026400CE,26400.0,2026-02-10,412.9,
2026-01-07 12:15:26+05:30,NIFTY2621026400CE,26400.0,2026-02-10,412.9,
2026-01-07 12:15:27+05:30,NIFTY2621026400CE,26400.0,2026-02-10,412.9,
2026-01-07 12:15:28+05:30,NIFTY2621026400CE,26400.0,2026-02-10,412.9,
2026-01-07 12:15:29+05:30,NIFTY2621026400CE,26400.0,2026-02-10,412.9,
2026-01-07 12:15:30+05:30,NIFTY2621026400CE,26400.0,2026-02-10,412.9,
2026-01-07 12:15:31+05:30,NIFTY2621026400CE,26400.0,2026-02-10,412.9,
2026-01-07 12:15:32+05:30,NIFTY2621026400CE,26400.0,2026-02-10,412.9,
2026-01-07 12:15:33+05:30,NIFTY2621026400CE,26400.0,2026-02-10,412.9,
2026-01-07 12:15:34+05:30,NIFTY2621026400CE,26400.0,2026-02-10,412.9,
2026-01-07 12:15:35+05:30,NIFTY2621026400CE,26400.0,2026-02-10,412.9,
2026-01-07 12:15:36+05:30,NIFTY2621026400CE,26400.0,2026-02-10,412.9,
2026-01-07 12:15:37+05:30,NIFTY2621026400CE,26400.0,2026-02-10,412.9,
2026-01-07 12:15:38+05:30,NIFTY2621026400CE,26400.0,2026-02-10,412.9,
2026-01-07 12:15:39+05:30,NIFTY2621026400CE,26400.0,2026-02-10,412.9,
2026-01-07 12:15:40+05:30,NIFTY2621026400CE,26400.0,2026-02-10,412.9,
2026-01-07 12:15:41+05:30,NIFTY2621026400CE,26400.0,2026-02-10,412.9,
2026-01-07 12:15:42+05:30,NIFTY2621026400CE,26400.0,2026-02-10,412.9,
2026-01-07 12:15:43+05:30,NIFTY2621026400CE,26400.0,2026-02-10,412.9,
2026-01-07 12:15:44+05:30,NIFTY2621026400CE,26400.0,2026-02-10,412.9,
2026-01-07 12:15:45+05:30,NIFTY2621026400CE,26400.0,2026-02-10,412.9,
2026-01-07 12:15:46+05:30,NIFTY2621026400CE,26400.0,2026-02-10,412.9,
2026-01-07 12:15:47+05:30,NIFTY2621026400CE,26400.0,2026-02-10,412.9,
2026-01-07 12:15:48+05:30,NIFTY2621026400CE,26400.0,2026-02-10,412.9,
2026-01-07 12:15:49+05:30,NIFTY2621026400CE,26400.0,2026-02-10,412.9,
2026-01-07 12:15:50+05:30,NIFTY2621026400CE,26400.0,2026-02-10,412.9,
2026-01-07 12:15:51+05:30,NIFTY2621026400CE,26400.0,2026-02-10,412.9,
2026-01-07 12:15:52+05:30,NIFTY2621026400CE,26400.0,2026-02-10,412.9,
2026-01-07 12:15:53+05:30,NIFTY2621026400CE,26400.0,2026-02-10,412.9,
2026-01-07 12:15:54+05:30,NIFTY2621026400CE,26400.0,2026-02-10,412.9,
2026-01-07 12:15:55+05:30,NIFTY2621026400CE,26400.0,2026-02-10,412.9,
2026-01-07 12:15:56+05:30,NIFTY2621026400CE,26400.0,2026-02-10,412.9,
2026-01-07 12:15:57+05:30,NIFTY2621026400CE,26400.0,2026-02-10,412.9,
2026-01-07 12:15:58+05:30,NIFTY2621026400CE,26400.0,2026-02-10,412.9,
2026-01-07 12:15:59+05:30,NIFTY2621026400CE,26400.0,2026-02-10,412.9,
2026-01-07 12:16:00+05:30,NIFTY2621026400CE,26400.0,2026-02-10,412.9,
2026-01-07 12:16:01+05:30,NIFTY2621026400CE,26400.0,2026-02-10,412.9,
2026-01-07 12:16:02+05:30,NIFTY2621026400CE,26400.0,2026-02-10,412.9,
2026-01-07 12:16:03+05:30,NIFTY2621026400CE,26400.0,2026-02-10,412.9,
2026-01-07 12:16:04+05:30,NIFTY2621026400CE,26400.0,2026-02-10,412.9,
2026-01-07 12:16:05+05:30,NIFTY2621026400CE,26400.0,2026-02-10,412.9,
2026-01-07 12:16:06+05:30,NIFTY2621026400CE,26400.0,2026-02-10,412.9,
2026-01-07 12:16:07+05:30,NIFTY2621026400CE,26400.0,2026-02-10,412.9,
2026-01-07 12:16:08+05:30,NIFTY2621026400CE,26400.0,2026-02-10,412.9,
2026-01-07 12:16:09+05:30,NIFTY2621026400CE,26400.0,2026-02-10,412.9,
2026-01-07 12:16:10+05:30,NIFTY2621026400CE,26400.0,2026-02-10,412.9,
2026-01-07 12:16:11+05:30,NIFTY2621026400CE,26400.0,2026-02-10,412.9,
2026-01-07 12:16:12+05:30,NIFTY2621026400CE,26400.0,2026-02-10,412.9,
2026-01-07 12:16:13+05:30,NIFTY2621026400CE,26400.0,2026-02-10,412.9,
2026-01-07 12:16:14+05:30,NIFTY2621026400CE,26400.0,2026-02-10,412.9,
2026-01-07 12:16:15+05:30,NIFTY2621026400CE,26400.0,2026-02-10,412.9,
2026-01-07 12:16:16+05:30,NIFTY2621026400CE,26400.0,2026-02-10,412.9,
2026-01-07 12:16:17+05:30,NIFTY2621026400CE,26400.0,2026-02-10,412.9,
2026-01-07 12:16:18+05:30,NIFTY2621026400CE,26400.0,2026-02-10,412.9,
2026-01-07 12:16:19+05:30,NIFTY2621026400CE,26400.0,2026-02-10,412.9,
2026-01-07 12:16:20+05:30,NIFTY2621026400CE,26400.0,2026-02-10,412.9,
2026-01-07 12:16:21+05:30,NIFTY2621026400CE,26400.0,2026-02-10,412.9,
2026-01-07 12:16:22+05:30,NIFTY2621026400CE,26400.0,2026-02-10,412.9,
2026-01-07 12:16:23+05:30,NIFTY2621026400CE,26400.0,2026-02-10,412.9,
2026-01-07 12:16:24+05:30,NIFTY2621026400CE,26400.0,2026-02-10,412.9,
2026-01-07 12:16:25+05:30,NIFTY2621026400CE,26400.0,2026-02-10,412.9,
2026-01-07 12:16:26+05:30,NIFTY2621026400CE,26400.0,2026-02-10,412.9,
2026-01-07 12:16:27+05:30,NIFTY2621026400CE,26400.0,2026-02-10,412.9,
2026-01-07 12:16:28+05:30,NIFTY2621026400CE,26400.0,2026-02-10,412.9,
2026-01-07 12:16:29+05:30,NIFTY2621026400CE,26400.0,2026-02-10,412.9,
2026-01-07 12:16:30+05:30,NIFTY2621026400CE,26400.0,2026-02-10,412.9,
2026-01-07 12:16:31+05:30,NIFTY2621026400CE,26400.0,2026-02-10,412.9,
2026-01-07 12:16:32+05:30,NIFTY2621026400CE,26400.0,2026-02-10,412.9,
2026-01-07 12:16:33+05:30,NIFTY2621026400CE,26400.0,2026-02-10,412.9,
2026-01-07 12:16:34+05:30,NIFTY2621026400CE,26400.0,2026-02-10,412.9,
2026-01-07 12:16:35+05:30,NIFTY2621026400CE,26400.0,2026-02-10,412.9,
2026-01-07 12:16:36+05:30,NIFTY2621026400CE,26400.0,2026-02-10,412.9,
2026-01-07 12:16:37+05:30,NIFTY2621026400CE,26400.0,2026-02-10,412.9,
2026-01-07 12:16:38+05:30,NIFTY2621026400CE,26400.0,2026-02-10,412.9,
2026-01-07 12:16:39+05:30,NIFTY2621026400CE,26400.0,2026-02-10,412.9,
2026-01-07 12:16:40+05:30,NIFTY2621026400CE,26400.0,2026-02-10,412.9,
2026-01-07 12:16:41+05:30,NIFTY2621026400CE,26400.0,2026-02-10,412.9,
2026-01-07 12:16:42+05:30,NIFTY2621026400CE,26400.0,2026-02-10,412.9,
2026-01-07 12:16:43+05:30,NIFTY2621026400CE,26400.0,2026-02-10,412.9,
2026-01-07 12:16:44+05:30,NIFTY2621026400CE,26400.0,2026-02-10,412.9,
2026-01-07 12:16:45+05:30,NIFTY2621026400CE,26400.0,2026-02-10,412.9,
2026-01-07 12:16:46+05:30,NIFTY2621026400CE,26400.0,2026-02-10,412.9,
2026-01-07 12:16:47+05:30,NIFTY2621026400CE,26400.0,2026-02-10,412.9,
2026-01-07 12:16:48+05:30,NIFTY2621026400CE,26400.0,2026-02-10,412.9,
2026-01-07 12:16:49+05:30,NIFTY2621026400CE,26400.0,2026-02-10,412.9,
2026-01-07 12:16:50+05:30,NIFTY2621026400CE,26400.0,2026-02-10,412.9,
2026-01-07 12:16:51+05:30,NIFTY2621026400CE,26400.0,2026-02-10,412.9,
2026-01-07 12:16:52+05:30,NIFTY2621026400CE,26400.0,2026-02-10,412.9,
2026-01-07 12:16:53+05:30,NIFTY2621026400CE,26400.0,2026-02-10,412.9,
2026-01-07 12:16:54+05:30,NIFTY2621026400CE,26400.0,2026-02-10,412.9,
2026-01-07 12:16:55+05:30,NIFTY2621026400CE,26400.0,2026-02-10,412.9,
2026-01-07 12:16:56+05:30,NIFTY2621026400CE,26400.0,2026-02-10,412.9,
2026-01-07 12:16:57+05:30,NIFTY2621026400CE,26400.0,2026-02-10,412.9,
2026-01-07 12:16:58+05:30,NIFTY2621026400CE,26400.0,2026-02-10,412.9,
2026-01-07 12:16:59+05:30,NIFTY2621026400CE,26400.0,2026-02-10,412.9,
2026-01-07 12:17:00+05:30,NIFTY2621026400CE,26400.0,2026-02-10,412.9,
2026-01-07 12:17:01+05:30,NIFTY2621026400CE,26400.0,2026-02-10,412.9,
2026-01-07 12:17:02+05:30,NIFTY2621026400CE,26400.0,2026-02-10,412.9,
2026-01-07 12:17:03+05:30,NIFTY2621026400CE,26400.0,2026-02-10,412.9,
2026-01-07 12:17:04+05:30,NIFTY2621026400CE,26400.0,2026-02-10,412.9,
2026-01-07 12:17:05+05:30,NIFTY2621026400CE,26400.0,2026-02-10,412.9,
2026-01-07 12:17:06+05:30,NIFTY2621026400CE,26400.0,2026-02-10,412.9,
2026-01-07 12:17:07+05:30,NIFTY2621026400CE,26400.0,2026-02-10,412.9,
2026-01-07 12:17:08+05:30,NIFTY2621026400CE,26400.0,2026-02-10,412.9,
2026-01-07 12:17:09+05:30,NIFTY2621026400CE,26400.0,2026-02-10,412.9,
2026-01-07 12:17:10+05:30,NIFTY2621026400CE,26400.0,2026-02-10,412.9,
2026-01-07 12:17:11+05:30,NIFTY2621026400CE,26400.0,2026-02-10,412.9,
2026-01-07 12:17:12+05:30,NIFTY2621026400CE,26400.0,2026-02-10,412.9,
2026-01-07 12:17:13+05:30,NIFTY2621026400CE,26400.0,2026-02-10,412.9,
2026-01-07 12:17:14+05:30,NIFTY2621026400CE,26400.0,2026-02-10,412.9,
2026-01-07 12:17:15+05:30,NIFTY2621026400CE,26400.0,2026-02-10,412.9,
2026-01-07 12:17:16+05:30,NIFTY2621026400CE,26400.0,2026-02-10,412.9,
2026-01-07 12:17:17+05:30,NIFTY2621026400CE,26400.0,2026-02-10,412.9,
2026-01-07 12:17:18+05:30,NIFTY2621026400CE,26400.0,2026-02-10,412.9,
2026-01-07 12:17:19+05:30,NIFTY2621026400CE,26400.0,2026-02-10,412.9,
2026-01-07 12:17:20+05:30,NIFTY2621026400CE,26400.0,2026-02-10,412.9,
2026-01-07 12:17:21+05:30,NIFTY2621026400CE,26400.0,2026-02-10,412.9,
2026-01-07 12:17:22+05:30,NIFTY2621026400CE,26400.0,2026-02-10,412.9,
2026-01-07 12:17:23+05:30,NIFTY2621026400CE,26400.0,2026-02-10,412.9,
2026-01-07 12:17:24+05:30,NIFTY2621026400CE,26400.0,2026-02-10,412.9,
2026-01-07 12:17:25+05:30,NIFTY2621026400CE,26400.0,2026-02-10,412.9,
2026-01-07 12:17:26+05:30,NIFTY2621026400CE,26400.0,2026-02-10,412.9,
2026-01-07 12:17:27+05:30,NIFTY2621026400CE,26400.0,2026-02-10,412.9,
2026-01-07 12:17:28+05:30,NIFTY2621026400CE,26400.0,2026-02-10,412.9,
2026-01-07 12:17:29+05:30,NIFTY2621026400CE,26400.0,2026-02-10,412.9,
2026-01-07 12:17:30+05:30,NIFTY2621026400CE,26400.0,2026-02-10,412.9,
2026-01-07 12:17:31+05:30,NIFTY2621026400CE,26400.0,2026-02-10,412.9,
2026-01-07 12:17:32+05:30,NIFTY2621026400CE,26400.0,2026-02-10,412.9,
2026-01-07 12:17:33+05:30,NIFTY2621026400CE,26400.0,2026-02-10,412.9,
2026-01-07 12:17:34+05:30,NIFTY2621026400CE,26400.0,2026-02-10,412.9,
2026-01-07 12:17:35+05:30,NIFTY2621026400CE,26400.0,2026-02-10,412.9,
2026-01-07 12:17:36+05:30,NIFTY2621026400CE,26400.0,2026-02-10,412.9,
2026-01-07 12:17:37+05:30,NIFTY2621026400CE,26400.0,2026-02-10,412.9,
2026-01-07 12:17:38+05:30,NIFTY2621026400CE,26400.0,2026-02-10,412.9,
2026-01-07 12:17:39+05:30,NIFTY2621026400CE,26400.0,2026-02-10,412.9,
2026-01-07 12:17:40+05:30,NIFTY2621026400CE,26400.0,2026-02-10,412.9,
2026-01-07 12:17:41+05:30,NIFTY2621026400CE,26400.0,2026-02-10,412.9,
2026-01-07 12:17:42+05:30,NIFTY2621026400CE,26400.0,2026-02-10,412.9,
2026-01-07 12:17:43+05:30,NIFTY2621026400CE,26400.0,2026-02-10,412.9,
2026-01-07 12:17:44+05:30,NIFTY2621026400CE,26400.0,2026-02-10,412.9,
2026-01-07 12:17:45+05:30,NIFTY2621026400CE,26400.0,2026-02-10,412.9,
2026-01-07 12:17:46+05:30,NIFTY2621026400CE,26400.0,2026-02-10,412.9,
2026-01-07 12:17:47+05:30,NIFTY2621026400CE,26400.0,2026-02-10,412.9,
2026-01-07 12:17:48+05:30,NIFTY2621026400CE,26400.0,2026-02-10,412.9,
2026-01-07 12:17:49+05:30,NIFTY2621026400CE,26400.0,2026-02-10,412.9,
2026-01-07 12:17:50+05:30,NIFTY2621026400CE,26400.0,2026-02-10,412.9,
2026-01-07 12:17:51+05:30,NIFTY2621026400CE,26400.0,2026-02-10,412.9,
2026-01-07 12:17:52+05:30,NIFTY2621026400CE,26400.0,2026-02-10,412.9,
2026-01-07 12:17:53+05:30,NIFTY2621026400CE,26400.0,2026-02-10,412.9,
2026-01-07 12:17:54+05:30,NIFTY2621026400CE,26400.0,2026-02-10,412.9,
2026-01-07 12:17:55+05:30,NIFTY2621026400CE,26400.0,2026-02-10,412.9,
2026-01-07 12:17:56+05:30,NIFTY2621026400CE,26400.0,2026-02-10,412.9,
2026-01-07 12:17:57+05:30,NIFTY2621026400CE,26400.0,2026-02-10,412.9,
2026-01-07 12:17:58+05:30,NIFTY2621026400CE,26400.0,2026-02-10,412.9,
2026-01-07 12:17:59+05:30,NIFTY2621026400CE,26400.0,2026-02-10,412.9,
2026-01-07 12:18:00+05:30,NIFTY2621026400CE,26400.0,2026-02-10,412.9,
2026-01-07 12:18:01+05:30,NIFTY2621026400CE,26400.0,2026-02-10,412.9,
2026-01-07 12:18:02+05:30,NIFTY2621026400CE,26400.0,2026-02-10,412.9,
2026-01-07 12:18:03+05:30,NIFTY2621026400CE,26400.0,2026-02-10,412.9,
2026-01-07 12:18:04+05:30,NIFTY2621026400CE,26400.0,2026-02-10,412.9,
2026-01-07 12:18:05+05:30,NIFTY2621026400CE,26400.0,2026-02-10,412.9,
2026-01-07 12:18:06+05:30,NIFTY2621026400CE,26400.0,2026-02-10,412.9,
2026-01-07 12:18:07+05:30,NIFTY2621026400CE,26400.0,2026-02-10,412.9,
2026-01-07 12:18:08+05:30,NIFTY2621026400CE,26400.0,2026-02-10,412.9,
2026-01-07 12:18:09+05:30,NIFTY2621026400CE,26400.0,2026-02-10,412.9,
2026-01-07 12:18:10+05:30,NIFTY2621026400CE,26400.0,2026-02-10,412.9,
2026-01-07 12:18:11+05:30,NIFTY2621026400CE,26400.0,2026-02-10,412.9,
2026-01-07 12:18:12+05:30,NIFTY2621026400CE,26400.0,2026-02-10,412.9,
2026-01-07 12:18:13+05:30,NIFTY2621026400CE,26400.0,2026-02-10,412.9,
2026-01-07 12:18:14+05:30,NIFTY2621026400CE,26400.0,2026-02-10,412.9,
2026-01-07 12:18:15+05:30,NIFTY2621026400CE,26400.0,2026-02-10,412.9,
2026-01-07 12:18:16+05:30,NIFTY2621026400CE,26400.0,2026-02-10,412.9,
2026-01-07 12:18:17+05:30,NIFTY2621026400CE,26400.0,2026-02-10,412.9,
2026-01-07 12:18:18+05:30,NIFTY2621026400CE,26400.0,2026-02-10,412.9,
2026-01-07 12:18:19+05:30,NIFTY2621026400CE,26400.0,2026-02-10,412.9,
2026-01-07 12:18:20+05:30,NIFTY2621026400CE,26400.0,2026-02-10,412.9,
2026-01-07 12:18:21+05:30,NIFTY2621026400CE,26400.0,2026-02-10,412.9,
2026-01-07 12:18:22+05:30,NIFTY2621026400CE,26400.0,2026-02-10,412.9,
2026-01-07 12:18:23+05:30,NIFTY2621026400CE,26400.0,2026-02-10,412.9,
2026-01-07 12:18:24+05:30,NIFTY2621026400CE,26400.0,2026-02-10,412.9,
2026-01-07 12:18:25+05:30,NIFTY2621026400CE,26400.0,2026-02-10,412.9,
2026-01-07 12:18:26+05:30,NIFTY2621026400CE,26400.0,2026-02-10,412.9,
2026-01-07 12:18:27+05:30,NIFTY2621026400CE,26400.0,2026-02-10,412.9,
2026-01-07 12:18:28+05:30,NIFTY2621026400CE,26400.0,2026-02-10,412.9,
2026-01-07 12:18:29+05:30,NIFTY2621026400CE,26400.0,2026-02-10,412.9,
2026-01-07 12:18:30+05:30,NIFTY2621026400CE,26400.0,2026-02-10,412.9,
2026-01-07 12:18:31+05:30,NIFTY2621026400CE,26400.0,2026-02-10,412.9,
2026-01-07 12:18:32+05:30,NIFTY2621026400CE,26400.0,2026-02-10,412.9,
2026-01-07 12:18:33+05:30,NIFTY2621026400CE,26400.0,2026-02-10,412.9,
2026-01-07 12:18:34+05:30,NIFTY2621026400CE,26400.0,2026-02-10,412.9,
2026-01-07 12:18:35+05:30,NIFTY2621026400CE,26400.0,2026-02-10,412.9,
2026-01-07 12:18:36+05:30,NIFTY2621026400CE,26400.0,2026-02-10,412.9,
2026-01-07 12:18:37+05:30,NIFTY2621026400CE,26400.0,2026-02-10,412.9,
2026-01-07 12:18:38+05:30,NIFTY2621026400CE,26400.0,2026-02-10,412.9,
2026-01-07 12:18:39+05:30,NIFTY2621026400CE,26400.0,2026-02-10,412.9,
2026-01-07 12:18:40+05:30,NIFTY2621026400CE,26400.0,2026-02-10,412.9,
2026-01-07 12:18:41+05:30,NIFTY2621026400CE,26400.0,2026-02-10,412.9,
2026-01-07 12:18:42+05:30,NIFTY2621026400CE,26400.0,2026-02-10,412.9,
2026-01-07 12:18:43+05:30,NIFTY2621026400CE,26400.0,2026-02-10,412.9,
2026-01-07 12:18:44+05:30,NIFTY2621026400CE,26400.0,2026-02-10,412.9,
2026-01-07 12:18:45+05:30,NIFTY2621026400CE,26400.0,2026-02-10,412.9,
2026-01-07 12:18:46+05:30,NIFTY2621026400CE,26400.0,2026-02-10,412.9,
2026-01-07 12:18:47+05:30,NIFTY2621026400CE,26400.0,2026-02-10,412.9,
2026-01-07 12:18:48+05:30,NIFTY2621026400CE,26400.0,2026-02-10,412.9,
2026-01-07 12:18:49+05:30,NIFTY2621026400CE,26400.0,2026-02-10,412.9,
2026-01-07 12:18:50+05:30,NIFTY2621026400CE,26400.0,2026-02-10,412.9,
2026-01-07 12:18:51+05:30,NIFTY2621026400CE,26400.0,2026-02-10,412.9,
2026-01-07 12:18:52+05:30,NIFTY2621026400CE,26400.0,2026-02-10,412.9,
2026-01-07 12:18:53+05:30,NIFTY2621026400CE,26400.0,2026-02-10,412.9,
2026-01-07 12:18:54+05:30,NIFTY2621026400CE,26400.0,2026-02-10,412.9,
2026-01-07 12:18:55+05:30,NIFTY2621026400CE,26400.0,2026-02-10,412.9,
2026-01-07 12:18:56+05:30,NIFTY2621026400CE,26400.0,2026-02-10,412.9,
2026-01-07 12:18:57+05:30,NIFTY2621026400CE,26400.0,2026-02-10,412.9,
2026-01-07 12:18:58+05:30,NIFTY2621026400CE,26400.0,2026-02-10,412.9,
2026-01-07 12:18:59+05:30,NIFTY2621026400CE,26400.0,2026-02-10,412.9,
2026-01-07 12:19:00+05:30,NIFTY2621026400CE,26400.0,2026-02-10,412.9,
2026-01-07 12:19:01+05:30,NIFTY2621026400CE,26400.0,2026-02-10,412.9,
2026-01-07 12:19:02+05:30,NIFTY2621026400CE,26400.0,2026-02-10,412.9,
2026-01-07 12:19:03+05:30,NIFTY2621026400CE,26400.0,2026-02-10,412.9,
2026-01-07 12:19:04+05:30,NIFTY2621026400CE,26400.0,2026-02-10,412.9,
2026-01-07 12:19:05+05:30,NIFTY2621026400CE,26400.0,2026-02-10,412.9,
2026-01-07 12:19:06+05:30,NIFTY2621026400CE,26400.0,2026-02-10,412.9,
2026-01-07 12:19:07+05:30,NIFTY2621026400CE,26400.0,2026-02-10,412.9,
2026-01-07 12:19:08+05:30,NIFTY2621026400CE,26400.0,2026-02-10,412.9,
2026-01-07 12:19:09+05:30,NIFTY2621026400CE,26400.0,2026-02-10,412.9,
2026-01-07 12:19:10+05:30,NIFTY2621026400CE,26400.0,2026-02-10,412.9,
2026-01-07 12:19:11+05:30,NIFTY2621026400CE,26400.0,2026-02-10,412.9,
2026-01-07 12:19:12+05:30,NIFTY2621026400CE,26400.0,2026-02-10,412.9,
2026-01-07 12:19:13+05:30,NIFTY2621026400CE,26400.0,2026-02-10,412.9,
2026-01-07 12:19:14+05:30,NIFTY2621026400CE,26400.0,2026-02-10,412.9,
2026-01-07 12:19:15+05:30,NIFTY2621026400CE,26400.0,2026-02-10,412.9,
2026-01-07 12:19:16+05:30,NIFTY2621026400CE,26400.0,2026-02-10,412.9,
2026-01-07 12:19:17+05:30,NIFTY2621026400CE,26400.0,2026-02-10,412.9,
2026-01-07 12:19:18+05:30,NIFTY2621026400CE,26400.0,2026-02-10,412.9,
2026-01-07 12:19:19+05:30,NIFTY2621026400CE,26400.0,2026-02-10,412.9,
2026-01-07 12:19:20+05:30,NIFTY2621026400CE,26400.0,2026-02-10,412.9,
2026-01-07 12:19:21+05:30,NIFTY2621026400CE,26400.0,2026-02-10,412.9,
2026-01-07 12:19:22+05:30,NIFTY2621026400CE,26400.0,2026-02-10,412.9,
2026-01-07 12:19:23+05:30,NIFTY2621026400CE,26400.0,2026-02-10,412.9,
2026-01-07 12:19:24+05:30,NIFTY2621026400CE,26400.0,2026-02-10,412.9,
2026-01-07 12:19:25+05:30,NIFTY2621026400CE,26400.0,2026-02-10,412.9,
2026-01-07 12:19:26+05:30,NIFTY2621026400CE,26400.0,2026-02-10,412.9,
2026-01-07 12:19:27+05:30,NIFTY2621026400CE,26400.0,2026-02-10,412.9,
2026-01-07 12:19:28+05:30,NIFTY2621026400CE,26400.0,2026-02-10,412.9,
2026-01-07 12:19:29+05:30,NIFTY2621026400CE,26400.0,2026-02-10,412.9,
2026-01-07 12:19:30+05:30,NIFTY2621026400CE,26400.0,2026-02-10,412.9,
2026-01-07 12:19:31+05:30,NIFTY2621026400CE,26400.0,2026-02-10,412.9,
2026-01-07 12:19:32+05:30,NIFTY2621026400CE,26400.0,2026-02-10,412.9,
2026-01-07 12:19:33+05:30,NIFTY2621026400CE,26400.0,2026-02-10,412.9,
2026-01-07 12:19:34+05:30,NIFTY2621026400CE,26400.0,2026-02-10,412.9,
2026-01-07 12:19:35+05:30,NIFTY2621026400CE,26400.0,2026-02-10,412.9,
2026-01-07 12:19:36+05:30,NIFTY2621026400CE,26400.0,2026-02-10,412.9,
2026-01-07 12:19:37+05:30,NIFTY2621026400CE,26400.0,2026-02-10,412.9,
2026-01-07 12:19:38+05:30,NIFTY2621026400CE,26400.0,2026-02-10,412.9,
2026-01-07 12:19:39+05:30,NIFTY2621026400CE,26400.0,2026-02-10,412.9,
2026-01-07 12:19:40+05:30,NIFTY2621026400CE,26400.0,2026-02-10,412.9,
2026-01-07 12:19:41+05:30,NIFTY2621026400CE,26400.0,2026-02-10,412.9,
2026-01-07 12:19:42+05:30,NIFTY2621026400CE,26400.0,2026-02-10,412.9,
2026-01-07 12:19:43+05:30,NIFTY2621026400CE,26400.0,2026-02-10,412.9,
2026-01-07 12:19:44+05:30,NIFTY2621026400CE,26400.0,2026-02-10,412.9,
2026-01-07 12:19:45+05:30,NIFTY2621026400CE,26400.0,2026-02-10,412.9,
2026-01-07 12:19:46+05:30,NIFTY2621026400CE,26400.0,2026-02-10,412.9,
2026-01-07 12:19:47+05:30,NIFTY2621026400CE,26400.0,2026-02-10,412.9,
2026-01-07 12:19:48+05:30,NIFTY2621026400CE,26400.0,2026-02-10,412.9,
2026-01-07 12:19:49+05:30,NIFTY2621026400CE,26400.0,2026-02-10,412.9,
2026-01-07 12:19:50+05:30,NIFTY2621026400CE,26400.0,2026-02-10,412.9,
2026-01-07 12:19:51+05:30,NIFTY2621026400CE,26400.0,2026-02-10,412.9,
2026-01-07 12:19:52+05:30,NIFTY2621026400CE,26400.0,2026-02-10,412.9,
2026-01-07 12:19:53+05:30,NIFTY2621026400CE,26400.0,2026-02-10,412.9,
2026-01-07 12:19:54+05:30,NIFTY2621026400CE,26400.0,2026-02-10,412.9,
2026-01-07 12:19:55+05:30,NIFTY2621026400CE,26400.0,2026-02-10,412.9,
2026-01-07 12:19:56+05:30,NIFTY2621026400CE,26400.0,2026-02-10,412.9,
2026-01-07 12:19:57+05:30,NIFTY2621026400CE,26400.0,2026-02-10,412.9,
2026-01-07 12:19:58+05:30,NIFTY2621026400CE,26400.0,2026-02-10,412.9,
2026-01-07 12:19:59+05:30,NIFTY2621026400CE,26400.0,2026-02-10,412.9,
2026-01-07 12:20:00+05:30,NIFTY2621026400CE,26400.0,2026-02-10,412.9,
2026-01-07 12:20:01+05:30,NIFTY2621026400CE,26400.0,2026-02-10,412.9,
2026-01-07 12:20:02+05:30,NIFTY2621026400CE,26400.0,2026-02-10,412.9,
2026-01-07 12:20:03+05:30,NIFTY2621026400CE,26400.0,2026-02-10,412.9,
2026-01-07 12:20:04+05:30,NIFTY2621026400CE,26400.0,2026-02-10,412.9,
2026-01-07 12:20:05+05:30,NIFTY2621026400CE,26400.0,2026-02-10,412.9,
2026-01-07 12:20:06+05:30,NIFTY2621026400CE,26400.0,2026-02-10,412.9,
2026-01-07 12:20:07+05:30,NIFTY2621026400CE,26400.0,2026-02-10,412.9,
2026-01-07 12:20:08+05:30,NIFTY2621026400CE,26400.0,2026-02-10,412.9,
2026-01-07 12:20:09+05:30,NIFTY2621026400CE,26400.0,2026-02-10,412.9,
2026-01-07 12:20:10+05:30,NIFTY2621026400CE,26400.0,2026-02-10,412.9,
2026-01-07 12:20:11+05:30,NIFTY2621026400CE,26400.0,2026-02-10,412.9,
2026-01-07 12:20:12+05:30,NIFTY2621026400CE,26400.0,2026-02-10,412.9,
2026-01-07 12:20:13+05:30,NIFTY2621026400CE,26400.0,2026-02-10,412.9,
2026-01-07 12:20:14+05:30,NIFTY2621026400CE,26400.0,2026-02-10,412.9,
2026-01-07 12:20:15+05:30,NIFTY2621026400CE,26400.0,2026-02-10,412.9,
2026-01-07 12:20:16+05:30,NIFTY2621026400CE,26400.0,2026-02-10,412.9,
2026-01-07 12:20:17+05:30,NIFTY2621026400CE,26400.0,2026-02-10,412.9,
2026-01-07 12:20:18+05:30,NIFTY2621026400CE,26400.0,2026-02-10,412.9,
2026-01-07 12:20:19+05:30,NIFTY2621026400CE,26400.0,2026-02-10,412.9,
2026-01-07 12:20:20+05:30,NIFTY2621026400CE,26400.0,2026-02-10,412.9,
2026-01-07 12:20:21+05:30,NIFTY2621026400CE,26400.0,2026-02-10,412.9,
2026-01-07 12:20:22+05:30,NIFTY2621026400CE,26400.0,2026-02-10,412.9,
2026-01-07 12:20:23+05:30,NIFTY2621026400CE,26400.0,2026-02-10,412.9,
2026-01-07 12:20:24+05:30,NIFTY2621026400CE,26400.0,2026-02-10,412.9,
2026-01-07 12:20:25+05:30,NIFTY2621026400CE,26400.0,2026-02-10,412.9,
2026-01-07 12:20:26+05:30,NIFTY2621026400CE,26400.0,2026-02-10,412.9,
2026-01-07 12:20:27+05:30,NIFTY2621026400CE,26400.0,2026-02-10,412.9,
2026-01-07 12:20:28+05:30,NIFTY2621026400CE,26400.0,2026-02-10,412.9,
2026-01-07 12:20:29+05:30,NIFTY2621026400CE,26400.0,2026-02-10,412.9,
2026-01-07 12:20:30+05:30,NIFTY2621026400CE,26400.0,2026-02-10,412.9,
2026-01-07 12:20:31+05:30,NIFTY2621026400CE,26400.0,2026-02-10,412.9,
2026-01-07 12:20:32+05:30,NIFTY2621026400CE,26400.0,2026-02-10,412.9,
2026-01-07 12:20:33+05:30,NIFTY2621026400CE,26400.0,2026-02-10,412.9,
2026-01-07 12:20:34+05:30,NIFTY2621026400CE,26400.0,2026-02-10,412.9,
2026-01-07 12:20:35+05:30,NIFTY2621026400CE,26400.0,2026-02-10,412.9,
2026-01-07 12:20:36+05:30,NIFTY2621026400CE,26400.0,2026-02-10,412.9,
2026-01-07 12:20:37+05:30,NIFTY2621026400CE,26400.0,2026-02-10,412.9,
2026-01-07 12:20:38+05:30,NIFTY2621026400CE,26400.0,2026-02-10,412.9,
2026-01-07 12:20:39+05:30,NIFTY2621026400CE,26400.0,2026-02-10,412.9,
2026-01-07 12:20:40+05:30,NIFTY2621026400CE,26400.0,2026-02-10,412.9,
2026-01-07 12:20:41+05:30,NIFTY2621026400CE,26400.0,2026-02-10,412.9,
2026-01-07 12:20:42+05:30,NIFTY2621026400CE,26400.0,2026-02-10,412.9,
2026-01-07 12:20:43+05:30,NIFTY2621026400CE,26400.0,2026-02-10,412.9,
2026-01-07 12:20:44+05:30,NIFTY2621026400CE,26400.0,2026-02-10,412.9,
2026-01-07 12:20:45+05:30,NIFTY2621026400CE,26400.0,2026-02-10,412.9,
2026-01-07 12:20:46+05:30,NIFTY2621026400CE,26400.0,2026-02-10,412.9,
2026-01-07 12:20:47+05:30,NIFTY2621026400CE,26400.0,2026-02-10,412.9,
2026-01-07 12:20:48+05:30,NIFTY2621026400CE,26400.0,2026-02-10,412.9,
2026-01-07 12:20:49+05:30,NIFTY2621026400CE,26400.0,2026-02-10,412.9,
2026-01-07 12:20:50+05:30,NIFTY2621026400CE,26400.0,2026-02-10,412.9,
2026-01-07 12:20:51+05:30,NIFTY2621026400CE,26400.0,2026-02-10,412.9,
2026-01-07 12:20:52+05:30,NIFTY2621026400CE,26400.0,2026-02-10,412.9,
2026-01-07 12:20:53+05:30,NIFTY2621026400CE,26400.0,2026-02-10,412.9,
2026-01-07 12:20:54+05:30,NIFTY2621026400CE,26400.0,2026-02-10,412.9,
2026-01-07 12:20:55+05:30,NIFTY2621026400CE,26400.0,2026-02-10,412.9,
2026-01-07 12:20:56+05:30,NIFTY2621026400CE,26400.0,2026-02-10,412.9,
2026-01-07 12:20:57+05:30,NIFTY2621026400CE,26400.0,2026-02-10,412.9,
2026-01-07 12:20:58+05:30,NIFTY2621026400CE,26400.0,2026-02-10,412.9,
2026-01-07 12:20:59+05:30,NIFTY2621026400CE,26400.0,2026-02-10,412.9,
2026-01-07 12:21:00+05:30,NIFTY2621026400CE,26400.0,2026-02-10,412.9,
2026-01-07 12:21:01+05:30,NIFTY2621026400CE,26400.0,2026-02-10,412.9,
2026-01-07 12:21:02+05:30,NIFTY2621026400CE,26400.0,2026-02-10,412.9,
2026-01-07 12:21:03+05:30,NIFTY2621026400CE,26400.0,2026-02-10,412.9,
2026-01-07 12:21:04+05:30,NIFTY2621026400CE,26400.0,2026-02-10,412.9,
2026-01-07 12:21:05+05:30,NIFTY2621026400CE,26400.0,2026-02-10,412.9,
2026-01-07 12:21:06+05:30,NIFTY2621026400CE,26400.0,2026-02-10,412.9,
2026-01-07 12:21:07+05:30,NIFTY2621026400CE,26400.0,2026-02-10,412.9,
2026-01-07 12:21:08+05:30,NIFTY2621026400CE,26400.0,2026-02-10,412.9,
2026-01-07 12:21:09+05:30,NIFTY2621026400CE,26400.0,2026-02-10,412.9,
2026-01-07 12:21:10+05:30,NIFTY2621026400CE,26400.0,2026-02-10,412.9,
2026-01-07 12:21:11+05:30,NIFTY2621026400CE,26400.0,2026-02-10,412.9,
2026-01-07 12:21:12+05:30,NIFTY2621026400CE,26400.0,2026-02-10,412.9,
2026-01-07 12:21:13+05:30,NIFTY2621026400CE,26400.0,2026-02-10,412.9,
2026-01-07 12:21:14+05:30,NIFTY2621026400CE,26400.0,2026-02-10,412.9,
2026-01-07 12:21:15+05:30,NIFTY2621026400CE,26400.0,2026-02-10,412.9,
2026-01-07 12:21:16+05:30,NIFTY2621026400CE,26400.0,2026-02-10,412.9,
2026-01-07 12:21:17+05:30,NIFTY2621026400CE,26400.0,2026-02-10,412.9,
2026-01-07 12:21:18+05:30,NIFTY2621026400CE,26400.0,2026-02-10,412.9,
2026-01-07 12:21:19+05:30,NIFTY2621026400CE,26400.0,2026-02-10,412.9,
2026-01-07 12:21:20+05:30,NIFTY2621026400CE,26400.0,2026-02-10,412.9,
2026-01-07 12:21:21+05:30,NIFTY2621026400CE,26400.0,2026-02-10,412.9,
2026-01-07 12:21:22+05:30,NIFTY2621026400CE,26400.0,2026-02-10,412.9,
2026-01-07 12:21:23+05:30,NIFTY2621026400CE,26400.0,2026-02-10,412.9,
2026-01-07 12:21:24+05:30,NIFTY2621026400CE,26400.0,2026-02-10,412.9,
2026-01-07 12:21:25+05:30,NIFTY2621026400CE,26400.0,2026-02-10,412.9,
2026-01-07 12:21:26+05:30,NIFTY2621026400CE,26400.0,2026-02-10,412.9,
2026-01-07 12:21:27+05:30,NIFTY2621026400CE,26400.0,2026-02-10,412.9,
2026-01-07 12:21:28+05:30,NIFTY2621026400CE,26400.0,2026-02-10,412.9,
2026-01-07 12:21:29+05:30,NIFTY2621026400CE,26400.0,2026-02-10,412.9,
2026-01-07 12:21:30+05:30,NIFTY2621026400CE,26400.0,2026-02-10,412.9,
2026-01-07 12:21:31+05:30,NIFTY2621026400CE,26400.0,2026-02-10,412.9,
2026-01-07 12:21:32+05:30,NIFTY2621026400CE,26400.0,2026-02-10,412.9,
2026-01-07 12:21:33+05:30,NIFTY2621026400CE,26400.0,2026-02-10,412.9,
2026-01-07 12:21:34+05:30,NIFTY2621026400CE,26400.0,2026-02-10,412.9,
2026-01-07 12:21:35+05:30,NIFTY2621026400CE,26400.0,2026-02-10,412.9,
2026-01-07 12:21:36+05:30,NIFTY2621026400CE,26400.0,2026-02-10,412.9,
2026-01-07 12:21:37+05:30,NIFTY2621026400CE,26400.0,2026-02-10,412.9,
2026-01-07 12:21:38+05:30,NIFTY2621026400CE,26400.0,2026-02-10,412.9,
2026-01-07 12:21:39+05:30,NIFTY2621026400CE,26400.0,2026-02-10,412.9,
2026-01-07 12:21:40+05:30,NIFTY2621026400CE,26400.0,2026-02-10,412.9,
2026-01-07 12:21:41+05:30,NIFTY2621026400CE,26400.0,2026-02-10,412.9,
2026-01-07 12:21:42+05:30,NIFTY2621026400CE,26400.0,2026-02-10,412.9,
2026-01-07 12:21:43+05:30,NIFTY2621026400CE,26400.0,2026-02-10,412.9,
2026-01-07 12:21:44+05:30,NIFTY2621026400CE,26400.0,2026-02-10,412.9,
2026-01-07 12:21:45+05:30,NIFTY2621026400CE,26400.0,2026-02-10,412.9,
2026-01-07 12:21:46+05:30,NIFTY2621026400CE,26400.0,2026-02-10,412.9,
2026-01-07 12:21:47+05:30,NIFTY2621026400CE,26400.0,2026-02-10,412.9,
2026-01-07 12:21:48+05:30,NIFTY2621026400CE,26400.0,2026-02-10,412.9,
2026-01-07 12:21:49+05:30,NIFTY2621026400CE,26400.0,2026-02-10,412.9,
2026-01-07 12:21:50+05:30,NIFTY2621026400CE,26400.0,2026-02-10,412.9,
2026-01-07 12:21:51+05:30,NIFTY2621026400CE,26400.0,2026-02-10,412.9,
2026-01-07 12:21:52+05:30,NIFTY2621026400CE,26400.0,2026-02-10,412.9,
2026-01-07 12:21:53+05:30,NIFTY2621026400CE,26400.0,2026-02-10,412.9,
2026-01-07 12:21:54+05:30,NIFTY2621026400CE,26400.0,2026-02-10,412.9,
2026-01-07 12:21:55+05:30,NIFTY2621026400CE,26400.0,2026-02-10,412.9,
2026-01-07 12:21:56+05:30,NIFTY2621026400CE,26400.0,2026-02-10,412.9,
2026-01-07 12:21:57+05:30,NIFTY2621026400CE,26400.0,2026-02-10,412.9,
2026-01-07 12:21:58+05:30,NIFTY2621026400CE,26400.0,2026-02-10,412.9,
2026-01-07 12:21:59+05:30,NIFTY2621026400CE,26400.0,2026-02-10,412.9,
2026-01-07 12:22:00+05:30,NIFTY2621026400CE,26400.0,2026-02-10,412.9,
2026-01-07 12:22:01+05:30,NIFTY2621026400CE,26400.0,2026-02-10,412.9,
2026-01-07 12:22:02+05:30,NIFTY2621026400CE,26400.0,2026-02-10,412.9,
2026-01-07 12:22:03+05:30,NIFTY2621026400CE,26400.0,2026-02-10,412.9,
2026-01-07 12:22:04+05:30,NIFTY2621026400CE,26400.0,2026-02-10,412.9,
2026-01-07 12:22:05+05:30,NIFTY2621026400CE,26400.0,2026-02-10,412.9,
2026-01-07 12:22:06+05:30,NIFTY2621026400CE,26400.0,2026-02-10,412.9,
2026-01-07 12:22:07+05:30,NIFTY2621026400CE,26400.0,2026-02-10,412.9,
2026-01-07 12:22:08+05:30,NIFTY2621026400CE,26400.0,2026-02-10,412.9,
2026-01-07 12:22:09+05:30,NIFTY2621026400CE,26400.0,2026-02-10,412.9,
2026-01-07 12:22:10+05:30,NIFTY2621026400CE,26400.0,2026-02-10,412.9,
2026-01-07 12:22:11+05:30,NIFTY2621026400CE,26400.0,2026-02-10,412.9,
2026-01-07 12:22:12+05:30,NIFTY2621026400CE,26400.0,2026-02-10,412.9,
2026-01-07 12:22:13+05:30,NIFTY2621026400CE,26400.0,2026-02-10,412.9,
2026-01-07 12:22:14+05:30,NIFTY2621026400CE,26400.0,2026-02-10,412.9,
2026-01-07 12:22:15+05:30,NIFTY2621026400CE,26400.0,2026-02-10,412.9,
2026-01-07 12:22:16+05:30,NIFTY2621026400CE,26400.0,2026-02-10,412.9,
2026-01-07 12:22:17+05:30,NIFTY2621026400CE,26400.0,2026-02-10,412.9,
2026-01-07 12:22:18+05:30,NIFTY2621026400CE,26400.0,2026-02-10,412.9,
2026-01-07 12:22:19+05:30,NIFTY2621026400CE,26400.0,2026-02-10,412.9,
2026-01-07 12:22:20+05:30,NIFTY2621026400CE,26400.0,2026-02-10,412.9,
2026-01-07 12:22:21+05:30,NIFTY2621026400CE,26400.0,2026-02-10,412.9,
2026-01-07 12:22:22+05:30,NIFTY2621026400CE,26400.0,2026-02-10,412.9,
2026-01-07 12:22:23+05:30,NIFTY2621026400CE,26400.0,2026-02-10,412.9,
2026-01-07 12:22:24+05:30,NIFTY2621026400CE,26400.0,2026-02-10,412.9,
2026-01-07 12:22:25+05:30,NIFTY2621026400CE,26400.0,2026-02-10,412.9,
2026-01-07 12:22:26+05:30,NIFTY2621026400CE,26400.0,2026-02-10,412.9,
2026-01-07 12:22:27+05:30,NIFTY2621026400CE,26400.0,2026-02-10,412.9,
2026-01-07 12:22:28+05:30,NIFTY2621026400CE,26400.0,2026-02-10,412.9,
2026-01-07 12:22:29+05:30,NIFTY2621026400CE,26400.0,2026-02-10,412.9,
2026-01-07 12:22:30+05:30,NIFTY2621026400CE,26400.0,2026-02-10,412.9,
2026-01-07 12:22:31+05:30,NIFTY2621026400CE,26400.0,2026-02-10,412.9,
2026-01-07 12:22:32+05:30,NIFTY2621026400CE,26400.0,2026-02-10,412.9,
2026-01-07 12:22:33+05:30,NIFTY2621026400CE,26400.0,2026-02-10,412.9,
2026-01-07 12:22:34+05:30,NIFTY2621026400CE,26400.0,2026-02-10,412.9,
2026-01-07 12:22:35+05:30,NIFTY2621026400CE,26400.0,2026-02-10,412.9,
2026-01-07 12:22:36+05:30,NIFTY2621026400CE,26400.0,2026-02-10,412.9,
2026-01-07 12:22:37+05:30,NIFTY2621026400CE,26400.0,2026-02-10,412.9,
2026-01-07 12:22:38+05:30,NIFTY2621026400CE,26400.0,2026-02-10,412.9,
2026-01-07 12:22:39+05:30,NIFTY2621026400CE,26400.0,2026-02-10,412.9,
2026-01-07 12:22:40+05:30,NIFTY2621026400CE,26400.0,2026-02-10,412.9,
2026-01-07 12:22:41+05:30,NIFTY2621026400CE,26400.0,2026-02-10,412.9,
2026-01-07 12:22:42+05:30,NIFTY2621026400CE,26400.0,2026-02-10,412.9,
2026-01-07 12:22:43+05:30,NIFTY2621026400CE,26400.0,2026-02-10,412.9,
2026-01-07 12:22:44+05:30,NIFTY2621026400CE,26400.0,2026-02-10,412.9,
2026-01-07 12:22:45+05:30,NIFTY2621026400CE,26400.0,2026-02-10,412.9,
2026-01-07 12:22:46+05:30,NIFTY2621026400CE,26400.0,2026-02-10,412.9,
2026-01-07 12:22:47+05:30,NIFTY2621026400CE,26400.0,2026-02-10,412.9,
2026-01-07 12:22:48+05:30,NIFTY2621026400CE,26400.0,2026-02-10,412.9,
2026-01-07 12:22:49+05:30,NIFTY2621026400CE,26400.0,2026-02-10,412.9,
2026-01-07 12:22:50+05:30,NIFTY2621026400CE,26400.0,2026-02-10,412.9,
2026-01-07 12:22:51+05:30,NIFTY2621026400CE,26400.0,2026-02-10,412.9,
2026-01-07 12:22:52+05:30,NIFTY2621026400CE,26400.0,2026-02-10,412.9,
2026-01-07 12:22:53+05:30,NIFTY2621026400CE,26400.0,2026-02-10,412.9,
2026-01-07 12:22:54+05:30,NIFTY2621026400CE,26400.0,2026-02-10,412.9,
2026-01-07 12:22:55+05:30,NIFTY2621026400CE,26400.0,2026-02-10,412.9,
2026-01-07 12:22:56+05:30,NIFTY2621026400CE,26400.0,2026-02-10,412.9,
2026-01-07 12:22:57+05:30,NIFTY2621026400CE,26400.0,2026-02-10,412.9,
2026-01-07 12:22:58+05:30,NIFTY2621026400CE,26400.0,2026-02-10,412.9,
2026-01-07 12:22:59+05:30,NIFTY2621026400CE,26400.0,2026-02-10,412.9,
2026-01-07 12:23:00+05:30,NIFTY2621026400CE,26400.0,2026-02-10,412.9,
2026-01-07 12:23:01+05:30,NIFTY2621026400CE,26400.0,2026-02-10,412.9,
2026-01-07 12:23:02+05:30,NIFTY2621026400CE,26400.0,2026-02-10,412.9,
2026-01-07 12:23:03+05:30,NIFTY2621026400CE,26400.0,2026-02-10,412.9,
2026-01-07 12:23:04+05:30,NIFTY2621026400CE,26400.0,2026-02-10,412.9,
2026-01-07 12:23:05+05:30,NIFTY2621026400CE,26400.0,2026-02-10,412.9,
2026-01-07 12:23:06+05:30,NIFTY2621026400CE,26400.0,2026-02-10,412.9,
2026-01-07 12:23:07+05:30,NIFTY2621026400CE,26400.0,2026-02-10,412.9,
2026-01-07 12:23:08+05:30,NIFTY2621026400CE,26400.0,2026-02-10,412.9,
2026-01-07 12:23:09+05:30,NIFTY2621026400CE,26400.0,2026-02-10,412.9,
2026-01-07 12:23:10+05:30,NIFTY2621026400CE,26400.0,2026-02-10,412.9,
2026-01-07 12:23:11+05:30,NIFTY2621026400CE,26400.0,2026-02-10,412.9,
2026-01-07 12:23:12+05:30,NIFTY2621026400CE,26400.0,2026-02-10,412.9,
2026-01-07 12:23:13+05:30,NIFTY2621026400CE,26400.0,2026-02-10,412.9,
2026-01-07 12:23:14+05:30,NIFTY2621026400CE,26400.0,2026-02-10,412.9,
2026-01-07 12:23:15+05:30,NIFTY2621026400CE,26400.0,2026-02-10,412.9,
2026-01-07 12:23:16+05:30,NIFTY2621026400CE,26400.0,2026-02-10,412.9,
2026-01-07 12:23:17+05:30,NIFTY2621026400CE,26400.0,2026-02-10,412.9,
2026-01-07 12:23:18+05:30,NIFTY2621026400CE,26400.0,2026-02-10,412.9,
2026-01-07 12:23:19+05:30,NIFTY2621026400CE,26400.0,2026-02-10,412.9,
2026-01-07 12:23:20+05:30,NIFTY2621026400CE,26400.0,2026-02-10,412.9,
2026-01-07 12:23:21+05:30,NIFTY2621026400CE,26400.0,2026-02-10,412.9,
2026-01-07 12:23:22+05:30,NIFTY2621026400CE,26400.0,2026-02-10,412.9,
2026-01-07 12:23:23+05:30,NIFTY2621026400CE,26400.0,2026-02-10,412.9,
2026-01-07 12:23:24+05:30,NIFTY2621026400CE,26400.0,2026-02-10,412.9,
2026-01-07 12:23:25+05:30,NIFTY2621026400CE,26400.0,2026-02-10,412.9,
2026-01-07 12:23:26+05:30,NIFTY2621026400CE,26400.0,2026-02-10,412.9,
2026-01-07 12:23:27+05:30,NIFTY2621026400CE,26400.0,2026-02-10,412.9,
2026-01-07 12:23:28+05:30,NIFTY2621026400CE,26400.0,2026-02-10,412.9,
2026-01-07 12:23:29+05:30,NIFTY2621026400CE,26400.0,2026-02-10,412.9,
2026-01-07 12:23:30+05:30,NIFTY2621026400CE,26400.0,2026-02-10,412.9,
2026-01-07 12:23:31+05:30,NIFTY2621026400CE,26400.0,2026-02-10,412.9,
2026-01-07 12:23:32+05:30,NIFTY2621026400CE,26400.0,2026-02-10,412.9,
2026-01-07 12:23:33+05:30,NIFTY2621026400CE,26400.0,2026-02-10,412.9,
2026-01-07 12:23:34+05:30,NIFTY2621026400CE,26400.0,2026-02-10,412.9,
2026-01-07 12:23:35+05:30,NIFTY2621026400CE,26400.0,2026-02-10,412.9,
2026-01-07 12:23:36+05:30,NIFTY2621026400CE,26400.0,2026-02-10,412.9,
2026-01-07 12:23:37+05:30,NIFTY2621026400CE,26400.0,2026-02-10,412.9,
2026-01-07 12:23:38+05:30,NIFTY2621026400CE,26400.0,2026-02-10,412.9,
2026-01-07 12:23:39+05:30,NIFTY2621026400CE,26400.0,2026-02-10,412.9,
2026-01-07 12:23:40+05:30,NIFTY2621026400CE,26400.0,2026-02-10,412.9,
2026-01-07 12:23:41+05:30,NIFTY2621026400CE,26400.0,2026-02-10,412.9,
2026-01-07 12:23:42+05:30,NIFTY2621026400CE,26400.0,2026-02-10,412.9,
2026-01-07 12:23:43+05:30,NIFTY2621026400CE,26400.0,2026-02-10,412.9,
2026-01-07 12:23:44+05:30,NIFTY2621026400CE,26400.0,2026-02-10,412.9,
2026-01-07 12:23:45+05:30,NIFTY2621026400CE,26400.0,2026-02-10,412.9,
2026-01-07 12:23:46+05:30,NIFTY2621026400CE,26400.0,2026-02-10,412.9,
2026-01-07 12:23:47+05:30,NIFTY2621026400CE,26400.0,2026-02-10,412.9,
2026-01-07 12:23:48+05:30,NIFTY2621026400CE,26400.0,2026-02-10,412.9,
2026-01-07 12:23:49+05:30,NIFTY2621026400CE,26400.0,2026-02-10,412.9,
2026-01-07 12:23:50+05:30,NIFTY2621026400CE,26400.0,2026-02-10,412.9,
2026-01-07 12:23:51+05:30,NIFTY2621026400CE,26400.0,2026-02-10,412.9,
2026-01-07 12:23:52+05:30,NIFTY2621026400CE,26400.0,2026-02-10,412.9,
2026-01-07 12:23:53+05:30,NIFTY2621026400CE,26400.0,2026-02-10,412.9,
2026-01-07 12:23:54+05:30,NIFTY2621026400CE,26400.0,2026-02-10,412.9,
2026-01-07 12:23:55+05:30,NIFTY2621026400CE,26400.0,2026-02-10,412.9,
2026-01-07 12:23:56+05:30,NIFTY2621026400CE,26400.0,2026-02-10,412.9,
2026-01-07 12:23:57+05:30,NIFTY2621026400CE,26400.0,2026-02-10,412.9,
2026-01-07 12:23:58+05:30,NIFTY2621026400CE,26400.0,2026-02-10,412.9,
2026-01-07 12:23:59+05:30,NIFTY2621026400CE,26400.0,2026-02-10,412.9,
2026-01-07 12:24:00+05:30,NIFTY2621026400CE,26400.0,2026-02-10,412.9,
2026-01-07 12:24:01+05:30,NIFTY2621026400CE,26400.0,2026-02-10,412.9,
2026-01-07 12:24:02+05:30,NIFTY2621026400CE,26400.0,2026-02-10,412.9,
2026-01-07 12:24:03+05:30,NIFTY2621026400CE,26400.0,2026-02-10,412.9,
2026-01-07 12:24:04+05:30,NIFTY2621026400CE,26400.0,2026-02-10,412.9,
2026-01-07 12:24:05+05:30,NIFTY2621026400CE,26400.0,2026-02-10,412.9,
2026-01-07 12:24:06+05:30,NIFTY2621026400CE,26400.0,2026-02-10,412.9,
2026-01-07 12:24:07+05:30,NIFTY2621026400CE,26400.0,2026-02-10,412.9,
2026-01-07 12:24:08+05:30,NIFTY2621026400CE,26400.0,2026-02-10,412.9,
2026-01-07 12:24:09+05:30,NIFTY2621026400CE,26400.0,2026-02-10,412.9,
2026-01-07 12:24:10+05:30,NIFTY2621026400CE,26400.0,2026-02-10,412.9,
2026-01-07 12:24:11+05:30,NIFTY2621026400CE,26400.0,2026-02-10,412.9,
2026-01-07 12:24:12+05:30,NIFTY2621026400CE,26400.0,2026-02-10,412.9,
2026-01-07 12:24:13+05:30,NIFTY2621026400CE,26400.0,2026-02-10,412.9,
2026-01-07 12:24:14+05:30,NIFTY2621026400CE,26400.0,2026-02-10,412.9,
2026-01-07 12:24:15+05:30,NIFTY2621026400CE,26400.0,2026-02-10,412.9,
2026-01-07 12:24:16+05:30,NIFTY2621026400CE,26400.0,2026-02-10,412.9,
2026-01-07 12:24:17+05:30,NIFTY2621026400CE,26400.0,2026-02-10,412.9,
2026-01-07 12:24:18+05:30,NIFTY2621026400CE,26400.0,2026-02-10,412.9,
2026-01-07 12:24:19+05:30,NIFTY2621026400CE,26400.0,2026-02-10,412.9,
2026-01-07 12:24:20+05:30,NIFTY2621026400CE,26400.0,2026-02-10,412.9,
2026-01-07 12:24:21+05:30,NIFTY2621026400CE,26400.0,2026-02-10,412.9,
2026-01-07 12:24:22+05:30,NIFTY2621026400CE,26400.0,2026-02-10,412.9,
2026-01-07 12:24:23+05:30,NIFTY2621026400CE,26400.0,2026-02-10,412.9,
2026-01-07 12:24:24+05:30,NIFTY2621026400CE,26400.0,2026-02-10,412.9,
2026-01-07 12:24:25+05:30,NIFTY2621026400CE,26400.0,2026-02-10,412.9,
2026-01-07 12:24:26+05:30,NIFTY2621026400CE,26400.0,2026-02-10,412.9,
2026-01-07 12:24:27+05:30,NIFTY2621026400CE,26400.0,2026-02-10,412.9,
2026-01-07 12:24:28+05:30,NIFTY2621026400CE,26400.0,2026-02-10,412.9,
2026-01-07 12:24:29+05:30,NIFTY2621026400CE,26400.0,2026-02-10,412.9,
2026-01-07 12:24:30+05:30,NIFTY2621026400CE,26400.0,2026-02-10,412.9,
2026-01-07 12:24:31+05:30,NIFTY2621026400CE,26400.0,2026-02-10,412.9,
2026-01-07 12:24:32+05:30,NIFTY2621026400CE,26400.0,2026-02-10,412.9,
2026-01-07 12:24:33+05:30,NIFTY2621026400CE,26400.0,2026-02-10,412.9,
2026-01-07 12:24:34+05:30,NIFTY2621026400CE,26400.0,2026-02-10,412.9,
2026-01-07 12:24:35+05:30,NIFTY2621026400CE,26400.0,2026-02-10,412.9,
2026-01-07 12:24:36+05:30,NIFTY2621026400CE,26400.0,2026-02-10,412.9,
2026-01-07 12:24:37+05:30,NIFTY2621026400CE,26400.0,2026-02-10,412.9,
2026-01-07 12:24:38+05:30,NIFTY2621026400CE,26400.0,2026-02-10,412.9,
2026-01-07 12:24:39+05:30,NIFTY2621026400CE,26400.0,2026-02-10,412.9,
2026-01-07 12:24:40+05:30,NIFTY2621026400CE,26400.0,2026-02-10,412.9,
2026-01-07 12:24:41+05:30,NIFTY2621026400CE,26400.0,2026-02-10,412.9,
2026-01-07 12:24:42+05:30,NIFTY2621026400CE,26400.0,2026-02-10,412.9,
2026-01-07 12:24:43+05:30,NIFTY2621026400CE,26400.0,2026-02-10,412.9,
2026-01-07 12:24:44+05:30,NIFTY2621026400CE,26400.0,2026-02-10,412.9,
2026-01-07 12:24:45+05:30,NIFTY2621026400CE,26400.0,2026-02-10,412.9,
2026-01-07 12:24:46+05:30,NIFTY2621026400CE,26400.0,2026-02-10,412.9,
2026-01-07 12:24:47+05:30,NIFTY2621026400CE,26400.0,2026-02-10,412.9,
2026-01-07 12:24:48+05:30,NIFTY2621026400CE,26400.0,2026-02-10,412.9,
2026-01-07 12:24:49+05:30,NIFTY2621026400CE,26400.0,2026-02-10,412.9,
2026-01-07 12:24:50+05:30,NIFTY2621026400CE,26400.0,2026-02-10,412.9,
2026-01-07 12:24:51+05:30,NIFTY2621026400CE,26400.0,2026-02-10,412.9,
2026-01-07 12:24:52+05:30,NIFTY2621026400CE,26400.0,2026-02-10,412.9,
2026-01-07 12:24:53+05:30,NIFTY2621026400CE,26400.0,2026-02-10,412.9,
2026-01-07 12:24:54+05:30,NIFTY2621026400CE,26400.0,2026-02-10,412.9,
2026-01-07 12:24:55+05:30,NIFTY2621026400CE,26400.0,2026-02-10,412.9,
2026-01-07 12:24:56+05:30,NIFTY2621026400CE,26400.0,2026-02-10,412.9,
2026-01-07 12:24:57+05:30,NIFTY2621026400CE,26400.0,2026-02-10,412.9,
2026-01-07 12:24:58+05:30,NIFTY2621026400CE,26400.0,2026-02-10,412.9,
2026-01-07 12:24:59+05:30,NIFTY2621026400CE,26400.0,2026-02-10,412.9,
2026-01-07 12:25:00+05:30,NIFTY2621026400CE,26400.0,2026-02-10,412.9,
2026-01-07 12:25:01+05:30,NIFTY2621026400CE,26400.0,2026-02-10,412.9,
2026-01-07 12:25:02+05:30,NIFTY2621026400CE,26400.0,2026-02-10,412.9,
2026-01-07 12:25:03+05:30,NIFTY2621026400CE,26400.0,2026-02-10,412.9,
2026-01-07 12:25:04+05:30,NIFTY2621026400CE,26400.0,2026-02-10,412.9,
2026-01-07 12:25:05+05:30,NIFTY2621026400CE,26400.0,2026-02-10,412.9,
2026-01-07 12:25:06+05:30,NIFTY2621026400CE,26400.0,2026-02-10,412.9,
2026-01-07 12:25:07+05:30,NIFTY2621026400CE,26400.0,2026-02-10,412.9,
2026-01-07 12:25:08+05:30,NIFTY2621026400CE,26400.0,2026-02-10,412.9,
2026-01-07 12:25:09+05:30,NIFTY2621026400CE,26400.0,2026-02-10,412.9,
2026-01-07 12:25:10+05:30,NIFTY2621026400CE,26400.0,2026-02-10,412.9,
2026-01-07 12:25:11+05:30,NIFTY2621026400CE,26400.0,2026-02-10,412.9,
2026-01-07 12:25:12+05:30,NIFTY2621026400CE,26400.0,2026-02-10,412.9,
2026-01-07 12:25:13+05:30,NIFTY2621026400CE,26400.0,2026-02-10,412.9,
2026-01-07 12:25:14+05:30,NIFTY2621026400CE,26400.0,2026-02-10,412.9,
2026-01-07 12:25:15+05:30,NIFTY2621026400CE,26400.0,2026-02-10,412.9,
2026-01-07 12:25:16+05:30,NIFTY2621026400CE,26400.0,2026-02-10,412.9,
2026-01-07 12:25:17+05:30,NIFTY2621026400CE,26400.0,2026-02-10,412.9,
2026-01-07 12:25:18+05:30,NIFTY2621026400CE,26400.0,2026-02-10,412.9,
2026-01-07 12:25:19+05:30,NIFTY2621026400CE,26400.0,2026-02-10,412.9,
2026-01-07 12:25:20+05:30,NIFTY2621026400CE,26400.0,2026-02-10,412.9,
2026-01-07 12:25:21+05:30,NIFTY2621026400CE,26400.0,2026-02-10,412.9,
2026-01-07 12:25:22+05:30,NIFTY2621026400CE,26400.0,2026-02-10,412.9,
2026-01-07 12:25:23+05:30,NIFTY2621026400CE,26400.0,2026-02-10,412.9,
2026-01-07 12:25:24+05:30,NIFTY2621026400CE,26400.0,2026-02-10,412.9,
2026-01-07 12:25:25+05:30,NIFTY2621026400CE,26400.0,2026-02-10,412.9,
2026-01-07 12:25:26+05:30,NIFTY2621026400CE,26400.0,2026-02-10,412.9,
2026-01-07 12:25:27+05:30,NIFTY2621026400CE,26400.0,2026-02-10,412.9,
2026-01-07 12:25:28+05:30,NIFTY2621026400CE,26400.0,2026-02-10,412.9,
2026-01-07 12:25:29+05:30,NIFTY2621026400CE,26400.0,2026-02-10,412.9,
2026-01-07 12:25:30+05:30,NIFTY2621026400CE,26400.0,2026-02-10,412.9,
2026-01-07 12:25:31+05:30,NIFTY2621026400CE,26400.0,2026-02-10,412.9,
2026-01-07 12:25:32+05:30,NIFTY2621026400CE,26400.0,2026-02-10,412.9,
2026-01-07 12:25:33+05:30,NIFTY2621026400CE,26400.0,2026-02-10,412.9,
2026-01-07 12:25:34+05:30,NIFTY2621026400CE,26400.0,2026-02-10,412.9,
2026-01-07 12:25:35+05:30,NIFTY2621026400CE,26400.0,2026-02-10,412.9,
2026-01-07 12:25:36+05:30,NIFTY2621026400CE,26400.0,2026-02-10,412.9,
2026-01-07 12:25:37+05:30,NIFTY2621026400CE,26400.0,2026-02-10,412.9,
2026-01-07 12:25:38+05:30,NIFTY2621026400CE,26400.0,2026-02-10,412.9,
2026-01-07 12:25:39+05:30,NIFTY2621026400CE,26400.0,2026-02-10,412.9,
2026-01-07 12:25:40+05:30,NIFTY2621026400CE,26400.0,2026-02-10,412.9,
2026-01-07 12:25:41+05:30,NIFTY2621026400CE,26400.0,2026-02-10,412.9,
2026-01-07 12:25:42+05:30,NIFTY2621026400CE,26400.0,2026-02-10,412.9,
2026-01-07 12:25:43+05:30,NIFTY2621026400CE,26400.0,2026-02-10,412.9,
2026-01-07 12:25:44+05:30,NIFTY2621026400CE,26400.0,2026-02-10,412.9,
2026-01-07 12:25:45+05:30,NIFTY2621026400CE,26400.0,2026-02-10,412.9,
2026-01-07 12:25:46+05:30,NIFTY2621026400CE,26400.0,2026-02-10,412.9,
2026-01-07 12:25:47+05:30,NIFTY2621026400CE,26400.0,2026-02-10,412.9,
2026-01-07 12:25:48+05:30,NIFTY2621026400CE,26400.0,2026-02-10,412.9,
2026-01-07 12:25:49+05:30,NIFTY2621026400CE,26400.0,2026-02-10,412.9,
2026-01-07 12:25:50+05:30,NIFTY2621026400CE,26400.0,2026-02-10,412.9,
2026-01-07 12:25:51+05:30,NIFTY2621026400CE,26400.0,2026-02-10,412.9,
2026-01-07 12:25:52+05:30,NIFTY2621026400CE,26400.0,2026-02-10,412.9,
2026-01-07 12:25:53+05:30,NIFTY2621026400CE,26400.0,2026-02-10,412.9,
2026-01-07 12:25:54+05:30,NIFTY2621026400CE,26400.0,2026-02-10,412.9,
2026-01-07 12:25:55+05:30,NIFTY2621026400CE,26400.0,2026-02-10,412.9,
2026-01-07 12:25:56+05:30,NIFTY2621026400CE,26400.0,2026-02-10,412.9,
2026-01-07 12:25:57+05:30,NIFTY2621026400CE,26400.0,2026-02-10,412.9,
2026-01-07 12:25:58+05:30,NIFTY2621026400CE,26400.0,2026-02-10,412.9,
2026-01-07 12:25:59+05:30,NIFTY2621026400CE,26400.0,2026-02-10,412.9,
2026-01-07 12:26:00+05:30,NIFTY2621026400CE,26400.0,2026-02-10,412.9,
2026-01-07 12:26:01+05:30,NIFTY2621026400CE,26400.0,2026-02-10,412.9,
2026-01-07 12:26:02+05:30,NIFTY2621026400CE,26400.0,2026-02-10,412.9,
2026-01-07 12:26:03+05:30,NIFTY2621026400CE,26400.0,2026-02-10,412.9,
2026-01-07 12:26:04+05:30,NIFTY2621026400CE,26400.0,2026-02-10,412.9,
2026-01-07 12:26:05+05:30,NIFTY2621026400CE,26400.0,2026-02-10,412.9,
2026-01-07 12:26:06+05:30,NIFTY2621026400CE,26400.0,2026-02-10,412.9,
2026-01-07 12:26:07+05:30,NIFTY2621026400CE,26400.0,2026-02-10,412.9,
2026-01-07 12:26:08+05:30,NIFTY2621026400CE,26400.0,2026-02-10,412.9,
2026-01-07 12:26:09+05:30,NIFTY2621026400CE,26400.0,2026-02-10,412.9,
2026-01-07 12:26:10+05:30,NIFTY2621026400CE,26400.0,2026-02-10,412.9,
2026-01-07 12:26:11+05:30,NIFTY2621026400CE,26400.0,2026-02-10,412.9,
2026-01-07 12:26:12+05:30,NIFTY2621026400CE,26400.0,2026-02-10,412.9,
2026-01-07 12:26:13+05:30,NIFTY2621026400CE,26400.0,2026-02-10,412.9,
2026-01-07 12:26:14+05:30,NIFTY2621026400CE,26400.0,2026-02-10,412.9,
2026-01-07 12:26:15+05:30,NIFTY2621026400CE,26400.0,2026-02-10,412.9,
2026-01-07 12:26:16+05:30,NIFTY2621026400CE,26400.0,2026-02-10,412.9,
2026-01-07 12:26:17+05:30,NIFTY2621026400CE,26400.0,2026-02-10,412.9,
2026-01-07 12:26:18+05:30,NIFTY2621026400CE,26400.0,2026-02-10,412.9,
2026-01-07 12:26:19+05:30,NIFTY2621026400CE,26400.0,2026-02-10,412.9,
2026-01-07 12:26:20+05:30,NIFTY2621026400CE,26400.0,2026-02-10,412.9,
2026-01-07 12:26:21+05:30,NIFTY2621026400CE,26400.0,2026-02-10,412.9,
2026-01-07 12:26:22+05:30,NIFTY2621026400CE,26400.0,2026-02-10,412.9,
2026-01-07 12:26:23+05:30,NIFTY2621026400CE,26400.0,2026-02-10,412.9,
2026-01-07 12:26:24+05:30,NIFTY2621026400CE,26400.0,2026-02-10,412.9,
2026-01-07 12:26:25+05:30,NIFTY2621026400CE,26400.0,2026-02-10,412.9,
2026-01-07 12:26:26+05:30,NIFTY2621026400CE,26400.0,2026-02-10,412.9,
2026-01-07 12:26:27+05:30,NIFTY2621026400CE,26400.0,2026-02-10,412.9,
2026-01-07 12:26:28+05:30,NIFTY2621026400CE,26400.0,2026-02-10,412.9,
2026-01-07 12:26:29+05:30,NIFTY2621026400CE,26400.0,2026-02-10,412.9,
2026-01-07 12:26:30+05:30,NIFTY2621026400CE,26400.0,2026-02-10,412.9,
2026-01-07 12:26:31+05:30,NIFTY2621026400CE,26400.0,2026-02-10,412.9,
2026-01-07 12:26:32+05:30,NIFTY2621026400CE,26400.0,2026-02-10,412.9,
2026-01-07 12:26:33+05:30,NIFTY2621026400CE,26400.0,2026-02-10,412.9,
2026-01-07 12:26:34+05:30,NIFTY2621026400CE,26400.0,2026-02-10,412.9,
2026-01-07 12:26:35+05:30,NIFTY2621026400CE,26400.0,2026-02-10,412.9,
2026-01-07 12:26:36+05:30,NIFTY2621026400CE,26400.0,2026-02-10,412.9,
2026-01-07 12:26:37+05:30,NIFTY2621026400CE,26400.0,2026-02-10,412.9,
2026-01-07 12:26:38+05:30,NIFTY2621026400CE,26400.0,2026-02-10,412.9,
2026-01-07 12:26:39+05:30,NIFTY2621026400CE,26400.0,2026-02-10,412.9,
2026-01-07 12:26:40+05:30,NIFTY2621026400CE,26400.0,2026-02-10,412.9,
2026-01-07 12:26:41+05:30,NIFTY2621026400CE,26400.0,2026-02-10,412.9,
2026-01-07 12:26:42+05:30,NIFTY2621026400CE,26400.0,2026-02-10,412.9,
2026-01-07 12:26:43+05:30,NIFTY2621026400CE,26400.0,2026-02-10,412.9,
2026-01-07 12:26:44+05:30,NIFTY2621026400CE,26400.0,2026-02-10,412.9,
2026-01-07 12:26:45+05:30,NIFTY2621026400CE,26400.0,2026-02-10,412.9,
2026-01-07 12:26:46+05:30,NIFTY2621026400CE,26400.0,2026-02-10,412.9,
2026-01-07 12:26:47+05:30,NIFTY2621026400CE,26400.0,2026-02-10,412.9,
2026-01-07 12:26:48+05:30,NIFTY2621026400CE,26400.0,2026-02-10,412.9,
2026-01-07 12:26:49+05:30,NIFTY2621026400CE,26400.0,2026-02-10,412.9,
2026-01-07 12:26:50+05:30,NIFTY2621026400CE,26400.0,2026-02-10,412.9,
2026-01-07 12:26:51+05:30,NIFTY2621026400CE,26400.0,2026-02-10,412.9,
2026-01-07 12:26:52+05:30,NIFTY2621026400CE,26400.0,2026-02-10,412.9,
2026-01-07 12:26:53+05:30,NIFTY2621026400CE,26400.0,2026-02-10,412.9,
2026-01-07 12:26:54+05:30,NIFTY2621026400CE,26400.0,2026-02-10,412.9,
2026-01-07 12:26:55+05:30,NIFTY2621026400CE,26400.0,2026-02-10,412.9,
2026-01-07 12:26:56+05:30,NIFTY2621026400CE,26400.0,2026-02-10,412.9,
2026-01-07 12:26:57+05:30,NIFTY2621026400CE,26400.0,2026-02-10,412.9,
2026-01-07 12:26:58+05:30,NIFTY2621026400CE,26400.0,2026-02-10,412.9,
2026-01-07 12:26:59+05:30,NIFTY2621026400CE,26400.0,2026-02-10,412.9,
2026-01-07 12:27:00+05:30,NIFTY2621026400CE,26400.0,2026-02-10,412.9,
2026-01-07 12:27:01+05:30,NIFTY2621026400CE,26400.0,2026-02-10,412.9,
2026-01-07 12:27:02+05:30,NIFTY2621026400CE,26400.0,2026-02-10,412.9,
2026-01-07 12:27:03+05:30,NIFTY2621026400CE,26400.0,2026-02-10,412.9,
2026-01-07 12:27:04+05:30,NIFTY2621026400CE,26400.0,2026-02-10,412.9,
2026-01-07 12:27:05+05:30,NIFTY2621026400CE,26400.0,2026-02-10,412.9,
2026-01-07 12:27:06+05:30,NIFTY2621026400CE,26400.0,2026-02-10,412.9,
2026-01-07 12:27:07+05:30,NIFTY2621026400CE,26400.0,2026-02-10,412.9,
2026-01-07 12:27:08+05:30,NIFTY2621026400CE,26400.0,2026-02-10,412.9,
2026-01-07 12:27:09+05:30,NIFTY2621026400CE,26400.0,2026-02-10,412.9,
2026-01-07 12:27:10+05:30,NIFTY2621026400CE,26400.0,2026-02-10,412.9,
2026-01-07 12:27:11+05:30,NIFTY2621026400CE,26400.0,2026-02-10,412.9,
2026-01-07 12:27:12+05:30,NIFTY2621026400CE,26400.0,2026-02-10,412.9,
2026-01-07 12:27:13+05:30,NIFTY2621026400CE,26400.0,2026-02-10,412.9,
2026-01-07 12:27:14+05:30,NIFTY2621026400CE,26400.0,2026-02-10,412.9,
2026-01-07 12:27:15+05:30,NIFTY2621026400CE,26400.0,2026-02-10,412.9,
2026-01-07 12:27:16+05:30,NIFTY2621026400CE,26400.0,2026-02-10,412.9,
2026-01-07 12:27:17+05:30,NIFTY2621026400CE,26400.0,2026-02-10,412.9,
2026-01-07 12:27:18+05:30,NIFTY2621026400CE,26400.0,2026-02-10,412.9,
2026-01-07 12:27:19+05:30,NIFTY2621026400CE,26400.0,2026-02-10,412.9,
2026-01-07 12:27:20+05:30,NIFTY2621026400CE,26400.0,2026-02-10,412.9,
2026-01-07 12:27:21+05:30,NIFTY2621026400CE,26400.0,2026-02-10,412.9,
2026-01-07 12:27:22+05:30,NIFTY2621026400CE,26400.0,2026-02-10,412.9,
2026-01-07 12:27:23+05:30,NIFTY2621026400CE,26400.0,2026-02-10,412.9,
2026-01-07 12:27:24+05:30,NIFTY2621026400CE,26400.0,2026-02-10,412.9,
2026-01-07 12:27:25+05:30,NIFTY2621026400CE,26400.0,2026-02-10,412.9,
2026-01-07 12:27:26+05:30,NIFTY2621026400CE,26400.0,2026-02-10,412.9,
2026-01-07 12:27:27+05:30,NIFTY2621026400CE,26400.0,2026-02-10,412.9,
2026-01-07 12:27:28+05:30,NIFTY2621026400CE,26400.0,2026-02-10,412.9,
2026-01-07 12:27:29+05:30,NIFTY2621026400CE,26400.0,2026-02-10,412.9,
2026-01-07 12:27:30+05:30,NIFTY2621026400CE,26400.0,2026-02-10,412.9,
2026-01-07 12:27:31+05:30,NIFTY2621026400CE,26400.0,2026-02-10,412.9,
2026-01-07 12:27:32+05:30,NIFTY2621026400CE,26400.0,2026-02-10,412.9,
2026-01-07 12:27:33+05:30,NIFTY2621026400CE,26400.0,2026-02-10,412.9,
2026-01-07 12:27:34+05:30,NIFTY2621026400CE,26400.0,2026-02-10,412.9,
2026-01-07 12:27:35+05:30,NIFTY2621026400CE,26400.0,2026-02-10,412.9,
2026-01-07 12:27:36+05:30,NIFTY2621026400CE,26400.0,2026-02-10,412.9,
2026-01-07 12:27:37+05:30,NIFTY2621026400CE,26400.0,2026-02-10,412.9,
2026-01-07 12:27:38+05:30,NIFTY2621026400CE,26400.0,2026-02-10,412.9,
2026-01-07 12:27:39+05:30,NIFTY2621026400CE,26400.0,2026-02-10,412.9,
2026-01-07 12:27:40+05:30,NIFTY2621026400CE,26400.0,2026-02-10,412.9,
2026-01-07 12:27:41+05:30,NIFTY2621026400CE,26400.0,2026-02-10,412.9,
2026-01-07 12:27:42+05:30,NIFTY2621026400CE,26400.0,2026-02-10,412.9,
2026-01-07 12:27:43+05:30,NIFTY2621026400CE,26400.0,2026-02-10,412.9,
2026-01-07 12:27:44+05:30,NIFTY2621026400CE,26400.0,2026-02-10,412.9,
2026-01-07 12:27:45+05:30,NIFTY2621026400CE,26400.0,2026-02-10,412.9,
2026-01-07 12:27:46+05:30,NIFTY2621026400CE,26400.0,2026-02-10,412.9,
2026-01-07 12:27:47+05:30,NIFTY2621026400CE,26400.0,2026-02-10,412.9,
2026-01-07 12:27:48+05:30,NIFTY2621026400CE,26400.0,2026-02-10,412.9,
2026-01-07 12:27:49+05:30,NIFTY2621026400CE,26400.0,2026-02-10,412.9,
2026-01-07 12:27:50+05:30,NIFTY2621026400CE,26400.0,2026-02-10,412.9,
2026-01-07 12:27:51+05:30,NIFTY2621026400CE,26400.0,2026-02-10,412.9,
2026-01-07 12:27:52+05:30,NIFTY2621026400CE,26400.0,2026-02-10,412.9,
2026-01-07 12:27:53+05:30,NIFTY2621026400CE,26400.0,2026-02-10,412.9,
2026-01-07 12:27:54+05:30,NIFTY2621026400CE,26400.0,2026-02-10,412.9,
2026-01-07 12:27:55+05:30,NIFTY2621026400CE,26400.0,2026-02-10,412.9,
2026-01-07 12:27:56+05:30,NIFTY2621026400CE,26400.0,2026-02-10,412.9,
2026-01-07 12:27:57+05:30,NIFTY2621026400CE,26400.0,2026-02-10,412.9,
2026-01-07 12:27:58+05:30,NIFTY2621026400CE,26400.0,2026-02-10,412.9,
2026-01-07 12:27:59+05:30,NIFTY2621026400CE,26400.0,2026-02-10,412.9,
2026-01-07 12:28:00+05:30,NIFTY2621026400CE,26400.0,2026-02-10,412.9,
2026-01-07 12:28:01+05:30,NIFTY2621026400CE,26400.0,2026-02-10,412.9,
2026-01-07 12:28:02+05:30,NIFTY2621026400CE,26400.0,2026-02-10,412.9,
2026-01-07 12:28:03+05:30,NIFTY2621026400CE,26400.0,2026-02-10,412.9,
2026-01-07 12:28:04+05:30,NIFTY2621026400CE,26400.0,2026-02-10,412.9,
2026-01-07 12:28:05+05:30,NIFTY2621026400CE,26400.0,2026-02-10,412.9,
2026-01-07 12:28:06+05:30,NIFTY2621026400CE,26400.0,2026-02-10,412.9,
2026-01-07 12:28:07+05:30,NIFTY2621026400CE,26400.0,2026-02-10,412.9,
2026-01-07 12:28:08+05:30,NIFTY2621026400CE,26400.0,2026-02-10,412.9,
2026-01-07 12:28:09+05:30,NIFTY2621026400CE,26400.0,2026-02-10,412.9,
2026-01-07 12:28:10+05:30,NIFTY2621026400CE,26400.0,2026-02-10,412.9,
2026-01-07 12:28:11+05:30,NIFTY2621026400CE,26400.0,2026-02-10,412.9,
2026-01-07 12:28:12+05:30,NIFTY2621026400CE,26400.0,2026-02-10,412.9,
2026-01-07 12:28:13+05:30,NIFTY2621026400CE,26400.0,2026-02-10,412.9,
2026-01-07 12:28:14+05:30,NIFTY2621026400CE,26400.0,2026-02-10,412.9,
2026-01-07 12:28:15+05:30,NIFTY2621026400CE,26400.0,2026-02-10,412.9,
2026-01-07 12:28:16+05:30,NIFTY2621026400CE,26400.0,2026-02-10,412.9,
2026-01-07 12:28:17+05:30,NIFTY2621026400CE,26400.0,2026-02-10,412.9,
2026-01-07 12:28:18+05:30,NIFTY2621026400CE,26400.0,2026-02-10,412.9,
2026-01-07 12:28:19+05:30,NIFTY2621026400CE,26400.0,2026-02-10,412.9,
2026-01-07 12:28:20+05:30,NIFTY2621026400CE,26400.0,2026-02-10,412.9,
2026-01-07 12:28:21+05:30,NIFTY2621026400CE,26400.0,2026-02-10,412.9,
2026-01-07 12:28:22+05:30,NIFTY2621026400CE,26400.0,2026-02-10,412.9,
2026-01-07 12:28:23+05:30,NIFTY2621026400CE,26400.0,2026-02-10,412.9,
2026-01-07 12:28:24+05:30,NIFTY2621026400CE,26400.0,2026-02-10,412.9,
2026-01-07 12:28:25+05:30,NIFTY2621026400CE,26400.0,2026-02-10,412.9,
2026-01-07 12:28:26+05:30,NIFTY2621026400CE,26400.0,2026-02-10,412.9,
2026-01-07 12:28:27+05:30,NIFTY2621026400CE,26400.0,2026-02-10,412.9,
2026-01-07 12:28:28+05:30,NIFTY2621026400CE,26400.0,2026-02-10,412.9,
2026-01-07 12:28:29+05:30,NIFTY2621026400CE,26400.0,2026-02-10,412.9,
2026-01-07 12:28:30+05:30,NIFTY2621026400CE,26400.0,2026-02-10,412.9,
2026-01-07 12:28:31+05:30,NIFTY2621026400CE,26400.0,2026-02-10,412.9,
2026-01-07 12:28:32+05:30,NIFTY2621026400CE,26400.0,2026-02-10,412.9,
2026-01-07 12:28:33+05:30,NIFTY2621026400CE,26400.0,2026-02-10,412.9,
2026-01-07 12:28:34+05:30,NIFTY2621026400CE,26400.0,2026-02-10,412.9,
2026-01-07 12:28:35+05:30,NIFTY2621026400CE,26400.0,2026-02-10,412.9,
2026-01-07 12:28:36+05:30,NIFTY2621026400CE,26400.0,2026-02-10,412.9,
2026-01-07 12:28:37+05:30,NIFTY2621026400CE,26400.0,2026-02-10,412.9,
2026-01-07 12:28:38+05:30,NIFTY2621026400CE,26400.0,2026-02-10,412.9,
2026-01-07 12:28:39+05:30,NIFTY2621026400CE,26400.0,2026-02-10,412.9,
2026-01-07 12:28:40+05:30,NIFTY2621026400CE,26400.0,2026-02-10,412.9,
2026-01-07 12:28:41+05:30,NIFTY2621026400CE,26400.0,2026-02-10,412.9,
2026-01-07 12:28:42+05:30,NIFTY2621026400CE,26400.0,2026-02-10,412.9,
2026-01-07 12:28:43+05:30,NIFTY2621026400CE,26400.0,2026-02-10,412.9,
2026-01-07 12:28:44+05:30,NIFTY2621026400CE,26400.0,2026-02-10,412.9,
2026-01-07 12:28:45+05:30,NIFTY2621026400CE,26400.0,2026-02-10,412.9,
2026-01-07 12:28:46+05:30,NIFTY2621026400CE,26400.0,2026-02-10,412.9,
2026-01-07 12:28:47+05:30,NIFTY2621026400CE,26400.0,2026-02-10,412.9,
2026-01-07 12:28:48+05:30,NIFTY2621026400CE,26400.0,2026-02-10,412.9,
2026-01-07 12:28:49+05:30,NIFTY2621026400CE,26400.0,2026-02-10,412.9,
2026-01-07 12:28:50+05:30,NIFTY2621026400CE,26400.0,2026-02-10,412.9,
2026-01-07 12:28:51+05:30,NIFTY2621026400CE,26400.0,2026-02-10,412.9,
2026-01-07 12:28:52+05:30,NIFTY2621026400CE,26400.0,2026-02-10,412.9,
2026-01-07 12:28:53+05:30,NIFTY2621026400CE,26400.0,2026-02-10,412.9,
2026-01-07 12:28:54+05:30,NIFTY2621026400CE,26400.0,2026-02-10,412.9,
2026-01-07 12:28:55+05:30,NIFTY2621026400CE,26400.0,2026-02-10,412.9,
2026-01-07 12:28:56+05:30,NIFTY2621026400CE,26400.0,2026-02-10,412.9,
2026-01-07 12:28:57+05:30,NIFTY2621026400CE,26400.0,2026-02-10,412.9,
2026-01-07 12:28:58+05:30,NIFTY2621026400CE,26400.0,2026-02-10,412.9,
2026-01-07 12:28:59+05:30,NIFTY2621026400CE,26400.0,2026-02-10,412.9,
2026-01-07 12:29:00+05:30,NIFTY2621026400CE,26400.0,2026-02-10,412.9,
2026-01-07 12:29:01+05:30,NIFTY2621026400CE,26400.0,2026-02-10,412.9,
2026-01-07 12:29:02+05:30,NIFTY2621026400CE,26400.0,2026-02-10,412.9,
2026-01-07 12:29:03+05:30,NIFTY2621026400CE,26400.0,2026-02-10,412.9,
2026-01-07 12:29:04+05:30,NIFTY2621026400CE,26400.0,2026-02-10,412.9,
2026-01-07 12:29:05+05:30,NIFTY2621026400CE,26400.0,2026-02-10,412.9,
2026-01-07 12:29:06+05:30,NIFTY2621026400CE,26400.0,2026-02-10,412.9,
2026-01-07 12:29:07+05:30,NIFTY2621026400CE,26400.0,2026-02-10,412.9,
2026-01-07 12:29:08+05:30,NIFTY2621026400CE,26400.0,2026-02-10,412.9,
2026-01-07 12:29:09+05:30,NIFTY2621026400CE,26400.0,2026-02-10,412.9,
2026-01-07 12:29:10+05:30,NIFTY2621026400CE,26400.0,2026-02-10,412.9,
2026-01-07 12:29:11+05:30,NIFTY2621026400CE,26400.0,2026-02-10,412.9,
2026-01-07 12:29:12+05:30,NIFTY2621026400CE,26400.0,2026-02-10,412.9,
2026-01-07 12:29:13+05:30,NIFTY2621026400CE,26400.0,2026-02-10,412.9,
2026-01-07 12:29:14+05:30,NIFTY2621026400CE,26400.0,2026-02-10,412.9,
2026-01-07 12:29:15+05:30,NIFTY2621026400CE,26400.0,2026-02-10,412.9,
2026-01-07 12:29:16+05:30,NIFTY2621026400CE,26400.0,2026-02-10,412.9,
2026-01-07 12:29:17+05:30,NIFTY2621026400CE,26400.0,2026-02-10,412.9,
2026-01-07 12:29:18+05:30,NIFTY2621026400CE,26400.0,2026-02-10,412.9,
2026-01-07 12:29:19+05:30,NIFTY2621026400CE,26400.0,2026-02-10,412.9,
2026-01-07 12:29:20+05:30,NIFTY2621026400CE,26400.0,2026-02-10,412.9,
2026-01-07 12:29:21+05:30,NIFTY2621026400CE,26400.0,2026-02-10,412.9,
2026-01-07 12:29:22+05:30,NIFTY2621026400CE,26400.0,2026-02-10,412.9,
2026-01-07 12:29:23+05:30,NIFTY2621026400CE,26400.0,2026-02-10,412.9,
2026-01-07 12:29:24+05:30,NIFTY2621026400CE,26400.0,2026-02-10,412.9,
2026-01-07 12:29:25+05:30,NIFTY2621026400CE,26400.0,2026-02-10,412.9,
2026-01-07 12:29:26+05:30,NIFTY2621026400CE,26400.0,2026-02-10,412.9,
2026-01-07 12:29:27+05:30,NIFTY2621026400CE,26400.0,2026-02-10,412.9,
2026-01-07 12:29:28+05:30,NIFTY2621026400CE,26400.0,2026-02-10,412.9,
2026-01-07 12:29:29+05:30,NIFTY2621026400CE,26400.0,2026-02-10,412.9,
2026-01-07 12:29:30+05:30,NIFTY2621026400CE,26400.0,2026-02-10,412.9,
2026-01-07 12:29:31+05:30,NIFTY2621026400CE,26400.0,2026-02-10,412.9,
2026-01-07 12:29:32+05:30,NIFTY2621026400CE,26400.0,2026-02-10,412.9,
2026-01-07 12:29:33+05:30,NIFTY2621026400CE,26400.0,2026-02-10,412.9,
2026-01-07 12:29:34+05:30,NIFTY2621026400CE,26400.0,2026-02-10,412.9,
2026-01-07 12:29:35+05:30,NIFTY2621026400CE,26400.0,2026-02-10,412.9,
2026-01-07 12:29:36+05:30,NIFTY2621026400CE,26400.0,2026-02-10,412.9,
2026-01-07 12:29:37+05:30,NIFTY2621026400CE,26400.0,2026-02-10,412.9,
2026-01-07 12:29:38+05:30,NIFTY2621026400CE,26400.0,2026-02-10,412.9,
2026-01-07 12:29:39+05:30,NIFTY2621026400CE,26400.0,2026-02-10,412.9,
2026-01-07 12:29:40+05:30,NIFTY2621026400CE,26400.0,2026-02-10,412.9,
2026-01-07 12:29:41+05:30,NIFTY2621026400CE,26400.0,2026-02-10,412.9,
2026-01-07 12:29:42+05:30,NIFTY2621026400CE,26400.0,2026-02-10,412.9,
2026-01-07 12:29:43+05:30,NIFTY2621026400CE,26400.0,2026-02-10,412.9,
2026-01-07 12:29:44+05:30,NIFTY2621026400CE,26400.0,2026-02-10,412.9,
2026-01-07 12:29:45+05:30,NIFTY2621026400CE,26400.0,2026-02-10,412.9,
2026-01-07 12:29:46+05:30,NIFTY2621026400CE,26400.0,2026-02-10,412.9,
2026-01-07 12:29:47+05:30,NIFTY2621026400CE,26400.0,2026-02-10,412.9,
2026-01-07 12:29:48+05:30,NIFTY2621026400CE,26400.0,2026-02-10,412.9,
2026-01-07 12:29:49+05:30,NIFTY2621026400CE,26400.0,2026-02-10,412.9,
2026-01-07 12:29:50+05:30,NIFTY2621026400CE,26400.0,2026-02-10,412.9,
2026-01-07 12:29:51+05:30,NIFTY2621026400CE,26400.0,2026-02-10,412.9,
2026-01-07 12:29:52+05:30,NIFTY2621026400CE,26400.0,2026-02-10,412.9,
2026-01-07 12:29:53+05:30,NIFTY2621026400CE,26400.0,2026-02-10,412.9,
2026-01-07 12:29:54+05:30,NIFTY2621026400CE,26400.0,2026-02-10,412.9,
2026-01-07 12:29:55+05:30,NIFTY2621026400CE,26400.0,2026-02-10,412.9,
2026-01-07 12:29:56+05:30,NIFTY2621026400CE,26400.0,2026-02-10,412.9,
2026-01-07 12:29:57+05:30,NIFTY2621026400CE,26400.0,2026-02-10,412.9,
2026-01-07 12:29:58+05:30,NIFTY2621026400CE,26400.0,2026-02-10,412.9,
2026-01-07 12:29:59+05:30,NIFTY2621026400CE,26400.0,2026-02-10,412.9,
2026-01-07 12:30:00+05:30,NIFTY2621026400CE,26400.0,2026-02-10,412.9,
2026-01-07 12:30:01+05:30,NIFTY2621026400CE,26400.0,2026-02-10,412.9,
2026-01-07 12:30:02+05:30,NIFTY2621026400CE,26400.0,2026-02-10,412.9,
2026-01-07 12:30:03+05:30,NIFTY2621026400CE,26400.0,2026-02-10,412.9,
2026-01-07 12:30:04+05:30,NIFTY2621026400CE,26400.0,2026-02-10,412.9,
2026-01-07 12:30:05+05:30,NIFTY2621026400CE,26400.0,2026-02-10,412.9,
2026-01-07 12:30:06+05:30,NIFTY2621026400CE,26400.0,2026-02-10,412.9,
2026-01-07 12:30:07+05:30,NIFTY2621026400CE,26400.0,2026-02-10,412.9,
2026-01-07 12:30:08+05:30,NIFTY2621026400CE,26400.0,2026-02-10,412.9,
2026-01-07 12:30:09+05:30,NIFTY2621026400CE,26400.0,2026-02-10,412.9,
2026-01-07 12:30:10+05:30,NIFTY2621026400CE,26400.0,2026-02-10,412.9,
2026-01-07 12:30:11+05:30,NIFTY2621026400CE,26400.0,2026-02-10,412.9,
2026-01-07 12:30:12+05:30,NIFTY2621026400CE,26400.0,2026-02-10,412.9,
2026-01-07 12:30:13+05:30,NIFTY2621026400CE,26400.0,2026-02-10,412.9,
2026-01-07 12:30:14+05:30,NIFTY2621026400CE,26400.0,2026-02-10,412.9,
2026-01-07 12:30:15+05:30,NIFTY2621026400CE,26400.0,2026-02-10,412.9,
2026-01-07 12:30:16+05:30,NIFTY2621026400CE,26400.0,2026-02-10,412.9,
2026-01-07 12:30:17+05:30,NIFTY2621026400CE,26400.0,2026-02-10,412.9,
2026-01-07 12:30:18+05:30,NIFTY2621026400CE,26400.0,2026-02-10,412.9,
2026-01-07 12:30:19+05:30,NIFTY2621026400CE,26400.0,2026-02-10,412.9,
2026-01-07 12:30:20+05:30,NIFTY2621026400CE,26400.0,2026-02-10,412.9,
2026-01-07 12:30:21+05:30,NIFTY2621026400CE,26400.0,2026-02-10,412.9,
2026-01-07 12:30:22+05:30,NIFTY2621026400CE,26400.0,2026-02-10,412.9,
2026-01-07 12:30:23+05:30,NIFTY2621026400CE,26400.0,2026-02-10,412.9,
2026-01-07 12:30:24+05:30,NIFTY2621026400CE,26400.0,2026-02-10,412.9,
2026-01-07 12:30:25+05:30,NIFTY2621026400CE,26400.0,2026-02-10,412.9,
2026-01-07 12:30:26+05:30,NIFTY2621026400CE,26400.0,2026-02-10,412.9,
2026-01-07 12:30:27+05:30,NIFTY2621026400CE,26400.0,2026-02-10,412.9,
2026-01-07 12:30:28+05:30,NIFTY2621026400CE,26400.0,2026-02-10,412.9,
2026-01-07 12:30:29+05:30,NIFTY2621026400CE,26400.0,2026-02-10,412.9,
2026-01-07 12:30:30+05:30,NIFTY2621026400CE,26400.0,2026-02-10,412.9,
2026-01-07 12:30:31+05:30,NIFTY2621026400CE,26400.0,2026-02-10,412.9,
2026-01-07 12:30:32+05:30,NIFTY2621026400CE,26400.0,2026-02-10,412.9,
2026-01-07 12:30:33+05:30,NIFTY2621026400CE,26400.0,2026-02-10,412.9,
2026-01-07 12:30:34+05:30,NIFTY2621026400CE,26400.0,2026-02-10,412.9,
2026-01-07 12:30:35+05:30,NIFTY2621026400CE,26400.0,2026-02-10,412.9,
2026-01-07 12:30:36+05:30,NIFTY2621026400CE,26400.0,2026-02-10,412.9,
2026-01-07 12:30:37+05:30,NIFTY2621026400CE,26400.0,2026-02-10,412.9,
2026-01-07 12:30:38+05:30,NIFTY2621026400CE,26400.0,2026-02-10,412.9,
2026-01-07 12:30:39+05:30,NIFTY2621026400CE,26400.0,2026-02-10,412.9,
2026-01-07 12:30:40+05:30,NIFTY2621026400CE,26400.0,2026-02-10,412.9,
2026-01-07 12:30:41+05:30,NIFTY2621026400CE,26400.0,2026-02-10,412.9,
2026-01-07 12:30:42+05:30,NIFTY2621026400CE,26400.0,2026-02-10,412.9,
2026-01-07 12:30:43+05:30,NIFTY2621026400CE,26400.0,2026-02-10,412.9,
2026-01-07 12:30:44+05:30,NIFTY2621026400CE,26400.0,2026-02-10,412.9,
2026-01-07 12:30:45+05:30,NIFTY2621026400CE,26400.0,2026-02-10,412.9,
2026-01-07 12:30:46+05:30,NIFTY2621026400CE,26400.0,2026-02-10,412.9,
2026-01-07 12:30:47+05:30,NIFTY2621026400CE,26400.0,2026-02-10,412.9,
2026-01-07 12:30:48+05:30,NIFTY2621026400CE,26400.0,2026-02-10,412.9,
2026-01-07 12:30:49+05:30,NIFTY2621026400CE,26400.0,2026-02-10,412.9,
2026-01-07 12:30:50+05:30,NIFTY2621026400CE,26400.0,2026-02-10,412.9,
2026-01-07 12:30:51+05:30,NIFTY2621026400CE,26400.0,2026-02-10,412.9,
2026-01-07 12:30:52+05:30,NIFTY2621026400CE,26400.0,2026-02-10,412.9,
2026-01-07 12:30:53+05:30,NIFTY2621026400CE,26400.0,2026-02-10,412.9,
2026-01-07 12:30:54+05:30,NIFTY2621026400CE,26400.0,2026-02-10,412.9,
2026-01-07 12:30:55+05:30,NIFTY2621026400CE,26400.0,2026-02-10,412.9,
2026-01-07 12:30:56+05:30,NIFTY2621026400CE,26400.0,2026-02-10,412.9,
2026-01-07 12:30:57+05:30,NIFTY2621026400CE,26400.0,2026-02-10,412.9,
2026-01-07 12:30:58+05:30,NIFTY2621026400CE,26400.0,2026-02-10,412.9,
2026-01-07 12:30:59+05:30,NIFTY2621026400CE,26400.0,2026-02-10,412.9,
2026-01-07 12:31:00+05:30,NIFTY2621026400CE,26400.0,2026-02-10,412.9,
2026-01-07 12:31:01+05:30,NIFTY2621026400CE,26400.0,2026-02-10,412.9,
2026-01-07 12:31:02+05:30,NIFTY2621026400CE,26400.0,2026-02-10,412.9,
2026-01-07 12:31:03+05:30,NIFTY2621026400CE,26400.0,2026-02-10,412.9,
2026-01-07 12:31:04+05:30,NIFTY2621026400CE,26400.0,2026-02-10,412.9,
2026-01-07 12:31:05+05:30,NIFTY2621026400CE,26400.0,2026-02-10,412.9,
2026-01-07 12:31:06+05:30,NIFTY2621026400CE,26400.0,2026-02-10,412.9,
2026-01-07 12:31:07+05:30,NIFTY2621026400CE,26400.0,2026-02-10,412.9,
2026-01-07 12:31:08+05:30,NIFTY2621026400CE,26400.0,2026-02-10,412.9,
2026-01-07 12:31:09+05:30,NIFTY2621026400CE,26400.0,2026-02-10,412.9,
2026-01-07 12:31:10+05:30,NIFTY2621026400CE,26400.0,2026-02-10,412.9,
2026-01-07 12:31:11+05:30,NIFTY2621026400CE,26400.0,2026-02-10,412.9,
2026-01-07 12:31:12+05:30,NIFTY2621026400CE,26400.0,2026-02-10,412.9,
2026-01-07 12:31:13+05:30,NIFTY2621026400CE,26400.0,2026-02-10,412.9,
2026-01-07 12:31:14+05:30,NIFTY2621026400CE,26400.0,2026-02-10,412.9,
2026-01-07 12:31:15+05:30,NIFTY2621026400CE,26400.0,2026-02-10,412.9,
2026-01-07 12:31:16+05:30,NIFTY2621026400CE,26400.0,2026-02-10,412.9,
2026-01-07 12:31:17+05:30,NIFTY2621026400CE,26400.0,2026-02-10,412.9,
2026-01-07 12:31:18+05:30,NIFTY2621026400CE,26400.0,2026-02-10,412.9,
2026-01-07 12:31:19+05:30,NIFTY2621026400CE,26400.0,2026-02-10,412.9,
2026-01-07 12:31:20+05:30,NIFTY2621026400CE,26400.0,2026-02-10,412.9,
2026-01-07 12:31:21+05:30,NIFTY2621026400CE,26400.0,2026-02-10,412.9,
2026-01-07 12:31:22+05:30,NIFTY2621026400CE,26400.0,2026-02-10,412.9,
2026-01-07 12:31:23+05:30,NIFTY2621026400CE,26400.0,2026-02-10,412.9,
2026-01-07 12:31:24+05:30,NIFTY2621026400CE,26400.0,2026-02-10,412.9,
2026-01-07 12:31:25+05:30,NIFTY2621026400CE,26400.0,2026-02-10,412.9,
2026-01-07 12:31:26+05:30,NIFTY2621026400CE,26400.0,2026-02-10,412.9,
2026-01-07 12:31:27+05:30,NIFTY2621026400CE,26400.0,2026-02-10,412.9,
2026-01-07 12:31:28+05:30,NIFTY2621026400CE,26400.0,2026-02-10,412.9,
2026-01-07 12:31:29+05:30,NIFTY2621026400CE,26400.0,2026-02-10,412.9,
2026-01-07 12:31:30+05:30,NIFTY2621026400CE,26400.0,2026-02-10,412.9,
2026-01-07 12:31:31+05:30,NIFTY2621026400CE,26400.0,2026-02-10,412.9,
2026-01-07 12:31:32+05:30,NIFTY2621026400CE,26400.0,2026-02-10,412.9,
2026-01-07 12:31:33+05:30,NIFTY2621026400CE,26400.0,2026-02-10,412.9,
2026-01-07 12:31:34+05:30,NIFTY2621026400CE,26400.0,2026-02-10,412.9,
2026-01-07 12:31:35+05:30,NIFTY2621026400CE,26400.0,2026-02-10,412.9,
2026-01-07 12:31:36+05:30,NIFTY2621026400CE,26400.0,2026-02-10,412.9,
2026-01-07 12:31:37+05:30,NIFTY2621026400CE,26400.0,2026-02-10,412.9,
2026-01-07 12:31:38+05:30,NIFTY2621026400CE,26400.0,2026-02-10,412.9,
2026-01-07 12:31:39+05:30,NIFTY2621026400CE,26400.0,2026-02-10,412.9,
2026-01-07 12:31:40+05:30,NIFTY2621026400CE,26400.0,2026-02-10,412.9,
2026-01-07 12:31:41+05:30,NIFTY2621026400CE,26400.0,2026-02-10,412.9,
2026-01-07 12:31:42+05:30,NIFTY2621026400CE,26400.0,2026-02-10,412.9,
2026-01-07 12:31:43+05:30,NIFTY2621026400CE,26400.0,2026-02-10,412.9,
2026-01-07 12:31:44+05:30,NIFTY2621026400CE,26400.0,2026-02-10,412.9,
2026-01-07 12:31:45+05:30,NIFTY2621026400CE,26400.0,2026-02-10,412.9,
2026-01-07 12:31:46+05:30,NIFTY2621026400CE,26400.0,2026-02-10,412.9,
2026-01-07 12:31:47+05:30,NIFTY2621026400CE,26400.0,2026-02-10,412.9,
2026-01-07 12:31:48+05:30,NIFTY2621026400CE,26400.0,2026-02-10,412.9,
2026-01-07 12:31:49+05:30,NIFTY2621026400CE,26400.0,2026-02-10,412.9,
2026-01-07 12:31:50+05:30,NIFTY2621026400CE,26400.0,2026-02-10,412.9,
2026-01-07 12:31:51+05:30,NIFTY2621026400CE,26400.0,2026-02-10,412.9,
2026-01-07 12:31:52+05:30,NIFTY2621026400CE,26400.0,2026-02-10,412.9,
2026-01-07 12:31:53+05:30,NIFTY2621026400CE,26400.0,2026-02-10,412.9,
2026-01-07 12:31:54+05:30,NIFTY2621026400CE,26400.0,2026-02-10,412.9,
2026-01-07 12:31:55+05:30,NIFTY2621026400CE,26400.0,2026-02-10,412.9,
2026-01-07 12:31:56+05:30,NIFTY2621026400CE,26400.0,2026-02-10,412.9,
2026-01-07 12:31:57+05:30,NIFTY2621026400CE,26400.0,2026-02-10,412.9,
2026-01-07 12:31:58+05:30,NIFTY2621026400CE,26400.0,2026-02-10,412.9,
2026-01-07 12:31:59+05:30,NIFTY2621026400CE,26400.0,2026-02-10,412.9,
2026-01-07 12:32:00+05:30,NIFTY2621026400CE,26400.0,2026-02-10,412.9,
2026-01-07 12:32:01+05:30,NIFTY2621026400CE,26400.0,2026-02-10,412.9,
2026-01-07 12:32:02+05:30,NIFTY2621026400CE,26400.0,2026-02-10,412.9,
2026-01-07 12:32:03+05:30,NIFTY2621026400CE,26400.0,2026-02-10,412.9,
2026-01-07 12:32:04+05:30,NIFTY2621026400CE,26400.0,2026-02-10,412.9,
2026-01-07 12:32:05+05:30,NIFTY2621026400CE,26400.0,2026-02-10,412.9,
2026-01-07 12:32:06+05:30,NIFTY2621026400CE,26400.0,2026-02-10,412.9,
2026-01-07 12:32:07+05:30,NIFTY2621026400CE,26400.0,2026-02-10,412.9,
2026-01-07 12:32:08+05:30,NIFTY2621026400CE,26400.0,2026-02-10,412.9,
2026-01-07 12:32:09+05:30,NIFTY2621026400CE,26400.0,2026-02-10,412.9,
2026-01-07 12:32:10+05:30,NIFTY2621026400CE,26400.0,2026-02-10,412.9,
2026-01-07 12:32:11+05:30,NIFTY2621026400CE,26400.0,2026-02-10,412.9,
2026-01-07 12:32:12+05:30,NIFTY2621026400CE,26400.0,2026-02-10,412.9,
2026-01-07 12:32:13+05:30,NIFTY2621026400CE,26400.0,2026-02-10,412.9,
2026-01-07 12:32:14+05:30,NIFTY2621026400CE,26400.0,2026-02-10,412.9,
2026-01-07 12:32:15+05:30,NIFTY2621026400CE,26400.0,2026-02-10,412.9,
2026-01-07 12:32:16+05:30,NIFTY2621026400CE,26400.0,2026-02-10,412.9,
2026-01-07 12:32:17+05:30,NIFTY2621026400CE,26400.0,2026-02-10,412.9,
2026-01-07 12:32:18+05:30,NIFTY2621026400CE,26400.0,2026-02-10,412.9,
2026-01-07 12:32:19+05:30,NIFTY2621026400CE,26400.0,2026-02-10,412.9,
2026-01-07 12:32:20+05:30,NIFTY2621026400CE,26400.0,2026-02-10,412.9,
2026-01-07 12:32:21+05:30,NIFTY2621026400CE,26400.0,2026-02-10,412.9,
2026-01-07 12:32:22+05:30,NIFTY2621026400CE,26400.0,2026-02-10,412.9,
2026-01-07 12:32:23+05:30,NIFTY2621026400CE,26400.0,2026-02-10,412.9,
2026-01-07 12:32:24+05:30,NIFTY2621026400CE,26400.0,2026-02-10,412.9,
2026-01-07 12:32:25+05:30,NIFTY2621026400CE,26400.0,2026-02-10,412.9,
2026-01-07 12:32:26+05:30,NIFTY2621026400CE,26400.0,2026-02-10,412.9,
2026-01-07 12:32:27+05:30,NIFTY2621026400CE,26400.0,2026-02-10,412.9,
2026-01-07 12:32:28+05:30,NIFTY2621026400CE,26400.0,2026-02-10,412.9,
2026-01-07 12:32:29+05:30,NIFTY2621026400CE,26400.0,2026-02-10,412.9,
2026-01-07 12:32:30+05:30,NIFTY2621026400CE,26400.0,2026-02-10,412.9,
2026-01-07 12:32:31+05:30,NIFTY2621026400CE,26400.0,2026-02-10,412.9,
2026-01-07 12:32:32+05:30,NIFTY2621026400CE,26400.0,2026-02-10,412.9,
2026-01-07 12:32:33+05:30,NIFTY2621026400CE,26400.0,2026-02-10,412.9,
2026-01-07 12:32:34+05:30,NIFTY2621026400CE,26400.0,2026-02-10,412.9,
2026-01-07 12:32:35+05:30,NIFTY2621026400CE,26400.0,2026-02-10,412.9,
2026-01-07 12:32:36+05:30,NIFTY2621026400CE,26400.0,2026-02-10,412.9,
2026-01-07 12:32:37+05:30,NIFTY2621026400CE,26400.0,2026-02-10,412.9,
2026-01-07 12:32:38+05:30,NIFTY2621026400CE,26400.0,2026-02-10,412.9,
2026-01-07 12:32:39+05:30,NIFTY2621026400CE,26400.0,2026-02-10,412.9,
2026-01-07 12:32:40+05:30,NIFTY2621026400CE,26400.0,2026-02-10,412.9,
2026-01-07 12:32:41+05:30,NIFTY2621026400CE,26400.0,2026-02-10,412.9,
2026-01-07 12:32:42+05:30,NIFTY2621026400CE,26400.0,2026-02-10,412.9,
2026-01-07 12:32:43+05:30,NIFTY2621026400CE,26400.0,2026-02-10,412.9,
2026-01-07 12:32:44+05:30,NIFTY2621026400CE,26400.0,2026-02-10,412.9,
2026-01-07 12:32:45+05:30,NIFTY2621026400CE,26400.0,2026-02-10,412.9,
2026-01-07 12:32:46+05:30,NIFTY2621026400CE,26400.0,2026-02-10,412.9,
2026-01-07 12:32:47+05:30,NIFTY2621026400CE,26400.0,2026-02-10,412.9,
2026-01-07 12:32:48+05:30,NIFTY2621026400CE,26400.0,2026-02-10,412.9,
2026-01-07 12:32:49+05:30,NIFTY2621026400CE,26400.0,2026-02-10,412.9,
2026-01-07 12:32:50+05:30,NIFTY2621026400CE,26400.0,2026-02-10,412.9,
2026-01-07 12:32:51+05:30,NIFTY2621026400CE,26400.0,2026-02-10,412.9,
2026-01-07 12:32:52+05:30,NIFTY2621026400CE,26400.0,2026-02-10,412.9,
2026-01-07 12:32:53+05:30,NIFTY2621026400CE,26400.0,2026-02-10,412.9,
2026-01-07 12:32:54+05:30,NIFTY2621026400CE,26400.0,2026-02-10,412.9,
2026-01-07 12:32:55+05:30,NIFTY2621026400CE,26400.0,2026-02-10,412.9,
2026-01-07 12:32:56+05:30,NIFTY2621026400CE,26400.0,2026-02-10,412.9,
2026-01-07 12:32:57+05:30,NIFTY2621026400CE,26400.0,2026-02-10,412.9,
2026-01-07 12:32:58+05:30,NIFTY2621026400CE,26400.0,2026-02-10,412.9,
2026-01-07 12:32:59+05:30,NIFTY2621026400CE,26400.0,2026-02-10,412.9,
2026-01-07 12:33:00+05:30,NIFTY2621026400CE,26400.0,2026-02-10,412.9,
2026-01-07 12:33:01+05:30,NIFTY2621026400CE,26400.0,2026-02-10,412.9,
2026-01-07 12:33:02+05:30,NIFTY2621026400CE,26400.0,2026-02-10,412.9,
2026-01-07 12:33:03+05:30,NIFTY2621026400CE,26400.0,2026-02-10,412.9,
2026-01-07 12:33:04+05:30,NIFTY2621026400CE,26400.0,2026-02-10,412.9,
2026-01-07 12:33:05+05:30,NIFTY2621026400CE,26400.0,2026-02-10,412.9,
2026-01-07 12:33:06+05:30,NIFTY2621026400CE,26400.0,2026-02-10,412.9,
2026-01-07 12:33:07+05:30,NIFTY2621026400CE,26400.0,2026-02-10,412.9,
2026-01-07 12:33:08+05:30,NIFTY2621026400CE,26400.0,2026-02-10,412.9,
2026-01-07 12:33:09+05:30,NIFTY2621026400CE,26400.0,2026-02-10,412.9,
2026-01-07 12:33:10+05:30,NIFTY2621026400CE,26400.0,2026-02-10,412.9,
2026-01-07 12:33:11+05:30,NIFTY2621026400CE,26400.0,2026-02-10,412.9,
2026-01-07 12:33:12+05:30,NIFTY2621026400CE,26400.0,2026-02-10,412.9,
2026-01-07 12:33:13+05:30,NIFTY2621026400CE,26400.0,2026-02-10,412.9,
2026-01-07 12:33:14+05:30,NIFTY2621026400CE,26400.0,2026-02-10,412.9,
2026-01-07 12:33:15+05:30,NIFTY2621026400CE,26400.0,2026-02-10,412.9,
2026-01-07 12:33:16+05:30,NIFTY2621026400CE,26400.0,2026-02-10,412.9,
2026-01-07 12:33:17+05:30,NIFTY2621026400CE,26400.0,2026-02-10,412.9,
2026-01-07 12:33:18+05:30,NIFTY2621026400CE,26400.0,2026-02-10,412.9,
2026-01-07 12:33:19+05:30,NIFTY2621026400CE,26400.0,2026-02-10,412.9,
2026-01-07 12:33:20+05:30,NIFTY2621026400CE,26400.0,2026-02-10,412.9,
2026-01-07 12:33:21+05:30,NIFTY2621026400CE,26400.0,2026-02-10,412.9,
2026-01-07 12:33:22+05:30,NIFTY2621026400CE,26400.0,2026-02-10,412.9,
2026-01-07 12:33:23+05:30,NIFTY2621026400CE,26400.0,2026-02-10,412.9,
2026-01-07 12:33:24+05:30,NIFTY2621026400CE,26400.0,2026-02-10,412.9,
2026-01-07 12:33:25+05:30,NIFTY2621026400CE,26400.0,2026-02-10,412.9,
2026-01-07 12:33:26+05:30,NIFTY2621026400CE,26400.0,2026-02-10,412.9,
2026-01-07 12:33:27+05:30,NIFTY2621026400CE,26400.0,2026-02-10,412.9,
2026-01-07 12:33:28+05:30,NIFTY2621026400CE,26400.0,2026-02-10,412.9,
2026-01-07 12:33:29+05:30,NIFTY2621026400CE,26400.0,2026-02-10,412.9,
2026-01-07 12:33:30+05:30,NIFTY2621026400CE,26400.0,2026-02-10,412.9,
2026-01-07 12:33:31+05:30,NIFTY2621026400CE,26400.0,2026-02-10,412.9,
2026-01-07 12:33:32+05:30,NIFTY2621026400CE,26400.0,2026-02-10,412.9,
2026-01-07 12:33:33+05:30,NIFTY2621026400CE,26400.0,2026-02-10,412.9,
2026-01-07 12:33:34+05:30,NIFTY2621026400CE,26400.0,2026-02-10,412.9,
2026-01-07 12:33:35+05:30,NIFTY2621026400CE,26400.0,2026-02-10,412.9,
2026-01-07 12:33:36+05:30,NIFTY2621026400CE,26400.0,2026-02-10,412.9,
2026-01-07 12:33:37+05:30,NIFTY2621026400CE,26400.0,2026-02-10,412.9,
2026-01-07 12:33:38+05:30,NIFTY2621026400CE,26400.0,2026-02-10,412.9,
2026-01-07 12:33:39+05:30,NIFTY2621026400CE,26400.0,2026-02-10,412.9,
2026-01-07 12:33:40+05:30,NIFTY2621026400CE,26400.0,2026-02-10,412.9,
2026-01-07 12:33:41+05:30,NIFTY2621026400CE,26400.0,2026-02-10,412.9,
2026-01-07 12:33:42+05:30,NIFTY2621026400CE,26400.0,2026-02-10,412.9,
2026-01-07 12:33:43+05:30,NIFTY2621026400CE,26400.0,2026-02-10,412.9,
2026-01-07 12:33:44+05:30,NIFTY2621026400CE,26400.0,2026-02-10,412.9,
2026-01-07 12:33:45+05:30,NIFTY2621026400CE,26400.0,2026-02-10,412.9,
2026-01-07 12:33:46+05:30,NIFTY2621026400CE,26400.0,2026-02-10,412.9,
2026-01-07 12:33:47+05:30,NIFTY2621026400CE,26400.0,2026-02-10,412.9,
2026-01-07 12:33:48+05:30,NIFTY2621026400CE,26400.0,2026-02-10,412.9,
2026-01-07 12:33:49+05:30,NIFTY2621026400CE,26400.0,2026-02-10,412.9,
2026-01-07 12:33:50+05:30,NIFTY2621026400CE,26400.0,2026-02-10,412.9,
2026-01-07 12:33:51+05:30,NIFTY2621026400CE,26400.0,2026-02-10,412.9,
2026-01-07 12:33:52+05:30,NIFTY2621026400CE,26400.0,2026-02-10,412.9,
2026-01-07 12:33:53+05:30,NIFTY2621026400CE,26400.0,2026-02-10,412.9,
2026-01-07 12:33:54+05:30,NIFTY2621026400CE,26400.0,2026-02-10,412.9,
2026-01-07 12:33:55+05:30,NIFTY2621026400CE,26400.0,2026-02-10,412.9,
2026-01-07 12:33:56+05:30,NIFTY2621026400CE,26400.0,2026-02-10,412.9,
2026-01-07 12:33:57+05:30,NIFTY2621026400CE,26400.0,2026-02-10,412.9,
2026-01-07 12:33:58+05:30,NIFTY2621026400CE,26400.0,2026-02-10,412.9,
2026-01-07 12:33:59+05:30,NIFTY2621026400CE,26400.0,2026-02-10,412.9,
2026-01-07 12:34:00+05:30,NIFTY2621026400CE,26400.0,2026-02-10,412.9,
2026-01-07 12:34:01+05:30,NIFTY2621026400CE,26400.0,2026-02-10,412.9,
2026-01-07 12:34:02+05:30,NIFTY2621026400CE,26400.0,2026-02-10,412.9,
2026-01-07 12:34:03+05:30,NIFTY2621026400CE,26400.0,2026-02-10,412.9,
2026-01-07 12:34:04+05:30,NIFTY2621026400CE,26400.0,2026-02-10,412.9,
2026-01-07 12:34:05+05:30,NIFTY2621026400CE,26400.0,2026-02-10,412.9,
2026-01-07 12:34:06+05:30,NIFTY2621026400CE,26400.0,2026-02-10,412.9,
2026-01-07 12:34:07+05:30,NIFTY2621026400CE,26400.0,2026-02-10,412.9,
2026-01-07 12:34:08+05:30,NIFTY2621026400CE,26400.0,2026-02-10,412.9,
2026-01-07 12:34:09+05:30,NIFTY2621026400CE,26400.0,2026-02-10,412.9,
2026-01-07 12:34:10+05:30,NIFTY2621026400CE,26400.0,2026-02-10,412.9,
2026-01-07 12:34:11+05:30,NIFTY2621026400CE,26400.0,2026-02-10,412.9,
2026-01-07 12:34:12+05:30,NIFTY2621026400CE,26400.0,2026-02-10,412.9,
2026-01-07 12:34:13+05:30,NIFTY2621026400CE,26400.0,2026-02-10,412.9,
2026-01-07 12:34:14+05:30,NIFTY2621026400CE,26400.0,2026-02-10,412.9,
2026-01-07 12:34:15+05:30,NIFTY2621026400CE,26400.0,2026-02-10,412.9,
2026-01-07 12:34:16+05:30,NIFTY2621026400CE,26400.0,2026-02-10,412.9,
2026-01-07 12:34:17+05:30,NIFTY2621026400CE,26400.0,2026-02-10,412.9,
2026-01-07 12:34:18+05:30,NIFTY2621026400CE,26400.0,2026-02-10,412.9,
2026-01-07 12:34:19+05:30,NIFTY2621026400CE,26400.0,2026-02-10,412.9,
2026-01-07 12:34:20+05:30,NIFTY2621026400CE,26400.0,2026-02-10,412.9,
2026-01-07 12:34:21+05:30,NIFTY2621026400CE,26400.0,2026-02-10,412.9,
2026-01-07 12:34:22+05:30,NIFTY2621026400CE,26400.0,2026-02-10,412.9,
2026-01-07 12:34:23+05:30,NIFTY2621026400CE,26400.0,2026-02-10,412.9,
2026-01-07 12:34:24+05:30,NIFTY2621026400CE,26400.0,2026-02-10,412.9,
2026-01-07 12:34:25+05:30,NIFTY2621026400CE,26400.0,2026-02-10,412.9,
2026-01-07 12:34:26+05:30,NIFTY2621026400CE,26400.0,2026-02-10,412.9,
2026-01-07 12:34:27+05:30,NIFTY2621026400CE,26400.0,2026-02-10,412.9,
2026-01-07 12:34:28+05:30,NIFTY2621026400CE,26400.0,2026-02-10,412.9,
2026-01-07 12:34:29+05:30,NIFTY2621026400CE,26400.0,2026-02-10,412.9,
2026-01-07 12:34:30+05:30,NIFTY2621026400CE,26400.0,2026-02-10,412.9,
2026-01-07 12:34:31+05:30,NIFTY2621026400CE,26400.0,2026-02-10,412.9,
2026-01-07 12:34:32+05:30,NIFTY2621026400CE,26400.0,2026-02-10,412.9,
2026-01-07 12:34:33+05:30,NIFTY2621026400CE,26400.0,2026-02-10,412.9,
2026-01-07 12:34:34+05:30,NIFTY2621026400CE,26400.0,2026-02-10,412.9,
2026-01-07 12:34:35+05:30,NIFTY2621026400CE,26400.0,2026-02-10,412.9,
2026-01-07 12:34:36+05:30,NIFTY2621026400CE,26400.0,2026-02-10,412.9,
2026-01-07 12:34:37+05:30,NIFTY2621026400CE,26400.0,2026-02-10,412.9,
2026-01-07 12:34:38+05:30,NIFTY2621026400CE,26400.0,2026-02-10,412.9,
2026-01-07 12:34:39+05:30,NIFTY2621026400CE,26400.0,2026-02-10,412.9,
2026-01-07 12:34:40+05:30,NIFTY2621026400CE,26400.0,2026-02-10,412.9,
2026-01-07 12:34:41+05:30,NIFTY2621026400CE,26400.0,2026-02-10,412.9,
2026-01-07 12:34:42+05:30,NIFTY2621026400CE,26400.0,2026-02-10,412.9,
2026-01-07 12:34:43+05:30,NIFTY2621026400CE,26400.0,2026-02-10,412.9,
2026-01-07 12:34:44+05:30,NIFTY2621026400CE,26400.0,2026-02-10,412.9,
2026-01-07 12:34:45+05:30,NIFTY2621026400CE,26400.0,2026-02-10,412.9,
2026-01-07 12:34:46+05:30,NIFTY2621026400CE,26400.0,2026-02-10,412.9,
2026-01-07 12:34:47+05:30,NIFTY2621026400CE,26400.0,2026-02-10,412.9,
2026-01-07 12:34:48+05:30,NIFTY2621026400CE,26400.0,2026-02-10,412.9,
2026-01-07 12:34:49+05:30,NIFTY2621026400CE,26400.0,2026-02-10,412.9,
2026-01-07 12:34:50+05:30,NIFTY2621026400CE,26400.0,2026-02-10,412.9,
2026-01-07 12:34:51+05:30,NIFTY2621026400CE,26400.0,2026-02-10,412.9,
2026-01-07 12:34:52+05:30,NIFTY2621026400CE,26400.0,2026-02-10,412.9,
2026-01-07 12:34:53+05:30,NIFTY2621026400CE,26400.0,2026-02-10,412.9,
2026-01-07 12:34:54+05:30,NIFTY2621026400CE,26400.0,2026-02-10,412.9,
2026-01-07 12:34:55+05:30,NIFTY2621026400CE,26400.0,2026-02-10,412.9,
2026-01-07 12:34:56+05:30,NIFTY2621026400CE,26400.0,2026-02-10,412.9,
2026-01-07 12:34:57+05:30,NIFTY2621026400CE,26400.0,2026-02-10,412.9,
2026-01-07 12:34:58+05:30,NIFTY2621026400CE,26400.0,2026-02-10,412.9,
2026-01-07 12:34:59+05:30,NIFTY2621026400CE,26400.0,2026-02-10,412.9,
2026-01-07 12:35:00+05:30,NIFTY2621026400CE,26400.0,2026-02-10,412.9,
2026-01-07 12:35:01+05:30,NIFTY2621026400CE,26400.0,2026-02-10,412.9,
2026-01-07 12:35:02+05:30,NIFTY2621026400CE,26400.0,2026-02-10,412.9,
2026-01-07 12:35:03+05:30,NIFTY2621026400CE,26400.0,2026-02-10,412.9,
2026-01-07 12:35:04+05:30,NIFTY2621026400CE,26400.0,2026-02-10,412.9,
2026-01-07 12:35:05+05:30,NIFTY2621026400CE,26400.0,2026-02-10,412.9,
2026-01-07 12:35:06+05:30,NIFTY2621026400CE,26400.0,2026-02-10,412.9,
2026-01-07 12:35:07+05:30,NIFTY2621026400CE,26400.0,2026-02-10,412.9,
2026-01-07 12:35:08+05:30,NIFTY2621026400CE,26400.0,2026-02-10,412.9,
2026-01-07 12:35:09+05:30,NIFTY2621026400CE,26400.0,2026-02-10,412.9,
2026-01-07 12:35:10+05:30,NIFTY2621026400CE,26400.0,2026-02-10,412.9,
2026-01-07 12:35:11+05:30,NIFTY2621026400CE,26400.0,2026-02-10,412.9,
2026-01-07 12:35:12+05:30,NIFTY2621026400CE,26400.0,2026-02-10,412.9,
2026-01-07 12:35:13+05:30,NIFTY2621026400CE,26400.0,2026-02-10,412.9,
2026-01-07 12:35:14+05:30,NIFTY2621026400CE,26400.0,2026-02-10,412.9,
2026-01-07 12:35:15+05:30,NIFTY2621026400CE,26400.0,2026-02-10,412.9,
2026-01-07 12:35:16+05:30,NIFTY2621026400CE,26400.0,2026-02-10,412.9,
2026-01-07 12:35:17+05:30,NIFTY2621026400CE,26400.0,2026-02-10,412.9,
2026-01-07 12:35:18+05:30,NIFTY2621026400CE,26400.0,2026-02-10,412.9,
2026-01-07 12:35:19+05:30,NIFTY2621026400CE,26400.0,2026-02-10,412.9,
2026-01-07 12:35:20+05:30,NIFTY2621026400CE,26400.0,2026-02-10,412.9,
2026-01-07 12:35:21+05:30,NIFTY2621026400CE,26400.0,2026-02-10,412.9,
2026-01-07 12:35:22+05:30,NIFTY2621026400CE,26400.0,2026-02-10,412.9,
2026-01-07 12:35:23+05:30,NIFTY2621026400CE,26400.0,2026-02-10,412.9,
2026-01-07 12:35:24+05:30,NIFTY2621026400CE,26400.0,2026-02-10,412.9,
2026-01-07 12:35:25+05:30,NIFTY2621026400CE,26400.0,2026-02-10,412.9,
2026-01-07 12:35:26+05:30,NIFTY2621026400CE,26400.0,2026-02-10,412.9,
2026-01-07 12:35:27+05:30,NIFTY2621026400CE,26400.0,2026-02-10,412.9,
2026-01-07 12:35:28+05:30,NIFTY2621026400CE,26400.0,2026-02-10,412.9,
2026-01-07 12:35:29+05:30,NIFTY2621026400CE,26400.0,2026-02-10,412.9,
2026-01-07 12:35:30+05:30,NIFTY2621026400CE,26400.0,2026-02-10,412.9,
2026-01-07 12:35:31+05:30,NIFTY2621026400CE,26400.0,2026-02-10,412.9,
2026-01-07 12:35:32+05:30,NIFTY2621026400CE,26400.0,2026-02-10,412.9,
2026-01-07 12:35:33+05:30,NIFTY2621026400CE,26400.0,2026-02-10,412.9,
2026-01-07 12:35:34+05:30,NIFTY2621026400CE,26400.0,2026-02-10,412.9,
2026-01-07 12:35:35+05:30,NIFTY2621026400CE,26400.0,2026-02-10,412.9,
2026-01-07 12:35:36+05:30,NIFTY2621026400CE,26400.0,2026-02-10,412.9,
2026-01-07 12:35:37+05:30,NIFTY2621026400CE,26400.0,2026-02-10,412.9,
2026-01-07 12:35:38+05:30,NIFTY2621026400CE,26400.0,2026-02-10,412.9,
2026-01-07 12:35:39+05:30,NIFTY2621026400CE,26400.0,2026-02-10,412.9,
2026-01-07 12:35:40+05:30,NIFTY2621026400CE,26400.0,2026-02-10,412.9,
2026-01-07 12:35:41+05:30,NIFTY2621026400CE,26400.0,2026-02-10,412.9,
2026-01-07 12:35:42+05:30,NIFTY2621026400CE,26400.0,2026-02-10,412.9,
2026-01-07 12:35:43+05:30,NIFTY2621026400CE,26400.0,2026-02-10,412.9,
2026-01-07 12:35:44+05:30,NIFTY2621026400CE,26400.0,2026-02-10,412.9,
2026-01-07 12:35:45+05:30,NIFTY2621026400CE,26400.0,2026-02-10,412.9,
2026-01-07 12:35:46+05:30,NIFTY2621026400CE,26400.0,2026-02-10,412.9,
2026-01-07 12:35:47+05:30,NIFTY2621026400CE,26400.0,2026-02-10,412.9,
2026-01-07 12:35:48+05:30,NIFTY2621026400CE,26400.0,2026-02-10,412.9,
2026-01-07 12:35:49+05:30,NIFTY2621026400CE,26400.0,2026-02-10,412.9,
2026-01-07 12:35:50+05:30,NIFTY2621026400CE,26400.0,2026-02-10,412.9,
2026-01-07 12:35:51+05:30,NIFTY2621026400CE,26400.0,2026-02-10,412.9,
2026-01-07 12:35:52+05:30,NIFTY2621026400CE,26400.0,2026-02-10,412.9,
2026-01-07 12:35:53+05:30,NIFTY2621026400CE,26400.0,2026-02-10,412.9,
2026-01-07 12:35:54+05:30,NIFTY2621026400CE,26400.0,2026-02-10,412.9,
2026-01-07 12:35:55+05:30,NIFTY2621026400CE,26400.0,2026-02-10,412.9,
2026-01-07 12:35:56+05:30,NIFTY2621026400CE,26400.0,2026-02-10,412.9,
2026-01-07 12:35:57+05:30,NIFTY2621026400CE,26400.0,2026-02-10,412.9,
2026-01-07 12:35:58+05:30,NIFTY2621026400CE,26400.0,2026-02-10,412.9,
2026-01-07 12:35:59+05:30,NIFTY2621026400CE,26400.0,2026-02-10,412.9,
2026-01-07 12:36:00+05:30,NIFTY2621026400CE,26400.0,2026-02-10,412.9,
2026-01-07 12:36:01+05:30,NIFTY2621026400CE,26400.0,2026-02-10,412.9,
2026-01-07 12:36:02+05:30,NIFTY2621026400CE,26400.0,2026-02-10,412.9,
2026-01-07 12:36:03+05:30,NIFTY2621026400CE,26400.0,2026-02-10,412.9,
2026-01-07 12:36:04+05:30,NIFTY2621026400CE,26400.0,2026-02-10,412.9,
2026-01-07 12:36:05+05:30,NIFTY2621026400CE,26400.0,2026-02-10,412.9,
2026-01-07 12:36:06+05:30,NIFTY2621026400CE,26400.0,2026-02-10,412.9,
2026-01-07 12:36:07+05:30,NIFTY2621026400CE,26400.0,2026-02-10,412.9,
2026-01-07 12:36:08+05:30,NIFTY2621026400CE,26400.0,2026-02-10,412.9,
2026-01-07 12:36:09+05:30,NIFTY2621026400CE,26400.0,2026-02-10,412.9,
2026-01-07 12:36:10+05:30,NIFTY2621026400CE,26400.0,2026-02-10,412.9,
2026-01-07 12:36:11+05:30,NIFTY2621026400CE,26400.0,2026-02-10,412.9,
2026-01-07 12:36:12+05:30,NIFTY2621026400CE,26400.0,2026-02-10,412.9,
2026-01-07 12:36:13+05:30,NIFTY2621026400CE,26400.0,2026-02-10,412.9,
2026-01-07 12:36:14+05:30,NIFTY2621026400CE,26400.0,2026-02-10,412.9,
2026-01-07 12:36:15+05:30,NIFTY2621026400CE,26400.0,2026-02-10,412.9,
2026-01-07 12:36:16+05:30,NIFTY2621026400CE,26400.0,2026-02-10,412.9,
2026-01-07 12:36:17+05:30,NIFTY2621026400CE,26400.0,2026-02-10,412.9,
2026-01-07 12:36:18+05:30,NIFTY2621026400CE,26400.0,2026-02-10,412.9,
2026-01-07 12:36:19+05:30,NIFTY2621026400CE,26400.0,2026-02-10,412.9,
2026-01-07 12:36:20+05:30,NIFTY2621026400CE,26400.0,2026-02-10,412.9,
2026-01-07 12:36:21+05:30,NIFTY2621026400CE,26400.0,2026-02-10,412.9,
2026-01-07 12:36:22+05:30,NIFTY2621026400CE,26400.0,2026-02-10,412.9,
2026-01-07 12:36:23+05:30,NIFTY2621026400CE,26400.0,2026-02-10,412.9,
2026-01-07 12:36:24+05:30,NIFTY2621026400CE,26400.0,2026-02-10,412.9,
2026-01-07 12:36:25+05:30,NIFTY2621026400CE,26400.0,2026-02-10,412.9,
2026-01-07 12:36:26+05:30,NIFTY2621026400CE,26400.0,2026-02-10,412.9,
2026-01-07 12:36:27+05:30,NIFTY2621026400CE,26400.0,2026-02-10,412.9,
2026-01-07 12:36:28+05:30,NIFTY2621026400CE,26400.0,2026-02-10,412.9,
2026-01-07 12:36:29+05:30,NIFTY2621026400CE,26400.0,2026-02-10,412.9,
2026-01-07 12:36:30+05:30,NIFTY2621026400CE,26400.0,2026-02-10,412.9,
2026-01-07 12:36:31+05:30,NIFTY2621026400CE,26400.0,2026-02-10,412.9,
2026-01-07 12:36:32+05:30,NIFTY2621026400CE,26400.0,2026-02-10,412.9,
2026-01-07 12:36:33+05:30,NIFTY2621026400CE,26400.0,2026-02-10,412.9,
2026-01-07 12:36:34+05:30,NIFTY2621026400CE,26400.0,2026-02-10,412.9,
2026-01-07 12:36:35+05:30,NIFTY2621026400CE,26400.0,2026-02-10,412.9,
2026-01-07 12:36:36+05:30,NIFTY2621026400CE,26400.0,2026-02-10,412.9,
2026-01-07 12:36:37+05:30,NIFTY2621026400CE,26400.0,2026-02-10,412.9,
2026-01-07 12:36:38+05:30,NIFTY2621026400CE,26400.0,2026-02-10,412.9,
2026-01-07 12:36:39+05:30,NIFTY2621026400CE,26400.0,2026-02-10,412.9,
2026-01-07 12:36:40+05:30,NIFTY2621026400CE,26400.0,2026-02-10,412.9,
2026-01-07 12:36:41+05:30,NIFTY2621026400CE,26400.0,2026-02-10,412.9,
2026-01-07 12:36:42+05:30,NIFTY2621026400CE,26400.0,2026-02-10,412.9,
2026-01-07 12:36:43+05:30,NIFTY2621026400CE,26400.0,2026-02-10,412.9,
2026-01-07 12:36:44+05:30,NIFTY2621026400CE,26400.0,2026-02-10,412.9,
2026-01-07 12:36:45+05:30,NIFTY2621026400CE,26400.0,2026-02-10,412.9,
2026-01-07 12:36:46+05:30,NIFTY2621026400CE,26400.0,2026-02-10,412.9,
2026-01-07 12:36:47+05:30,NIFTY2621026400CE,26400.0,2026-02-10,412.9,
2026-01-07 12:36:48+05:30,NIFTY2621026400CE,26400.0,2026-02-10,412.9,
2026-01-07 12:36:49+05:30,NIFTY2621026400CE,26400.0,2026-02-10,412.9,
2026-01-07 12:36:50+05:30,NIFTY2621026400CE,26400.0,2026-02-10,412.9,
2026-01-07 12:36:51+05:30,NIFTY2621026400CE,26400.0,2026-02-10,412.9,
2026-01-07 12:36:52+05:30,NIFTY2621026400CE,26400.0,2026-02-10,412.9,
2026-01-07 12:36:53+05:30,NIFTY2621026400CE,26400.0,2026-02-10,412.9,
2026-01-07 12:36:54+05:30,NIFTY2621026400CE,26400.0,2026-02-10,412.9,
2026-01-07 12:36:55+05:30,NIFTY2621026400CE,26400.0,2026-02-10,412.9,
2026-01-07 12:36:56+05:30,NIFTY2621026400CE,26400.0,2026-02-10,412.9,
2026-01-07 12:36:57+05:30,NIFTY2621026400CE,26400.0,2026-02-10,412.9,
2026-01-07 12:36:58+05:30,NIFTY2621026400CE,26400.0,2026-02-10,412.9,
2026-01-07 12:36:59+05:30,NIFTY2621026400CE,26400.0,2026-02-10,412.9,
2026-01-07 12:37:00+05:30,NIFTY2621026400CE,26400.0,2026-02-10,412.9,
2026-01-07 12:37:01+05:30,NIFTY2621026400CE,26400.0,2026-02-10,412.9,
2026-01-07 12:37:02+05:30,NIFTY2621026400CE,26400.0,2026-02-10,412.9,
2026-01-07 12:37:03+05:30,NIFTY2621026400CE,26400.0,2026-02-10,412.9,
2026-01-07 12:37:04+05:30,NIFTY2621026400CE,26400.0,2026-02-10,412.9,
2026-01-07 12:37:05+05:30,NIFTY2621026400CE,26400.0,2026-02-10,412.9,
2026-01-07 12:37:06+05:30,NIFTY2621026400CE,26400.0,2026-02-10,412.9,
2026-01-07 12:37:07+05:30,NIFTY2621026400CE,26400.0,2026-02-10,412.9,
2026-01-07 12:37:08+05:30,NIFTY2621026400CE,26400.0,2026-02-10,412.9,
2026-01-07 12:37:09+05:30,NIFTY2621026400CE,26400.0,2026-02-10,412.9,
2026-01-07 12:37:10+05:30,NIFTY2621026400CE,26400.0,2026-02-10,412.9,
2026-01-07 12:37:11+05:30,NIFTY2621026400CE,26400.0,2026-02-10,412.9,
2026-01-07 12:37:12+05:30,NIFTY2621026400CE,26400.0,2026-02-10,412.9,
2026-01-07 12:37:13+05:30,NIFTY2621026400CE,26400.0,2026-02-10,412.9,
2026-01-07 12:37:14+05:30,NIFTY2621026400CE,26400.0,2026-02-10,412.9,
2026-01-07 12:37:15+05:30,NIFTY2621026400CE,26400.0,2026-02-10,412.9,
2026-01-07 12:37:16+05:30,NIFTY2621026400CE,26400.0,2026-02-10,412.9,
2026-01-07 12:37:17+05:30,NIFTY2621026400CE,26400.0,2026-02-10,412.9,
2026-01-07 12:37:18+05:30,NIFTY2621026400CE,26400.0,2026-02-10,412.9,
2026-01-07 12:37:19+05:30,NIFTY2621026400CE,26400.0,2026-02-10,412.9,
2026-01-07 12:37:20+05:30,NIFTY2621026400CE,26400.0,2026-02-10,412.9,
2026-01-07 12:37:21+05:30,NIFTY2621026400CE,26400.0,2026-02-10,412.9,
2026-01-07 12:37:22+05:30,NIFTY2621026400CE,26400.0,2026-02-10,412.9,
2026-01-07 12:37:23+05:30,NIFTY2621026400CE,26400.0,2026-02-10,412.9,
2026-01-07 12:37:24+05:30,NIFTY2621026400CE,26400.0,2026-02-10,412.9,
2026-01-07 12:37:25+05:30,NIFTY2621026400CE,26400.0,2026-02-10,412.9,
2026-01-07 12:37:26+05:30,NIFTY2621026400CE,26400.0,2026-02-10,412.9,
2026-01-07 12:37:27+05:30,NIFTY2621026400CE,26400.0,2026-02-10,412.9,
2026-01-07 12:37:28+05:30,NIFTY2621026400CE,26400.0,2026-02-10,412.9,
2026-01-07 12:37:29+05:30,NIFTY2621026400CE,26400.0,2026-02-10,412.9,
2026-01-07 12:37:30+05:30,NIFTY2621026400CE,26400.0,2026-02-10,412.9,
2026-01-07 12:37:31+05:30,NIFTY2621026400CE,26400.0,2026-02-10,412.9,
2026-01-07 12:37:32+05:30,NIFTY2621026400CE,26400.0,2026-02-10,412.9,
2026-01-07 12:37:33+05:30,NIFTY2621026400CE,26400.0,2026-02-10,412.9,
2026-01-07 12:37:34+05:30,NIFTY2621026400CE,26400.0,2026-02-10,412.9,
2026-01-07 12:37:35+05:30,NIFTY2621026400CE,26400.0,2026-02-10,412.9,
2026-01-07 12:37:36+05:30,NIFTY2621026400CE,26400.0,2026-02-10,412.9,
2026-01-07 12:37:37+05:30,NIFTY2621026400CE,26400.0,2026-02-10,412.9,
2026-01-07 12:37:38+05:30,NIFTY2621026400CE,26400.0,2026-02-10,412.9,
2026-01-07 12:37:39+05:30,NIFTY2621026400CE,26400.0,2026-02-10,412.9,
2026-01-07 12:37:40+05:30,NIFTY2621026400CE,26400.0,2026-02-10,412.9,
2026-01-07 12:37:41+05:30,NIFTY2621026400CE,26400.0,2026-02-10,412.9,
2026-01-07 12:37:42+05:30,NIFTY2621026400CE,26400.0,2026-02-10,412.9,
2026-01-07 12:37:43+05:30,NIFTY2621026400CE,26400.0,2026-02-10,412.9,
2026-01-07 12:37:44+05:30,NIFTY2621026400CE,26400.0,2026-02-10,412.9,
2026-01-07 12:37:45+05:30,NIFTY2621026400CE,26400.0,2026-02-10,412.9,
2026-01-07 12:37:46+05:30,NIFTY2621026400CE,26400.0,2026-02-10,412.9,
2026-01-07 12:37:47+05:30,NIFTY2621026400CE,26400.0,2026-02-10,412.9,
2026-01-07 12:37:48+05:30,NIFTY2621026400CE,26400.0,2026-02-10,412.9,
2026-01-07 12:37:49+05:30,NIFTY2621026400CE,26400.0,2026-02-10,412.9,
2026-01-07 12:37:50+05:30,NIFTY2621026400CE,26400.0,2026-02-10,412.9,
2026-01-07 12:37:51+05:30,NIFTY2621026400CE,26400.0,2026-02-10,412.9,
2026-01-07 12:37:52+05:30,NIFTY2621026400CE,26400.0,2026-02-10,412.9,
2026-01-07 12:37:53+05:30,NIFTY2621026400CE,26400.0,2026-02-10,412.9,
2026-01-07 12:37:54+05:30,NIFTY2621026400CE,26400.0,2026-02-10,412.9,
2026-01-07 12:37:55+05:30,NIFTY2621026400CE,26400.0,2026-02-10,412.9,
2026-01-07 12:37:56+05:30,NIFTY2621026400CE,26400.0,2026-02-10,412.9,
2026-01-07 12:37:57+05:30,NIFTY2621026400CE,26400.0,2026-02-10,412.9,
2026-01-07 12:37:58+05:30,NIFTY2621026400CE,26400.0,2026-02-10,412.9,
2026-01-07 12:37:59+05:30,NIFTY2621026400CE,26400.0,2026-02-10,412.9,
2026-01-07 12:38:00+05:30,NIFTY2621026400CE,26400.0,2026-02-10,412.9,
2026-01-07 12:38:01+05:30,NIFTY2621026400CE,26400.0,2026-02-10,412.9,
2026-01-07 12:38:02+05:30,NIFTY2621026400CE,26400.0,2026-02-10,412.9,
2026-01-07 12:38:03+05:30,NIFTY2621026400CE,26400.0,2026-02-10,412.9,
2026-01-07 12:38:04+05:30,NIFTY2621026400CE,26400.0,2026-02-10,412.9,
2026-01-07 12:38:05+05:30,NIFTY2621026400CE,26400.0,2026-02-10,412.9,
2026-01-07 12:38:06+05:30,NIFTY2621026400CE,26400.0,2026-02-10,412.9,
2026-01-07 12:38:07+05:30,NIFTY2621026400CE,26400.0,2026-02-10,412.9,
2026-01-07 12:38:08+05:30,NIFTY2621026400CE,26400.0,2026-02-10,412.9,
2026-01-07 12:38:09+05:30,NIFTY2621026400CE,26400.0,2026-02-10,412.9,
2026-01-07 12:38:10+05:30,NIFTY2621026400CE,26400.0,2026-02-10,412.9,
2026-01-07 12:38:11+05:30,NIFTY2621026400CE,26400.0,2026-02-10,412.9,
2026-01-07 12:38:12+05:30,NIFTY2621026400CE,26400.0,2026-02-10,412.9,
2026-01-07 12:38:13+05:30,NIFTY2621026400CE,26400.0,2026-02-10,412.9,
2026-01-07 12:38:14+05:30,NIFTY2621026400CE,26400.0,2026-02-10,412.9,
2026-01-07 12:38:15+05:30,NIFTY2621026400CE,26400.0,2026-02-10,412.9,
2026-01-07 12:38:16+05:30,NIFTY2621026400CE,26400.0,2026-02-10,412.9,
2026-01-07 12:38:17+05:30,NIFTY2621026400CE,26400.0,2026-02-10,412.9,
2026-01-07 12:38:18+05:30,NIFTY2621026400CE,26400.0,2026-02-10,412.9,
2026-01-07 12:38:19+05:30,NIFTY2621026400CE,26400.0,2026-02-10,412.9,
2026-01-07 12:38:20+05:30,NIFTY2621026400CE,26400.0,2026-02-10,412.9,
2026-01-07 12:38:21+05:30,NIFTY2621026400CE,26400.0,2026-02-10,412.9,
2026-01-07 12:38:22+05:30,NIFTY2621026400CE,26400.0,2026-02-10,412.9,
2026-01-07 12:38:23+05:30,NIFTY2621026400CE,26400.0,2026-02-10,412.9,
2026-01-07 12:38:24+05:30,NIFTY2621026400CE,26400.0,2026-02-10,412.9,
2026-01-07 12:38:25+05:30,NIFTY2621026400CE,26400.0,2026-02-10,412.9,
2026-01-07 12:38:26+05:30,NIFTY2621026400CE,26400.0,2026-02-10,412.9,
2026-01-07 12:38:27+05:30,NIFTY2621026400CE,26400.0,2026-02-10,412.9,
2026-01-07 12:38:28+05:30,NIFTY2621026400CE,26400.0,2026-02-10,412.9,
2026-01-07 12:38:29+05:30,NIFTY2621026400CE,26400.0,2026-02-10,412.9,
2026-01-07 12:38:30+05:30,NIFTY2621026400CE,26400.0,2026-02-10,412.9,
2026-01-07 12:38:31+05:30,NIFTY2621026400CE,26400.0,2026-02-10,412.9,
2026-01-07 12:38:32+05:30,NIFTY2621026400CE,26400.0,2026-02-10,412.9,
2026-01-07 12:38:33+05:30,NIFTY2621026400CE,26400.0,2026-02-10,412.9,
2026-01-07 12:38:34+05:30,NIFTY2621026400CE,26400.0,2026-02-10,412.9,
2026-01-07 12:38:35+05:30,NIFTY2621026400CE,26400.0,2026-02-10,412.9,
2026-01-07 12:38:36+05:30,NIFTY2621026400CE,26400.0,2026-02-10,412.9,
2026-01-07 12:38:37+05:30,NIFTY2621026400CE,26400.0,2026-02-10,412.9,
2026-01-07 12:38:38+05:30,NIFTY2621026400CE,26400.0,2026-02-10,412.9,
2026-01-07 12:38:39+05:30,NIFTY2621026400CE,26400.0,2026-02-10,412.9,
2026-01-07 12:38:40+05:30,NIFTY2621026400CE,26400.0,2026-02-10,412.9,
2026-01-07 12:38:41+05:30,NIFTY2621026400CE,26400.0,2026-02-10,412.9,
2026-01-07 12:38:42+05:30,NIFTY2621026400CE,26400.0,2026-02-10,412.9,
2026-01-07 12:38:43+05:30,NIFTY2621026400CE,26400.0,2026-02-10,412.9,
2026-01-07 12:38:44+05:30,NIFTY2621026400CE,26400.0,2026-02-10,412.9,
2026-01-07 12:38:45+05:30,NIFTY2621026400CE,26400.0,2026-02-10,412.9,
2026-01-07 12:38:46+05:30,NIFTY2621026400CE,26400.0,2026-02-10,412.9,
2026-01-07 12:38:47+05:30,NIFTY2621026400CE,26400.0,2026-02-10,412.9,
2026-01-07 12:38:48+05:30,NIFTY2621026400CE,26400.0,2026-02-10,412.9,
2026-01-07 12:38:49+05:30,NIFTY2621026400CE,26400.0,2026-02-10,412.9,
2026-01-07 12:38:50+05:30,NIFTY2621026400CE,26400.0,2026-02-10,412.9,
2026-01-07 12:38:51+05:30,NIFTY2621026400CE,26400.0,2026-02-10,412.9,
2026-01-07 12:38:52+05:30,NIFTY2621026400CE,26400.0,2026-02-10,412.9,
2026-01-07 12:38:53+05:30,NIFTY2621026400CE,26400.0,2026-02-10,412.9,
2026-01-07 12:38:54+05:30,NIFTY2621026400CE,26400.0,2026-02-10,412.9,
2026-01-07 12:38:55+05:30,NIFTY2621026400CE,26400.0,2026-02-10,412.9,
2026-01-07 12:38:56+05:30,NIFTY2621026400CE,26400.0,2026-02-10,412.9,
2026-01-07 12:38:57+05:30,NIFTY2621026400CE,26400.0,2026-02-10,412.9,
2026-01-07 12:38:58+05:30,NIFTY2621026400CE,26400.0,2026-02-10,412.9,
2026-01-07 12:38:59+05:30,NIFTY2621026400CE,26400.0,2026-02-10,412.9,
2026-01-07 12:39:00+05:30,NIFTY2621026400CE,26400.0,2026-02-10,412.9,
2026-01-07 12:39:01+05:30,NIFTY2621026400CE,26400.0,2026-02-10,412.9,
2026-01-07 12:39:02+05:30,NIFTY2621026400CE,26400.0,2026-02-10,412.9,
2026-01-07 12:39:03+05:30,NIFTY2621026400CE,26400.0,2026-02-10,412.9,
2026-01-07 12:39:04+05:30,NIFTY2621026400CE,26400.0,2026-02-10,412.9,
2026-01-07 12:39:05+05:30,NIFTY2621026400CE,26400.0,2026-02-10,412.9,
2026-01-07 12:39:06+05:30,NIFTY2621026400CE,26400.0,2026-02-10,412.9,
2026-01-07 12:39:07+05:30,NIFTY2621026400CE,26400.0,2026-02-10,412.9,
2026-01-07 12:39:08+05:30,NIFTY2621026400CE,26400.0,2026-02-10,412.9,
2026-01-07 12:39:09+05:30,NIFTY2621026400CE,26400.0,2026-02-10,412.9,
2026-01-07 12:39:10+05:30,NIFTY2621026400CE,26400.0,2026-02-10,412.9,
2026-01-07 12:39:11+05:30,NIFTY2621026400CE,26400.0,2026-02-10,412.9,
2026-01-07 12:39:12+05:30,NIFTY2621026400CE,26400.0,2026-02-10,412.9,
2026-01-07 12:39:13+05:30,NIFTY2621026400CE,26400.0,2026-02-10,412.9,
2026-01-07 12:39:14+05:30,NIFTY2621026400CE,26400.0,2026-02-10,412.9,
2026-01-07 12:39:15+05:30,NIFTY2621026400CE,26400.0,2026-02-10,412.9,
2026-01-07 12:39:16+05:30,NIFTY2621026400CE,26400.0,2026-02-10,412.9,
2026-01-07 12:39:17+05:30,NIFTY2621026400CE,26400.0,2026-02-10,412.9,
2026-01-07 12:39:18+05:30,NIFTY2621026400CE,26400.0,2026-02-10,412.9,
2026-01-07 12:39:19+05:30,NIFTY2621026400CE,26400.0,2026-02-10,412.9,
2026-01-07 12:39:20+05:30,NIFTY2621026400CE,26400.0,2026-02-10,412.9,
2026-01-07 12:39:21+05:30,NIFTY2621026400CE,26400.0,2026-02-10,412.9,
2026-01-07 12:39:22+05:30,NIFTY2621026400CE,26400.0,2026-02-10,412.9,
2026-01-07 12:39:23+05:30,NIFTY2621026400CE,26400.0,2026-02-10,412.9,
2026-01-07 12:39:24+05:30,NIFTY2621026400CE,26400.0,2026-02-10,412.9,
2026-01-07 12:39:25+05:30,NIFTY2621026400CE,26400.0,2026-02-10,412.9,
2026-01-07 12:39:26+05:30,NIFTY2621026400CE,26400.0,2026-02-10,412.9,
2026-01-07 12:39:27+05:30,NIFTY2621026400CE,26400.0,2026-02-10,412.9,
2026-01-07 12:39:28+05:30,NIFTY2621026400CE,26400.0,2026-02-10,412.9,
2026-01-07 12:39:29+05:30,NIFTY2621026400CE,26400.0,2026-02-10,412.9,
2026-01-07 12:39:30+05:30,NIFTY2621026400CE,26400.0,2026-02-10,412.9,
2026-01-07 12:39:31+05:30,NIFTY2621026400CE,26400.0,2026-02-10,412.9,
2026-01-07 12:39:32+05:30,NIFTY2621026400CE,26400.0,2026-02-10,412.9,
2026-01-07 12:39:33+05:30,NIFTY2621026400CE,26400.0,2026-02-10,412.9,
2026-01-07 12:39:34+05:30,NIFTY2621026400CE,26400.0,2026-02-10,412.9,
2026-01-07 12:39:35+05:30,NIFTY2621026400CE,26400.0,2026-02-10,412.9,
2026-01-07 12:39:36+05:30,NIFTY2621026400CE,26400.0,2026-02-10,412.9,
2026-01-07 12:39:37+05:30,NIFTY2621026400CE,26400.0,2026-02-10,412.9,
2026-01-07 12:39:38+05:30,NIFTY2621026400CE,26400.0,2026-02-10,412.9,
2026-01-07 12:39:39+05:30,NIFTY2621026400CE,26400.0,2026-02-10,412.9,
2026-01-07 12:39:40+05:30,NIFTY2621026400CE,26400.0,2026-02-10,412.9,
2026-01-07 12:39:41+05:30,NIFTY2621026400CE,26400.0,2026-02-10,412.9,
2026-01-07 12:39:42+05:30,NIFTY2621026400CE,26400.0,2026-02-10,412.9,
2026-01-07 12:39:43+05:30,NIFTY2621026400CE,26400.0,2026-02-10,412.9,
2026-01-07 12:39:44+05:30,NIFTY2621026400CE,26400.0,2026-02-10,412.9,
2026-01-07 12:39:45+05:30,NIFTY2621026400CE,26400.0,2026-02-10,412.9,
2026-01-07 12:39:46+05:30,NIFTY2621026400CE,26400.0,2026-02-10,412.9,
2026-01-07 12:39:47+05:30,NIFTY2621026400CE,26400.0,2026-02-10,412.9,
2026-01-07 12:39:48+05:30,NIFTY2621026400CE,26400.0,2026-02-10,412.9,
2026-01-07 12:39:49+05:30,NIFTY2621026400CE,26400.0,2026-02-10,412.9,
2026-01-07 12:39:50+05:30,NIFTY2621026400CE,26400.0,2026-02-10,412.9,
2026-01-07 12:39:51+05:30,NIFTY2621026400CE,26400.0,2026-02-10,412.9,
2026-01-07 12:39:52+05:30,NIFTY2621026400CE,26400.0,2026-02-10,412.9,
2026-01-07 12:39:53+05:30,NIFTY2621026400CE,26400.0,2026-02-10,412.9,
2026-01-07 12:39:54+05:30,NIFTY2621026400CE,26400.0,2026-02-10,412.9,
2026-01-07 12:39:55+05:30,NIFTY2621026400CE,26400.0,2026-02-10,412.9,
2026-01-07 12:39:56+05:30,NIFTY2621026400CE,26400.0,2026-02-10,412.9,
2026-01-07 12:39:57+05:30,NIFTY2621026400CE,26400.0,2026-02-10,412.9,
2026-01-07 12:39:58+05:30,NIFTY2621026400CE,26400.0,2026-02-10,412.9,
2026-01-07 12:39:59+05:30,NIFTY2621026400CE,26400.0,2026-02-10,412.9,
2026-01-07 12:40:00+05:30,NIFTY2621026400CE,26400.0,2026-02-10,412.9,
2026-01-07 12:40:01+05:30,NIFTY2621026400CE,26400.0,2026-02-10,412.9,
2026-01-07 12:40:02+05:30,NIFTY2621026400CE,26400.0,2026-02-10,412.9,
2026-01-07 12:40:03+05:30,NIFTY2621026400CE,26400.0,2026-02-10,412.9,
2026-01-07 12:40:04+05:30,NIFTY2621026400CE,26400.0,2026-02-10,412.9,
2026-01-07 12:40:05+05:30,NIFTY2621026400CE,26400.0,2026-02-10,412.9,
2026-01-07 12:40:06+05:30,NIFTY2621026400CE,26400.0,2026-02-10,412.9,
2026-01-07 12:40:07+05:30,NIFTY2621026400CE,26400.0,2026-02-10,412.9,
2026-01-07 12:40:08+05:30,NIFTY2621026400CE,26400.0,2026-02-10,412.9,
2026-01-07 12:40:09+05:30,NIFTY2621026400CE,26400.0,2026-02-10,412.9,
2026-01-07 12:40:10+05:30,NIFTY2621026400CE,26400.0,2026-02-10,412.9,
2026-01-07 12:40:11+05:30,NIFTY2621026400CE,26400.0,2026-02-10,412.9,
2026-01-07 12:40:12+05:30,NIFTY2621026400CE,26400.0,2026-02-10,412.9,
2026-01-07 12:40:13+05:30,NIFTY2621026400CE,26400.0,2026-02-10,412.9,
2026-01-07 12:40:14+05:30,NIFTY2621026400CE,26400.0,2026-02-10,412.9,
2026-01-07 12:40:15+05:30,NIFTY2621026400CE,26400.0,2026-02-10,412.9,
2026-01-07 12:40:16+05:30,NIFTY2621026400CE,26400.0,2026-02-10,412.9,
2026-01-07 12:40:17+05:30,NIFTY2621026400CE,26400.0,2026-02-10,412.9,
2026-01-07 12:40:18+05:30,NIFTY2621026400CE,26400.0,2026-02-10,412.9,
2026-01-07 12:40:19+05:30,NIFTY2621026400CE,26400.0,2026-02-10,412.9,
2026-01-07 12:40:20+05:30,NIFTY2621026400CE,26400.0,2026-02-10,412.9,
2026-01-07 12:40:21+05:30,NIFTY2621026400CE,26400.0,2026-02-10,412.9,
2026-01-07 12:40:22+05:30,NIFTY2621026400CE,26400.0,2026-02-10,412.9,
2026-01-07 12:40:23+05:30,NIFTY2621026400CE,26400.0,2026-02-10,412.9,
2026-01-07 12:40:24+05:30,NIFTY2621026400CE,26400.0,2026-02-10,412.9,
2026-01-07 12:40:25+05:30,NIFTY2621026400CE,26400.0,2026-02-10,412.9,
2026-01-07 12:40:26+05:30,NIFTY2621026400CE,26400.0,2026-02-10,412.9,
2026-01-07 12:40:27+05:30,NIFTY2621026400CE,26400.0,2026-02-10,412.9,
2026-01-07 12:40:28+05:30,NIFTY2621026400CE,26400.0,2026-02-10,412.9,
2026-01-07 12:40:29+05:30,NIFTY2621026400CE,26400.0,2026-02-10,412.9,
2026-01-07 12:40:30+05:30,NIFTY2621026400CE,26400.0,2026-02-10,412.9,
2026-01-07 12:40:31+05:30,NIFTY2621026400CE,26400.0,2026-02-10,412.9,
2026-01-07 12:40:32+05:30,NIFTY2621026400CE,26400.0,2026-02-10,412.9,
2026-01-07 12:40:33+05:30,NIFTY2621026400CE,26400.0,2026-02-10,412.9,
2026-01-07 12:40:34+05:30,NIFTY2621026400CE,26400.0,2026-02-10,412.9,
2026-01-07 12:40:35+05:30,NIFTY2621026400CE,26400.0,2026-02-10,412.9,
2026-01-07 12:40:36+05:30,NIFTY2621026400CE,26400.0,2026-02-10,412.9,
2026-01-07 12:40:37+05:30,NIFTY2621026400CE,26400.0,2026-02-10,412.9,
2026-01-07 12:40:38+05:30,NIFTY2621026400CE,26400.0,2026-02-10,412.9,
2026-01-07 12:40:39+05:30,NIFTY2621026400CE,26400.0,2026-02-10,412.9,
2026-01-07 12:40:40+05:30,NIFTY2621026400CE,26400.0,2026-02-10,412.9,
2026-01-07 12:40:41+05:30,NIFTY2621026400CE,26400.0,2026-02-10,412.9,
2026-01-07 12:40:42+05:30,NIFTY2621026400CE,26400.0,2026-02-10,412.9,
2026-01-07 12:40:43+05:30,NIFTY2621026400CE,26400.0,2026-02-10,412.9,
2026-01-07 12:40:44+05:30,NIFTY2621026400CE,26400.0,2026-02-10,412.9,
2026-01-07 12:40:45+05:30,NIFTY2621026400CE,26400.0,2026-02-10,412.9,
2026-01-07 12:40:46+05:30,NIFTY2621026400CE,26400.0,2026-02-10,412.9,
2026-01-07 12:40:47+05:30,NIFTY2621026400CE,26400.0,2026-02-10,412.9,
2026-01-07 12:40:48+05:30,NIFTY2621026400CE,26400.0,2026-02-10,412.9,
2026-01-07 12:40:49+05:30,NIFTY2621026400CE,26400.0,2026-02-10,412.9,
2026-01-07 12:40:50+05:30,NIFTY2621026400CE,26400.0,2026-02-10,412.9,
2026-01-07 12:40:51+05:30,NIFTY2621026400CE,26400.0,2026-02-10,412.9,
2026-01-07 12:40:52+05:30,NIFTY2621026400CE,26400.0,2026-02-10,412.9,
2026-01-07 12:40:53+05:30,NIFTY2621026400CE,26400.0,2026-02-10,412.9,
2026-01-07 12:40:54+05:30,NIFTY2621026400CE,26400.0,2026-02-10,412.9,
2026-01-07 12:40:55+05:30,NIFTY2621026400CE,26400.0,2026-02-10,412.9,
2026-01-07 12:40:56+05:30,NIFTY2621026400CE,26400.0,2026-02-10,412.9,
2026-01-07 12:40:57+05:30,NIFTY2621026400CE,26400.0,2026-02-10,412.9,
2026-01-07 12:40:58+05:30,NIFTY2621026400CE,26400.0,2026-02-10,412.9,
2026-01-07 12:40:59+05:30,NIFTY2621026400CE,26400.0,2026-02-10,412.9,
2026-01-07 12:41:00+05:30,NIFTY2621026400CE,26400.0,2026-02-10,412.9,
2026-01-07 12:41:01+05:30,NIFTY2621026400CE,26400.0,2026-02-10,412.9,
2026-01-07 12:41:02+05:30,NIFTY2621026400CE,26400.0,2026-02-10,412.9,
2026-01-07 12:41:03+05:30,NIFTY2621026400CE,26400.0,2026-02-10,412.9,
2026-01-07 12:41:04+05:30,NIFTY2621026400CE,26400.0,2026-02-10,412.9,
2026-01-07 12:41:05+05:30,NIFTY2621026400CE,26400.0,2026-02-10,412.9,
2026-01-07 12:41:06+05:30,NIFTY2621026400CE,26400.0,2026-02-10,412.9,
2026-01-07 12:41:07+05:30,NIFTY2621026400CE,26400.0,2026-02-10,412.9,
2026-01-07 12:41:08+05:30,NIFTY2621026400CE,26400.0,2026-02-10,412.9,
2026-01-07 12:41:09+05:30,NIFTY2621026400CE,26400.0,2026-02-10,412.9,
2026-01-07 12:41:10+05:30,NIFTY2621026400CE,26400.0,2026-02-10,412.9,
2026-01-07 12:41:11+05:30,NIFTY2621026400CE,26400.0,2026-02-10,412.9,
2026-01-07 12:41:12+05:30,NIFTY2621026400CE,26400.0,2026-02-10,412.9,
2026-01-07 12:41:13+05:30,NIFTY2621026400CE,26400.0,2026-02-10,412.9,
2026-01-07 12:41:14+05:30,NIFTY2621026400CE,26400.0,2026-02-10,412.9,
2026-01-07 12:41:15+05:30,NIFTY2621026400CE,26400.0,2026-02-10,412.9,
2026-01-07 12:41:16+05:30,NIFTY2621026400CE,26400.0,2026-02-10,412.9,
2026-01-07 12:41:17+05:30,NIFTY2621026400CE,26400.0,2026-02-10,412.9,
2026-01-07 12:41:18+05:30,NIFTY2621026400CE,26400.0,2026-02-10,412.9,
2026-01-07 12:41:19+05:30,NIFTY2621026400CE,26400.0,2026-02-10,412.9,
2026-01-07 12:41:20+05:30,NIFTY2621026400CE,26400.0,2026-02-10,412.9,
2026-01-07 12:41:21+05:30,NIFTY2621026400CE,26400.0,2026-02-10,412.9,
2026-01-07 12:41:22+05:30,NIFTY2621026400CE,26400.0,2026-02-10,412.9,
2026-01-07 12:41:23+05:30,NIFTY2621026400CE,26400.0,2026-02-10,412.9,
2026-01-07 12:41:24+05:30,NIFTY2621026400CE,26400.0,2026-02-10,412.9,
2026-01-07 12:41:25+05:30,NIFTY2621026400CE,26400.0,2026-02-10,412.9,
2026-01-07 12:41:26+05:30,NIFTY2621026400CE,26400.0,2026-02-10,412.9,
2026-01-07 12:41:27+05:30,NIFTY2621026400CE,26400.0,2026-02-10,412.9,
2026-01-07 12:41:28+05:30,NIFTY2621026400CE,26400.0,2026-02-10,412.9,
2026-01-07 12:41:29+05:30,NIFTY2621026400CE,26400.0,2026-02-10,412.9,
2026-01-07 12:41:30+05:30,NIFTY2621026400CE,26400.0,2026-02-10,412.9,
2026-01-07 12:41:31+05:30,NIFTY2621026400CE,26400.0,2026-02-10,412.9,
2026-01-07 12:41:32+05:30,NIFTY2621026400CE,26400.0,2026-02-10,412.9,
2026-01-07 12:41:33+05:30,NIFTY2621026400CE,26400.0,2026-02-10,412.9,
2026-01-07 12:41:34+05:30,NIFTY2621026400CE,26400.0,2026-02-10,412.9,
2026-01-07 12:41:35+05:30,NIFTY2621026400CE,26400.0,2026-02-10,412.9,
2026-01-07 12:41:36+05:30,NIFTY2621026400CE,26400.0,2026-02-10,412.9,
2026-01-07 12:41:37+05:30,NIFTY2621026400CE,26400.0,2026-02-10,412.9,
2026-01-07 12:41:38+05:30,NIFTY2621026400CE,26400.0,2026-02-10,412.9,
2026-01-07 12:41:39+05:30,NIFTY2621026400CE,26400.0,2026-02-10,412.9,
2026-01-07 12:41:40+05:30,NIFTY2621026400CE,26400.0,2026-02-10,412.9,
2026-01-07 12:41:41+05:30,NIFTY2621026400CE,26400.0,2026-02-10,412.9,
2026-01-07 12:41:42+05:30,NIFTY2621026400CE,26400.0,2026-02-10,412.9,
2026-01-07 12:41:43+05:30,NIFTY2621026400CE,26400.0,2026-02-10,412.9,
2026-01-07 12:41:44+05:30,NIFTY2621026400CE,26400.0,2026-02-10,412.9,
2026-01-07 12:41:45+05:30,NIFTY2621026400CE,26400.0,2026-02-10,412.9,
2026-01-07 12:41:46+05:30,NIFTY2621026400CE,26400.0,2026-02-10,412.9,
2026-01-07 12:41:47+05:30,NIFTY2621026400CE,26400.0,2026-02-10,412.9,
2026-01-07 12:41:48+05:30,NIFTY2621026400CE,26400.0,2026-02-10,412.9,
2026-01-07 12:41:49+05:30,NIFTY2621026400CE,26400.0,2026-02-10,412.9,
2026-01-07 12:41:50+05:30,NIFTY2621026400CE,26400.0,2026-02-10,412.9,
2026-01-07 12:41:51+05:30,NIFTY2621026400CE,26400.0,2026-02-10,412.9,
2026-01-07 12:41:52+05:30,NIFTY2621026400CE,26400.0,2026-02-10,412.9,
2026-01-07 12:41:53+05:30,NIFTY2621026400CE,26400.0,2026-02-10,412.9,
2026-01-07 12:41:54+05:30,NIFTY2621026400CE,26400.0,2026-02-10,412.9,
2026-01-07 12:41:55+05:30,NIFTY2621026400CE,26400.0,2026-02-10,412.9,
2026-01-07 12:41:56+05:30,NIFTY2621026400CE,26400.0,2026-02-10,412.9,
2026-01-07 12:41:57+05:30,NIFTY2621026400CE,26400.0,2026-02-10,412.9,
2026-01-07 12:41:58+05:30,NIFTY2621026400CE,26400.0,2026-02-10,412.9,
2026-01-07 12:41:59+05:30,NIFTY2621026400CE,26400.0,2026-02-10,412.9,
2026-01-07 12:42:00+05:30,NIFTY2621026400CE,26400.0,2026-02-10,412.9,
2026-01-07 12:42:01+05:30,NIFTY2621026400CE,26400.0,2026-02-10,412.9,
2026-01-07 12:42:02+05:30,NIFTY2621026400CE,26400.0,2026-02-10,412.9,
2026-01-07 12:42:03+05:30,NIFTY2621026400CE,26400.0,2026-02-10,412.9,
2026-01-07 12:42:04+05:30,NIFTY2621026400CE,26400.0,2026-02-10,412.9,
2026-01-07 12:42:05+05:30,NIFTY2621026400CE,26400.0,2026-02-10,412.9,
2026-01-07 12:42:06+05:30,NIFTY2621026400CE,26400.0,2026-02-10,412.9,
2026-01-07 12:42:07+05:30,NIFTY2621026400CE,26400.0,2026-02-10,412.9,
2026-01-07 12:42:08+05:30,NIFTY2621026400CE,26400.0,2026-02-10,412.9,
2026-01-07 12:42:09+05:30,NIFTY2621026400CE,26400.0,2026-02-10,412.9,
2026-01-07 12:42:10+05:30,NIFTY2621026400CE,26400.0,2026-02-10,412.9,
2026-01-07 12:42:11+05:30,NIFTY2621026400CE,26400.0,2026-02-10,412.9,
2026-01-07 12:42:12+05:30,NIFTY2621026400CE,26400.0,2026-02-10,412.9,
2026-01-07 12:42:13+05:30,NIFTY2621026400CE,26400.0,2026-02-10,412.9,
2026-01-07 12:42:14+05:30,NIFTY2621026400CE,26400.0,2026-02-10,412.9,
2026-01-07 12:42:15+05:30,NIFTY2621026400CE,26400.0,2026-02-10,412.9,
2026-01-07 12:42:16+05:30,NIFTY2621026400CE,26400.0,2026-02-10,412.9,
2026-01-07 12:42:17+05:30,NIFTY2621026400CE,26400.0,2026-02-10,412.9,
2026-01-07 12:42:18+05:30,NIFTY2621026400CE,26400.0,2026-02-10,412.9,
2026-01-07 12:42:19+05:30,NIFTY2621026400CE,26400.0,2026-02-10,412.9,
2026-01-07 12:42:20+05:30,NIFTY2621026400CE,26400.0,2026-02-10,412.9,
2026-01-07 12:42:21+05:30,NIFTY2621026400CE,26400.0,2026-02-10,412.9,
2026-01-07 12:42:22+05:30,NIFTY2621026400CE,26400.0,2026-02-10,412.9,
2026-01-07 12:42:23+05:30,NIFTY2621026400CE,26400.0,2026-02-10,412.9,
2026-01-07 12:42:24+05:30,NIFTY2621026400CE,26400.0,2026-02-10,412.9,
2026-01-07 12:42:25+05:30,NIFTY2621026400CE,26400.0,2026-02-10,412.9,
2026-01-07 12:42:26+05:30,NIFTY2621026400CE,26400.0,2026-02-10,412.9,
2026-01-07 12:42:27+05:30,NIFTY2621026400CE,26400.0,2026-02-10,412.9,
2026-01-07 12:42:28+05:30,NIFTY2621026400CE,26400.0,2026-02-10,412.9,
2026-01-07 12:42:29+05:30,NIFTY2621026400CE,26400.0,2026-02-10,412.9,
2026-01-07 12:42:30+05:30,NIFTY2621026400CE,26400.0,2026-02-10,412.9,
2026-01-07 12:42:31+05:30,NIFTY2621026400CE,26400.0,2026-02-10,412.9,
2026-01-07 12:42:32+05:30,NIFTY2621026400CE,26400.0,2026-02-10,412.9,
2026-01-07 12:42:33+05:30,NIFTY2621026400CE,26400.0,2026-02-10,412.9,
2026-01-07 12:42:34+05:30,NIFTY2621026400CE,26400.0,2026-02-10,412.9,
2026-01-07 12:42:35+05:30,NIFTY2621026400CE,26400.0,2026-02-10,412.9,
2026-01-07 12:42:36+05:30,NIFTY2621026400CE,26400.0,2026-02-10,412.9,
2026-01-07 12:42:37+05:30,NIFTY2621026400CE,26400.0,2026-02-10,412.9,
2026-01-07 12:42:38+05:30,NIFTY2621026400CE,26400.0,2026-02-10,412.9,
2026-01-07 12:42:39+05:30,NIFTY2621026400CE,26400.0,2026-02-10,412.9,
2026-01-07 12:42:40+05:30,NIFTY2621026400CE,26400.0,2026-02-10,412.9,
2026-01-07 12:42:41+05:30,NIFTY2621026400CE,26400.0,2026-02-10,412.9,
2026-01-07 12:42:42+05:30,NIFTY2621026400CE,26400.0,2026-02-10,412.9,
2026-01-07 12:42:43+05:30,NIFTY2621026400CE,26400.0,2026-02-10,412.9,
2026-01-07 12:42:44+05:30,NIFTY2621026400CE,26400.0,2026-02-10,412.9,
2026-01-07 12:42:45+05:30,NIFTY2621026400CE,26400.0,2026-02-10,412.9,
2026-01-07 12:42:46+05:30,NIFTY2621026400CE,26400.0,2026-02-10,412.9,
2026-01-07 12:42:47+05:30,NIFTY2621026400CE,26400.0,2026-02-10,412.9,
2026-01-07 12:42:48+05:30,NIFTY2621026400CE,26400.0,2026-02-10,412.9,
2026-01-07 12:42:49+05:30,NIFTY2621026400CE,26400.0,2026-02-10,412.9,
2026-01-07 12:42:50+05:30,NIFTY2621026400CE,26400.0,2026-02-10,412.9,
2026-01-07 12:42:51+05:30,NIFTY2621026400CE,26400.0,2026-02-10,412.9,
2026-01-07 12:42:52+05:30,NIFTY2621026400CE,26400.0,2026-02-10,412.9,
2026-01-07 12:42:53+05:30,NIFTY2621026400CE,26400.0,2026-02-10,412.9,
2026-01-07 12:42:54+05:30,NIFTY2621026400CE,26400.0,2026-02-10,412.9,
2026-01-07 12:42:55+05:30,NIFTY2621026400CE,26400.0,2026-02-10,412.9,
2026-01-07 12:42:56+05:30,NIFTY2621026400CE,26400.0,2026-02-10,412.9,
2026-01-07 12:42:57+05:30,NIFTY2621026400CE,26400.0,2026-02-10,412.9,
2026-01-07 12:42:58+05:30,NIFTY2621026400CE,26400.0,2026-02-10,412.9,
2026-01-07 12:42:59+05:30,NIFTY2621026400CE,26400.0,2026-02-10,412.9,
2026-01-07 12:43:00+05:30,NIFTY2621026400CE,26400.0,2026-02-10,412.9,
2026-01-07 12:43:01+05:30,NIFTY2621026400CE,26400.0,2026-02-10,412.9,
2026-01-07 12:43:02+05:30,NIFTY2621026400CE,26400.0,2026-02-10,412.9,
2026-01-07 12:43:03+05:30,NIFTY2621026400CE,26400.0,2026-02-10,412.9,
2026-01-07 12:43:04+05:30,NIFTY2621026400CE,26400.0,2026-02-10,412.9,
2026-01-07 12:43:05+05:30,NIFTY2621026400CE,26400.0,2026-02-10,412.9,
2026-01-07 12:43:06+05:30,NIFTY2621026400CE,26400.0,2026-02-10,412.9,
2026-01-07 12:43:07+05:30,NIFTY2621026400CE,26400.0,2026-02-10,412.9,
2026-01-07 12:43:08+05:30,NIFTY2621026400CE,26400.0,2026-02-10,412.9,
2026-01-07 12:43:09+05:30,NIFTY2621026400CE,26400.0,2026-02-10,412.9,
2026-01-07 12:43:10+05:30,NIFTY2621026400CE,26400.0,2026-02-10,412.9,
2026-01-07 12:43:11+05:30,NIFTY2621026400CE,26400.0,2026-02-10,412.9,
2026-01-07 12:43:12+05:30,NIFTY2621026400CE,26400.0,2026-02-10,412.9,
2026-01-07 12:43:13+05:30,NIFTY2621026400CE,26400.0,2026-02-10,412.9,
2026-01-07 12:43:14+05:30,NIFTY2621026400CE,26400.0,2026-02-10,412.9,
2026-01-07 12:43:15+05:30,NIFTY2621026400CE,26400.0,2026-02-10,412.9,
2026-01-07 12:43:16+05:30,NIFTY2621026400CE,26400.0,2026-02-10,412.9,
2026-01-07 12:43:17+05:30,NIFTY2621026400CE,26400.0,2026-02-10,412.9,
2026-01-07 12:43:18+05:30,NIFTY2621026400CE,26400.0,2026-02-10,412.9,
2026-01-07 12:43:19+05:30,NIFTY2621026400CE,26400.0,2026-02-10,412.9,
2026-01-07 12:43:20+05:30,NIFTY2621026400CE,26400.0,2026-02-10,412.9,
2026-01-07 12:43:21+05:30,NIFTY2621026400CE,26400.0,2026-02-10,412.9,
2026-01-07 12:43:22+05:30,NIFTY2621026400CE,26400.0,2026-02-10,412.9,
2026-01-07 12:43:23+05:30,NIFTY2621026400CE,26400.0,2026-02-10,412.9,
2026-01-07 12:43:24+05:30,NIFTY2621026400CE,26400.0,2026-02-10,412.9,
2026-01-07 12:43:25+05:30,NIFTY2621026400CE,26400.0,2026-02-10,412.9,
2026-01-07 12:43:26+05:30,NIFTY2621026400CE,26400.0,2026-02-10,412.9,
2026-01-07 12:43:27+05:30,NIFTY2621026400CE,26400.0,2026-02-10,412.9,
2026-01-07 12:43:28+05:30,NIFTY2621026400CE,26400.0,2026-02-10,412.9,
2026-01-07 12:43:29+05:30,NIFTY2621026400CE,26400.0,2026-02-10,412.9,
2026-01-07 12:43:30+05:30,NIFTY2621026400CE,26400.0,2026-02-10,412.9,
2026-01-07 12:43:31+05:30,NIFTY2621026400CE,26400.0,2026-02-10,412.9,
2026-01-07 12:43:32+05:30,NIFTY2621026400CE,26400.0,2026-02-10,412.9,
2026-01-07 12:43:33+05:30,NIFTY2621026400CE,26400.0,2026-02-10,412.9,
2026-01-07 12:43:34+05:30,NIFTY2621026400CE,26400.0,2026-02-10,412.9,
2026-01-07 12:43:35+05:30,NIFTY2621026400CE,26400.0,2026-02-10,412.9,
2026-01-07 12:43:36+05:30,NIFTY2621026400CE,26400.0,2026-02-10,412.9,
2026-01-07 12:43:37+05:30,NIFTY2621026400CE,26400.0,2026-02-10,412.9,
2026-01-07 12:43:38+05:30,NIFTY2621026400CE,26400.0,2026-02-10,412.9,
2026-01-07 12:43:39+05:30,NIFTY2621026400CE,26400.0,2026-02-10,412.9,
2026-01-07 12:43:40+05:30,NIFTY2621026400CE,26400.0,2026-02-10,412.9,
2026-01-07 12:43:41+05:30,NIFTY2621026400CE,26400.0,2026-02-10,412.9,
2026-01-07 12:43:42+05:30,NIFTY2621026400CE,26400.0,2026-02-10,412.9,
2026-01-07 12:43:43+05:30,NIFTY2621026400CE,26400.0,2026-02-10,412.9,
2026-01-07 12:43:44+05:30,NIFTY2621026400CE,26400.0,2026-02-10,412.9,
2026-01-07 12:43:45+05:30,NIFTY2621026400CE,26400.0,2026-02-10,412.9,
2026-01-07 12:43:46+05:30,NIFTY2621026400CE,26400.0,2026-02-10,412.9,
2026-01-07 12:43:47+05:30,NIFTY2621026400CE,26400.0,2026-02-10,412.9,
2026-01-07 12:43:48+05:30,NIFTY2621026400CE,26400.0,2026-02-10,412.9,
2026-01-07 12:43:49+05:30,NIFTY2621026400CE,26400.0,2026-02-10,412.9,
2026-01-07 12:43:50+05:30,NIFTY2621026400CE,26400.0,2026-02-10,412.9,
2026-01-07 12:43:51+05:30,NIFTY2621026400CE,26400.0,2026-02-10,412.9,
2026-01-07 12:43:52+05:30,NIFTY2621026400CE,26400.0,2026-02-10,412.9,
2026-01-07 12:43:53+05:30,NIFTY2621026400CE,26400.0,2026-02-10,412.9,
2026-01-07 12:43:54+05:30,NIFTY2621026400CE,26400.0,2026-02-10,412.9,
2026-01-07 12:43:55+05:30,NIFTY2621026400CE,26400.0,2026-02-10,412.9,
2026-01-07 12:43:56+05:30,NIFTY2621026400CE,26400.0,2026-02-10,412.9,
2026-01-07 12:43:57+05:30,NIFTY2621026400CE,26400.0,2026-02-10,412.9,
2026-01-07 12:43:58+05:30,NIFTY2621026400CE,26400.0,2026-02-10,412.9,
2026-01-07 12:43:59+05:30,NIFTY2621026400CE,26400.0,2026-02-10,412.9,
2026-01-07 12:44:00+05:30,NIFTY2621026400CE,26400.0,2026-02-10,412.9,
2026-01-07 12:44:01+05:30,NIFTY2621026400CE,26400.0,2026-02-10,412.9,
2026-01-07 12:44:02+05:30,NIFTY2621026400CE,26400.0,2026-02-10,412.9,
2026-01-07 12:44:03+05:30,NIFTY2621026400CE,26400.0,2026-02-10,412.9,
2026-01-07 12:44:04+05:30,NIFTY2621026400CE,26400.0,2026-02-10,412.9,
2026-01-07 12:44:05+05:30,NIFTY2621026400CE,26400.0,2026-02-10,412.9,
2026-01-07 12:44:06+05:30,NIFTY2621026400CE,26400.0,2026-02-10,412.9,
2026-01-07 12:44:07+05:30,NIFTY2621026400CE,26400.0,2026-02-10,412.9,
2026-01-07 12:44:08+05:30,NIFTY2621026400CE,26400.0,2026-02-10,412.9,
2026-01-07 12:44:09+05:30,NIFTY2621026400CE,26400.0,2026-02-10,412.9,
2026-01-07 12:44:10+05:30,NIFTY2621026400CE,26400.0,2026-02-10,412.9,
2026-01-07 12:44:11+05:30,NIFTY2621026400CE,26400.0,2026-02-10,412.9,
2026-01-07 12:44:12+05:30,NIFTY2621026400CE,26400.0,2026-02-10,412.9,
2026-01-07 12:44:13+05:30,NIFTY2621026400CE,26400.0,2026-02-10,412.9,
2026-01-07 12:44:14+05:30,NIFTY2621026400CE,26400.0,2026-02-10,412.9,
2026-01-07 12:44:15+05:30,NIFTY2621026400CE,26400.0,2026-02-10,412.9,
2026-01-07 12:44:16+05:30,NIFTY2621026400CE,26400.0,2026-02-10,412.9,
2026-01-07 12:44:17+05:30,NIFTY2621026400CE,26400.0,2026-02-10,412.9,
2026-01-07 12:44:18+05:30,NIFTY2621026400CE,26400.0,2026-02-10,412.9,
2026-01-07 12:44:19+05:30,NIFTY2621026400CE,26400.0,2026-02-10,412.9,
2026-01-07 12:44:20+05:30,NIFTY2621026400CE,26400.0,2026-02-10,412.9,
2026-01-07 12:44:21+05:30,NIFTY2621026400CE,26400.0,2026-02-10,412.9,
2026-01-07 12:44:22+05:30,NIFTY2621026400CE,26400.0,2026-02-10,412.9,
2026-01-07 12:44:23+05:30,NIFTY2621026400CE,26400.0,2026-02-10,412.9,
2026-01-07 12:44:24+05:30,NIFTY2621026400CE,26400.0,2026-02-10,412.9,
2026-01-07 12:44:25+05:30,NIFTY2621026400CE,26400.0,2026-02-10,412.9,
2026-01-07 12:44:26+05:30,NIFTY2621026400CE,26400.0,2026-02-10,412.9,
2026-01-07 12:44:27+05:30,NIFTY2621026400CE,26400.0,2026-02-10,412.9,
2026-01-07 12:44:28+05:30,NIFTY2621026400CE,26400.0,2026-02-10,412.9,
2026-01-07 12:44:29+05:30,NIFTY2621026400CE,26400.0,2026-02-10,412.9,
2026-01-07 12:44:30+05:30,NIFTY2621026400CE,26400.0,2026-02-10,412.9,
2026-01-07 12:44:31+05:30,NIFTY2621026400CE,26400.0,2026-02-10,412.9,
2026-01-07 12:44:32+05:30,NIFTY2621026400CE,26400.0,2026-02-10,412.9,
2026-01-07 12:44:33+05:30,NIFTY2621026400CE,26400.0,2026-02-10,412.9,
2026-01-07 12:44:34+05:30,NIFTY2621026400CE,26400.0,2026-02-10,412.9,
2026-01-07 12:44:35+05:30,NIFTY2621026400CE,26400.0,2026-02-10,412.9,
2026-01-07 12:44:36+05:30,NIFTY2621026400CE,26400.0,2026-02-10,412.9,
2026-01-07 12:44:37+05:30,NIFTY2621026400CE,26400.0,2026-02-10,412.9,
2026-01-07 12:44:38+05:30,NIFTY2621026400CE,26400.0,2026-02-10,412.9,
2026-01-07 12:44:39+05:30,NIFTY2621026400CE,26400.0,2026-02-10,412.9,
2026-01-07 12:44:40+05:30,NIFTY2621026400CE,26400.0,2026-02-10,412.9,
2026-01-07 12:44:41+05:30,NIFTY2621026400CE,26400.0,2026-02-10,412.9,
2026-01-07 12:44:42+05:30,NIFTY2621026400CE,26400.0,2026-02-10,412.9,
2026-01-07 12:44:43+05:30,NIFTY2621026400CE,26400.0,2026-02-10,412.9,
2026-01-07 12:44:44+05:30,NIFTY2621026400CE,26400.0,2026-02-10,412.9,
2026-01-07 12:44:45+05:30,NIFTY2621026400CE,26400.0,2026-02-10,412.9,
2026-01-07 12:44:46+05:30,NIFTY2621026400CE,26400.0,2026-02-10,412.9,
2026-01-07 12:44:47+05:30,NIFTY2621026400CE,26400.0,2026-02-10,412.9,
2026-01-07 12:44:48+05:30,NIFTY2621026400CE,26400.0,2026-02-10,412.9,
2026-01-07 12:44:49+05:30,NIFTY2621026400CE,26400.0,2026-02-10,412.9,
2026-01-07 12:44:50+05:30,NIFTY2621026400CE,26400.0,2026-02-10,412.9,
2026-01-07 12:44:51+05:30,NIFTY2621026400CE,26400.0,2026-02-10,412.9,
2026-01-07 12:44:52+05:30,NIFTY2621026400CE,26400.0,2026-02-10,412.9,
2026-01-07 12:44:53+05:30,NIFTY2621026400CE,26400.0,2026-02-10,412.9,
2026-01-07 12:44:54+05:30,NIFTY2621026400CE,26400.0,2026-02-10,412.9,
2026-01-07 12:44:55+05:30,NIFTY2621026400CE,26400.0,2026-02-10,412.9,
2026-01-07 12:44:56+05:30,NIFTY2621026400CE,26400.0,2026-02-10,412.9,
2026-01-07 12:44:57+05:30,NIFTY2621026400CE,26400.0,2026-02-10,412.9,
2026-01-07 12:44:58+05:30,NIFTY2621026400CE,26400.0,2026-02-10,412.9,
2026-01-07 12:44:59+05:30,NIFTY2621026400CE,26400.0,2026-02-10,412.9,
2026-01-07 12:45:00+05:30,NIFTY2621026400CE,26400.0,2026-02-10,412.9,
2026-01-07 12:45:01+05:30,NIFTY2621026400CE,26400.0,2026-02-10,412.9,
2026-01-07 12:45:02+05:30,NIFTY2621026400CE,26400.0,2026-02-10,412.9,
2026-01-07 12:45:03+05:30,NIFTY2621026400CE,26400.0,2026-02-10,412.9,
2026-01-07 12:45:04+05:30,NIFTY2621026400CE,26400.0,2026-02-10,412.9,
2026-01-07 12:45:05+05:30,NIFTY2621026400CE,26400.0,2026-02-10,412.9,
2026-01-07 12:45:06+05:30,NIFTY2621026400CE,26400.0,2026-02-10,412.9,
2026-01-07 12:45:07+05:30,NIFTY2621026400CE,26400.0,2026-02-10,412.9,
2026-01-07 12:45:08+05:30,NIFTY2621026400CE,26400.0,2026-02-10,412.9,
2026-01-07 12:45:09+05:30,NIFTY2621026400CE,26400.0,2026-02-10,412.9,
2026-01-07 12:45:10+05:30,NIFTY2621026400CE,26400.0,2026-02-10,412.9,
2026-01-07 12:45:11+05:30,NIFTY2621026400CE,26400.0,2026-02-10,412.9,
2026-01-07 12:45:12+05:30,NIFTY2621026400CE,26400.0,2026-02-10,412.9,
2026-01-07 12:45:13+05:30,NIFTY2621026400CE,26400.0,2026-02-10,412.9,
2026-01-07 12:45:14+05:30,NIFTY2621026400CE,26400.0,2026-02-10,412.9,
2026-01-07 12:45:15+05:30,NIFTY2621026400CE,26400.0,2026-02-10,412.9,
2026-01-07 12:45:16+05:30,NIFTY2621026400CE,26400.0,2026-02-10,412.9,
2026-01-07 12:45:17+05:30,NIFTY2621026400CE,26400.0,2026-02-10,412.9,
2026-01-07 12:45:18+05:30,NIFTY2621026400CE,26400.0,2026-02-10,412.9,
2026-01-07 12:45:19+05:30,NIFTY2621026400CE,26400.0,2026-02-10,412.9,
2026-01-07 12:45:20+05:30,NIFTY2621026400CE,26400.0,2026-02-10,412.9,
2026-01-07 12:45:21+05:30,NIFTY2621026400CE,26400.0,2026-02-10,412.9,
2026-01-07 12:45:22+05:30,NIFTY2621026400CE,26400.0,2026-02-10,412.9,
2026-01-07 12:45:23+05:30,NIFTY2621026400CE,26400.0,2026-02-10,412.9,
2026-01-07 12:45:24+05:30,NIFTY2621026400CE,26400.0,2026-02-10,412.9,
2026-01-07 12:45:25+05:30,NIFTY2621026400CE,26400.0,2026-02-10,412.9,
2026-01-07 12:45:26+05:30,NIFTY2621026400CE,26400.0,2026-02-10,412.9,
2026-01-07 12:45:27+05:30,NIFTY2621026400CE,26400.0,2026-02-10,412.9,
2026-01-07 12:45:28+05:30,NIFTY2621026400CE,26400.0,2026-02-10,412.9,
2026-01-07 12:45:29+05:30,NIFTY2621026400CE,26400.0,2026-02-10,412.9,
2026-01-07 12:45:30+05:30,NIFTY2621026400CE,26400.0,2026-02-10,412.9,
2026-01-07 12:45:31+05:30,NIFTY2621026400CE,26400.0,2026-02-10,412.9,
2026-01-07 12:45:32+05:30,NIFTY2621026400CE,26400.0,2026-02-10,412.9,
2026-01-07 12:45:33+05:30,NIFTY2621026400CE,26400.0,2026-02-10,412.9,
2026-01-07 12:45:34+05:30,NIFTY2621026400CE,26400.0,2026-02-10,412.9,
2026-01-07 12:45:35+05:30,NIFTY2621026400CE,26400.0,2026-02-10,412.9,
2026-01-07 12:45:36+05:30,NIFTY2621026400CE,26400.0,2026-02-10,412.9,
2026-01-07 12:45:37+05:30,NIFTY2621026400CE,26400.0,2026-02-10,412.9,
2026-01-07 12:45:38+05:30,NIFTY2621026400CE,26400.0,2026-02-10,412.9,
2026-01-07 12:45:39+05:30,NIFTY2621026400CE,26400.0,2026-02-10,412.9,
2026-01-07 12:45:40+05:30,NIFTY2621026400CE,26400.0,2026-02-10,412.9,
2026-01-07 12:45:41+05:30,NIFTY2621026400CE,26400.0,2026-02-10,412.9,
2026-01-07 12:45:42+05:30,NIFTY2621026400CE,26400.0,2026-02-10,412.9,
2026-01-07 12:45:43+05:30,NIFTY2621026400CE,26400.0,2026-02-10,412.9,
2026-01-07 12:45:44+05:30,NIFTY2621026400CE,26400.0,2026-02-10,412.9,
2026-01-07 12:45:45+05:30,NIFTY2621026400CE,26400.0,2026-02-10,412.9,
2026-01-07 12:45:46+05:30,NIFTY2621026400CE,26400.0,2026-02-10,412.9,
2026-01-07 12:45:47+05:30,NIFTY2621026400CE,26400.0,2026-02-10,412.9,
2026-01-07 12:45:48+05:30,NIFTY2621026400CE,26400.0,2026-02-10,412.9,
2026-01-07 12:45:49+05:30,NIFTY2621026400CE,26400.0,2026-02-10,412.9,
2026-01-07 12:45:50+05:30,NIFTY2621026400CE,26400.0,2026-02-10,412.9,
2026-01-07 12:45:51+05:30,NIFTY2621026400CE,26400.0,2026-02-10,412.9,
2026-01-07 12:45:52+05:30,NIFTY2621026400CE,26400.0,2026-02-10,412.9,
2026-01-07 12:45:53+05:30,NIFTY2621026400CE,26400.0,2026-02-10,412.9,
2026-01-07 12:45:54+05:30,NIFTY2621026400CE,26400.0,2026-02-10,412.9,
2026-01-07 12:45:55+05:30,NIFTY2621026400CE,26400.0,2026-02-10,412.9,
2026-01-07 12:45:56+05:30,NIFTY2621026400CE,26400.0,2026-02-10,412.9,
2026-01-07 12:45:57+05:30,NIFTY2621026400CE,26400.0,2026-02-10,412.9,
2026-01-07 12:45:58+05:30,NIFTY2621026400CE,26400.0,2026-02-10,412.9,
2026-01-07 12:45:59+05:30,NIFTY2621026400CE,26400.0,2026-02-10,412.9,
2026-01-07 12:46:00+05:30,NIFTY2621026400CE,26400.0,2026-02-10,412.9,
2026-01-07 12:46:01+05:30,NIFTY2621026400CE,26400.0,2026-02-10,412.9,
2026-01-07 12:46:02+05:30,NIFTY2621026400CE,26400.0,2026-02-10,412.9,
2026-01-07 12:46:03+05:30,NIFTY2621026400CE,26400.0,2026-02-10,412.9,
2026-01-07 12:46:04+05:30,NIFTY2621026400CE,26400.0,2026-02-10,412.9,
2026-01-07 12:46:05+05:30,NIFTY2621026400CE,26400.0,2026-02-10,412.9,
2026-01-07 12:46:06+05:30,NIFTY2621026400CE,26400.0,2026-02-10,412.9,
2026-01-07 12:46:07+05:30,NIFTY2621026400CE,26400.0,2026-02-10,412.9,
2026-01-07 12:46:08+05:30,NIFTY2621026400CE,26400.0,2026-02-10,412.9,
2026-01-07 12:46:09+05:30,NIFTY2621026400CE,26400.0,2026-02-10,412.9,
2026-01-07 12:46:10+05:30,NIFTY2621026400CE,26400.0,2026-02-10,412.9,
2026-01-07 12:46:11+05:30,NIFTY2621026400CE,26400.0,2026-02-10,412.9,
2026-01-07 12:46:12+05:30,NIFTY2621026400CE,26400.0,2026-02-10,412.9,
2026-01-07 12:46:13+05:30,NIFTY2621026400CE,26400.0,2026-02-10,412.9,
2026-01-07 12:46:14+05:30,NIFTY2621026400CE,26400.0,2026-02-10,412.9,
2026-01-07 12:46:15+05:30,NIFTY2621026400CE,26400.0,2026-02-10,412.9,
2026-01-07 12:46:16+05:30,NIFTY2621026400CE,26400.0,2026-02-10,412.9,
2026-01-07 12:46:17+05:30,NIFTY2621026400CE,26400.0,2026-02-10,412.9,
2026-01-07 12:46:18+05:30,NIFTY2621026400CE,26400.0,2026-02-10,412.9,
2026-01-07 12:46:19+05:30,NIFTY2621026400CE,26400.0,2026-02-10,412.9,
2026-01-07 12:46:20+05:30,NIFTY2621026400CE,26400.0,2026-02-10,412.9,
2026-01-07 12:46:21+05:30,NIFTY2621026400CE,26400.0,2026-02-10,412.9,
2026-01-07 12:46:22+05:30,NIFTY2621026400CE,26400.0,2026-02-10,412.9,
2026-01-07 12:46:23+05:30,NIFTY2621026400CE,26400.0,2026-02-10,412.9,
2026-01-07 12:46:24+05:30,NIFTY2621026400CE,26400.0,2026-02-10,412.9,
2026-01-07 12:46:25+05:30,NIFTY2621026400CE,26400.0,2026-02-10,412.9,
2026-01-07 12:46:26+05:30,NIFTY2621026400CE,26400.0,2026-02-10,412.9,
2026-01-07 12:46:27+05:30,NIFTY2621026400CE,26400.0,2026-02-10,412.9,
2026-01-07 12:46:28+05:30,NIFTY2621026400CE,26400.0,2026-02-10,412.9,
2026-01-07 12:46:29+05:30,NIFTY2621026400CE,26400.0,2026-02-10,412.9,
2026-01-07 12:46:30+05:30,NIFTY2621026400CE,26400.0,2026-02-10,412.9,
2026-01-07 12:46:31+05:30,NIFTY2621026400CE,26400.0,2026-02-10,412.9,
2026-01-07 12:46:32+05:30,NIFTY2621026400CE,26400.0,2026-02-10,412.9,
2026-01-07 12:46:33+05:30,NIFTY2621026400CE,26400.0,2026-02-10,412.9,
2026-01-07 12:46:34+05:30,NIFTY2621026400CE,26400.0,2026-02-10,412.9,
2026-01-07 12:46:35+05:30,NIFTY2621026400CE,26400.0,2026-02-10,412.9,
2026-01-07 12:46:36+05:30,NIFTY2621026400CE,26400.0,2026-02-10,412.9,
2026-01-07 12:46:37+05:30,NIFTY2621026400CE,26400.0,2026-02-10,412.9,
2026-01-07 12:46:38+05:30,NIFTY2621026400CE,26400.0,2026-02-10,412.9,
2026-01-07 12:46:39+05:30,NIFTY2621026400CE,26400.0,2026-02-10,412.9,
2026-01-07 12:46:40+05:30,NIFTY2621026400CE,26400.0,2026-02-10,412.9,
2026-01-07 12:46:41+05:30,NIFTY2621026400CE,26400.0,2026-02-10,412.9,
2026-01-07 12:46:42+05:30,NIFTY2621026400CE,26400.0,2026-02-10,412.9,
2026-01-07 12:46:43+05:30,NIFTY2621026400CE,26400.0,2026-02-10,412.9,
2026-01-07 12:46:44+05:30,NIFTY2621026400CE,26400.0,2026-02-10,412.9,
2026-01-07 12:46:45+05:30,NIFTY2621026400CE,26400.0,2026-02-10,412.9,
2026-01-07 12:46:46+05:30,NIFTY2621026400CE,26400.0,2026-02-10,412.9,
2026-01-07 12:46:47+05:30,NIFTY2621026400CE,26400.0,2026-02-10,412.9,
2026-01-07 12:46:48+05:30,NIFTY2621026400CE,26400.0,2026-02-10,412.9,
2026-01-07 12:46:49+05:30,NIFTY2621026400CE,26400.0,2026-02-10,412.9,
2026-01-07 12:46:50+05:30,NIFTY2621026400CE,26400.0,2026-02-10,412.9,
2026-01-07 12:46:51+05:30,NIFTY2621026400CE,26400.0,2026-02-10,412.9,
2026-01-07 12:46:52+05:30,NIFTY2621026400CE,26400.0,2026-02-10,412.9,
2026-01-07 12:46:53+05:30,NIFTY2621026400CE,26400.0,2026-02-10,412.9,
2026-01-07 12:46:54+05:30,NIFTY2621026400CE,26400.0,2026-02-10,412.9,
2026-01-07 12:46:55+05:30,NIFTY2621026400CE,26400.0,2026-02-10,412.9,
2026-01-07 12:46:56+05:30,NIFTY2621026400CE,26400.0,2026-02-10,412.9,
2026-01-07 12:46:57+05:30,NIFTY2621026400CE,26400.0,2026-02-10,412.9,
2026-01-07 12:46:58+05:30,NIFTY2621026400CE,26400.0,2026-02-10,412.9,
2026-01-07 12:46:59+05:30,NIFTY2621026400CE,26400.0,2026-02-10,412.9,
2026-01-07 12:47:00+05:30,NIFTY2621026400CE,26400.0,2026-02-10,412.9,
2026-01-07 12:47:01+05:30,NIFTY2621026400CE,26400.0,2026-02-10,412.9,
2026-01-07 12:47:02+05:30,NIFTY2621026400CE,26400.0,2026-02-10,412.9,
2026-01-07 12:47:03+05:30,NIFTY2621026400CE,26400.0,2026-02-10,412.9,
2026-01-07 12:47:04+05:30,NIFTY2621026400CE,26400.0,2026-02-10,412.9,
2026-01-07 12:47:05+05:30,NIFTY2621026400CE,26400.0,2026-02-10,412.9,
2026-01-07 12:47:06+05:30,NIFTY2621026400CE,26400.0,2026-02-10,412.9,
2026-01-07 12:47:07+05:30,NIFTY2621026400CE,26400.0,2026-02-10,412.9,
2026-01-07 12:47:08+05:30,NIFTY2621026400CE,26400.0,2026-02-10,412.9,
2026-01-07 12:47:09+05:30,NIFTY2621026400CE,26400.0,2026-02-10,412.9,
2026-01-07 12:47:10+05:30,NIFTY2621026400CE,26400.0,2026-02-10,412.9,
2026-01-07 12:47:11+05:30,NIFTY2621026400CE,26400.0,2026-02-10,412.9,
2026-01-07 12:47:12+05:30,NIFTY2621026400CE,26400.0,2026-02-10,412.9,
2026-01-07 12:47:13+05:30,NIFTY2621026400CE,26400.0,2026-02-10,412.9,
2026-01-07 12:47:14+05:30,NIFTY2621026400CE,26400.0,2026-02-10,412.9,
2026-01-07 12:47:15+05:30,NIFTY2621026400CE,26400.0,2026-02-10,412.9,
2026-01-07 12:47:16+05:30,NIFTY2621026400CE,26400.0,2026-02-10,412.9,
2026-01-07 12:47:17+05:30,NIFTY2621026400CE,26400.0,2026-02-10,412.9,
2026-01-07 12:47:18+05:30,NIFTY2621026400CE,26400.0,2026-02-10,412.9,
2026-01-07 12:47:19+05:30,NIFTY2621026400CE,26400.0,2026-02-10,412.9,
2026-01-07 12:47:20+05:30,NIFTY2621026400CE,26400.0,2026-02-10,412.9,
2026-01-07 12:47:21+05:30,NIFTY2621026400CE,26400.0,2026-02-10,412.9,
2026-01-07 12:47:22+05:30,NIFTY2621026400CE,26400.0,2026-02-10,412.9,
2026-01-07 12:47:23+05:30,NIFTY2621026400CE,26400.0,2026-02-10,412.9,
2026-01-07 12:47:24+05:30,NIFTY2621026400CE,26400.0,2026-02-10,412.9,
2026-01-07 12:47:25+05:30,NIFTY2621026400CE,26400.0,2026-02-10,412.9,
2026-01-07 12:47:26+05:30,NIFTY2621026400CE,26400.0,2026-02-10,412.9,
2026-01-07 12:47:27+05:30,NIFTY2621026400CE,26400.0,2026-02-10,412.9,
2026-01-07 12:47:28+05:30,NIFTY2621026400CE,26400.0,2026-02-10,412.9,
2026-01-07 12:47:29+05:30,NIFTY2621026400CE,26400.0,2026-02-10,412.9,
2026-01-07 12:47:30+05:30,NIFTY2621026400CE,26400.0,2026-02-10,412.9,
2026-01-07 12:47:31+05:30,NIFTY2621026400CE,26400.0,2026-02-10,412.9,
2026-01-07 12:47:32+05:30,NIFTY2621026400CE,26400.0,2026-02-10,412.9,
2026-01-07 12:47:33+05:30,NIFTY2621026400CE,26400.0,2026-02-10,412.9,
2026-01-07 12:47:34+05:30,NIFTY2621026400CE,26400.0,2026-02-10,412.9,
2026-01-07 12:47:35+05:30,NIFTY2621026400CE,26400.0,2026-02-10,412.9,
2026-01-07 12:47:36+05:30,NIFTY2621026400CE,26400.0,2026-02-10,412.9,
2026-01-07 12:47:37+05:30,NIFTY2621026400CE,26400.0,2026-02-10,412.9,
2026-01-07 12:47:38+05:30,NIFTY2621026400CE,26400.0,2026-02-10,412.9,
2026-01-07 12:47:39+05:30,NIFTY2621026400CE,26400.0,2026-02-10,412.9,
2026-01-07 12:47:40+05:30,NIFTY2621026400CE,26400.0,2026-02-10,412.9,
2026-01-07 12:47:41+05:30,NIFTY2621026400CE,26400.0,2026-02-10,412.9,
2026-01-07 12:47:42+05:30,NIFTY2621026400CE,26400.0,2026-02-10,412.9,
2026-01-07 12:47:43+05:30,NIFTY2621026400CE,26400.0,2026-02-10,412.9,
2026-01-07 12:47:44+05:30,NIFTY2621026400CE,26400.0,2026-02-10,412.9,
2026-01-07 12:47:45+05:30,NIFTY2621026400CE,26400.0,2026-02-10,412.9,
2026-01-07 12:47:46+05:30,NIFTY2621026400CE,26400.0,2026-02-10,412.9,
2026-01-07 12:47:47+05:30,NIFTY2621026400CE,26400.0,2026-02-10,412.9,
2026-01-07 12:47:48+05:30,NIFTY2621026400CE,26400.0,2026-02-10,412.9,
2026-01-07 12:47:49+05:30,NIFTY2621026400CE,26400.0,2026-02-10,412.9,
2026-01-07 12:47:50+05:30,NIFTY2621026400CE,26400.0,2026-02-10,412.9,
2026-01-07 12:47:51+05:30,NIFTY2621026400CE,26400.0,2026-02-10,412.9,
2026-01-07 12:47:52+05:30,NIFTY2621026400CE,26400.0,2026-02-10,412.9,
2026-01-07 12:47:53+05:30,NIFTY2621026400CE,26400.0,2026-02-10,412.9,
2026-01-07 12:47:54+05:30,NIFTY2621026400CE,26400.0,2026-02-10,412.9,
2026-01-07 12:47:55+05:30,NIFTY2621026400CE,26400.0,2026-02-10,412.9,
2026-01-07 12:47:56+05:30,NIFTY2621026400CE,26400.0,2026-02-10,412.9,
2026-01-07 12:47:57+05:30,NIFTY2621026400CE,26400.0,2026-02-10,412.9,
2026-01-07 12:47:58+05:30,NIFTY2621026400CE,26400.0,2026-02-10,412.9,
2026-01-07 12:47:59+05:30,NIFTY2621026400CE,26400.0,2026-02-10,412.9,
2026-01-07 12:48:00+05:30,NIFTY2621026400CE,26400.0,2026-02-10,412.9,
2026-01-07 12:48:01+05:30,NIFTY2621026400CE,26400.0,2026-02-10,412.9,
2026-01-07 12:48:02+05:30,NIFTY2621026400CE,26400.0,2026-02-10,412.9,
2026-01-07 12:48:03+05:30,NIFTY2621026400CE,26400.0,2026-02-10,412.9,
2026-01-07 12:48:04+05:30,NIFTY2621026400CE,26400.0,2026-02-10,412.9,
2026-01-07 12:48:05+05:30,NIFTY2621026400CE,26400.0,2026-02-10,412.9,
2026-01-07 12:48:06+05:30,NIFTY2621026400CE,26400.0,2026-02-10,412.9,
2026-01-07 12:48:07+05:30,NIFTY2621026400CE,26400.0,2026-02-10,412.9,
2026-01-07 12:48:08+05:30,NIFTY2621026400CE,26400.0,2026-02-10,412.9,
2026-01-07 12:48:09+05:30,NIFTY2621026400CE,26400.0,2026-02-10,412.9,
2026-01-07 12:48:10+05:30,NIFTY2621026400CE,26400.0,2026-02-10,412.9,
2026-01-07 12:48:11+05:30,NIFTY2621026400CE,26400.0,2026-02-10,412.9,
2026-01-07 12:48:12+05:30,NIFTY2621026400CE,26400.0,2026-02-10,412.9,
2026-01-07 12:48:13+05:30,NIFTY2621026400CE,26400.0,2026-02-10,412.9,
2026-01-07 12:48:14+05:30,NIFTY2621026400CE,26400.0,2026-02-10,412.9,
2026-01-07 12:48:15+05:30,NIFTY2621026400CE,26400.0,2026-02-10,412.9,
2026-01-07 12:48:16+05:30,NIFTY2621026400CE,26400.0,2026-02-10,412.9,
2026-01-07 12:48:17+05:30,NIFTY2621026400CE,26400.0,2026-02-10,412.9,
2026-01-07 12:48:18+05:30,NIFTY2621026400CE,26400.0,2026-02-10,412.9,
2026-01-07 12:48:19+05:30,NIFTY2621026400CE,26400.0,2026-02-10,412.9,
2026-01-07 12:48:20+05:30,NIFTY2621026400CE,26400.0,2026-02-10,412.9,
2026-01-07 12:48:21+05:30,NIFTY2621026400CE,26400.0,2026-02-10,412.9,
2026-01-07 12:48:22+05:30,NIFTY2621026400CE,26400.0,2026-02-10,412.9,
2026-01-07 12:48:23+05:30,NIFTY2621026400CE,26400.0,2026-02-10,412.9,
2026-01-07 12:48:24+05:30,NIFTY2621026400CE,26400.0,2026-02-10,412.9,
2026-01-07 12:48:25+05:30,NIFTY2621026400CE,26400.0,2026-02-10,412.9,
2026-01-07 12:48:26+05:30,NIFTY2621026400CE,26400.0,2026-02-10,412.9,
2026-01-07 12:48:27+05:30,NIFTY2621026400CE,26400.0,2026-02-10,412.9,
2026-01-07 12:48:28+05:30,NIFTY2621026400CE,26400.0,2026-02-10,412.9,
2026-01-07 12:48:29+05:30,NIFTY2621026400CE,26400.0,2026-02-10,412.9,
2026-01-07 12:48:30+05:30,NIFTY2621026400CE,26400.0,2026-02-10,412.9,
2026-01-07 12:48:31+05:30,NIFTY2621026400CE,26400.0,2026-02-10,412.9,
2026-01-07 12:48:32+05:30,NIFTY2621026400CE,26400.0,2026-02-10,412.9,
2026-01-07 12:48:33+05:30,NIFTY2621026400CE,26400.0,2026-02-10,412.9,
2026-01-07 12:48:34+05:30,NIFTY2621026400CE,26400.0,2026-02-10,412.9,
2026-01-07 12:48:35+05:30,NIFTY2621026400CE,26400.0,2026-02-10,412.9,
2026-01-07 12:48:36+05:30,NIFTY2621026400CE,26400.0,2026-02-10,412.9,
2026-01-07 12:48:37+05:30,NIFTY2621026400CE,26400.0,2026-02-10,412.9,
2026-01-07 12:48:38+05:30,NIFTY2621026400CE,26400.0,2026-02-10,412.9,
2026-01-07 12:48:39+05:30,NIFTY2621026400CE,26400.0,2026-02-10,412.9,
2026-01-07 12:48:40+05:30,NIFTY2621026400CE,26400.0,2026-02-10,412.9,
2026-01-07 12:48:41+05:30,NIFTY2621026400CE,26400.0,2026-02-10,412.9,
2026-01-07 12:48:42+05:30,NIFTY2621026400CE,26400.0,2026-02-10,412.9,
2026-01-07 12:48:43+05:30,NIFTY2621026400CE,26400.0,2026-02-10,412.9,
2026-01-07 12:48:44+05:30,NIFTY2621026400CE,26400.0,2026-02-10,412.9,
2026-01-07 12:48:45+05:30,NIFTY2621026400CE,26400.0,2026-02-10,412.9,
2026-01-07 12:48:46+05:30,NIFTY2621026400CE,26400.0,2026-02-10,412.9,
2026-01-07 12:48:47+05:30,NIFTY2621026400CE,26400.0,2026-02-10,412.9,
2026-01-07 12:48:48+05:30,NIFTY2621026400CE,26400.0,2026-02-10,412.9,
2026-01-07 12:48:49+05:30,NIFTY2621026400CE,26400.0,2026-02-10,412.9,
2026-01-07 12:48:50+05:30,NIFTY2621026400CE,26400.0,2026-02-10,412.9,
2026-01-07 12:48:51+05:30,NIFTY2621026400CE,26400.0,2026-02-10,412.9,
2026-01-07 12:48:52+05:30,NIFTY2621026400CE,26400.0,2026-02-10,412.9,
2026-01-07 12:48:53+05:30,NIFTY2621026400CE,26400.0,2026-02-10,412.9,
2026-01-07 12:48:54+05:30,NIFTY2621026400CE,26400.0,2026-02-10,412.9,
2026-01-07 12:48:55+05:30,NIFTY2621026400CE,26400.0,2026-02-10,412.9,
2026-01-07 12:48:56+05:30,NIFTY2621026400CE,26400.0,2026-02-10,412.9,
2026-01-07 12:48:57+05:30,NIFTY2621026400CE,26400.0,2026-02-10,412.9,
2026-01-07 12:48:58+05:30,NIFTY2621026400CE,26400.0,2026-02-10,412.9,
2026-01-07 12:48:59+05:30,NIFTY2621026400CE,26400.0,2026-02-10,412.9,
2026-01-07 12:49:00+05:30,NIFTY2621026400CE,26400.0,2026-02-10,412.9,
2026-01-07 12:49:01+05:30,NIFTY2621026400CE,26400.0,2026-02-10,412.9,
2026-01-07 12:49:02+05:30,NIFTY2621026400CE,26400.0,2026-02-10,412.9,
2026-01-07 12:49:03+05:30,NIFTY2621026400CE,26400.0,2026-02-10,412.9,
2026-01-07 12:49:04+05:30,NIFTY2621026400CE,26400.0,2026-02-10,412.9,
2026-01-07 12:49:05+05:30,NIFTY2621026400CE,26400.0,2026-02-10,412.9,
2026-01-07 12:49:06+05:30,NIFTY2621026400CE,26400.0,2026-02-10,412.9,
2026-01-07 12:49:07+05:30,NIFTY2621026400CE,26400.0,2026-02-10,412.9,
2026-01-07 12:49:08+05:30,NIFTY2621026400CE,26400.0,2026-02-10,412.9,
2026-01-07 12:49:09+05:30,NIFTY2621026400CE,26400.0,2026-02-10,412.9,
2026-01-07 12:49:10+05:30,NIFTY2621026400CE,26400.0,2026-02-10,412.9,
2026-01-07 12:49:11+05:30,NIFTY2621026400CE,26400.0,2026-02-10,412.9,
2026-01-07 12:49:12+05:30,NIFTY2621026400CE,26400.0,2026-02-10,412.9,
2026-01-07 12:49:13+05:30,NIFTY2621026400CE,26400.0,2026-02-10,412.9,
2026-01-07 12:49:14+05:30,NIFTY2621026400CE,26400.0,2026-02-10,412.9,
2026-01-07 12:49:15+05:30,NIFTY2621026400CE,26400.0,2026-02-10,412.9,
2026-01-07 12:49:16+05:30,NIFTY2621026400CE,26400.0,2026-02-10,412.9,
2026-01-07 12:49:17+05:30,NIFTY2621026400CE,26400.0,2026-02-10,412.9,
2026-01-07 12:49:18+05:30,NIFTY2621026400CE,26400.0,2026-02-10,412.9,
2026-01-07 12:49:19+05:30,NIFTY2621026400CE,26400.0,2026-02-10,412.9,
2026-01-07 12:49:20+05:30,NIFTY2621026400CE,26400.0,2026-02-10,412.9,
2026-01-07 12:49:21+05:30,NIFTY2621026400CE,26400.0,2026-02-10,412.9,
2026-01-07 12:49:22+05:30,NIFTY2621026400CE,26400.0,2026-02-10,412.9,
2026-01-07 12:49:23+05:30,NIFTY2621026400CE,26400.0,2026-02-10,412.9,
2026-01-07 12:49:24+05:30,NIFTY2621026400CE,26400.0,2026-02-10,412.9,
2026-01-07 12:49:25+05:30,NIFTY2621026400CE,26400.0,2026-02-10,412.9,
2026-01-07 12:49:26+05:30,NIFTY2621026400CE,26400.0,2026-02-10,412.9,
2026-01-07 12:49:27+05:30,NIFTY2621026400CE,26400.0,2026-02-10,412.9,
2026-01-07 12:49:28+05:30,NIFTY2621026400CE,26400.0,2026-02-10,412.9,
2026-01-07 12:49:29+05:30,NIFTY2621026400CE,26400.0,2026-02-10,412.9,
2026-01-07 12:49:30+05:30,NIFTY2621026400CE,26400.0,2026-02-10,412.9,
2026-01-07 12:49:31+05:30,NIFTY2621026400CE,26400.0,2026-02-10,412.9,
2026-01-07 12:49:32+05:30,NIFTY2621026400CE,26400.0,2026-02-10,412.9,
2026-01-07 12:49:33+05:30,NIFTY2621026400CE,26400.0,2026-02-10,412.9,
2026-01-07 12:49:34+05:30,NIFTY2621026400CE,26400.0,2026-02-10,412.9,
2026-01-07 12:49:35+05:30,NIFTY2621026400CE,26400.0,2026-02-10,412.9,
2026-01-07 12:49:36+05:30,NIFTY2621026400CE,26400.0,2026-02-10,412.9,
2026-01-07 12:49:37+05:30,NIFTY2621026400CE,26400.0,2026-02-10,412.9,
2026-01-07 12:49:38+05:30,NIFTY2621026400CE,26400.0,2026-02-10,412.9,
2026-01-07 12:49:39+05:30,NIFTY2621026400CE,26400.0,2026-02-10,412.9,
2026-01-07 12:49:40+05:30,NIFTY2621026400CE,26400.0,2026-02-10,412.9,
2026-01-07 12:49:41+05:30,NIFTY2621026400CE,26400.0,2026-02-10,412.9,
2026-01-07 12:49:42+05:30,NIFTY2621026400CE,26400.0,2026-02-10,412.9,
2026-01-07 12:49:43+05:30,NIFTY2621026400CE,26400.0,2026-02-10,412.9,
2026-01-07 12:49:44+05:30,NIFTY2621026400CE,26400.0,2026-02-10,412.9,
2026-01-07 12:49:45+05:30,NIFTY2621026400CE,26400.0,2026-02-10,412.9,
2026-01-07 12:49:46+05:30,NIFTY2621026400CE,26400.0,2026-02-10,412.9,
2026-01-07 12:49:47+05:30,NIFTY2621026400CE,26400.0,2026-02-10,412.9,
2026-01-07 12:49:48+05:30,NIFTY2621026400CE,26400.0,2026-02-10,412.9,
2026-01-07 12:49:49+05:30,NIFTY2621026400CE,26400.0,2026-02-10,412.9,
2026-01-07 12:49:50+05:30,NIFTY2621026400CE,26400.0,2026-02-10,412.9,
2026-01-07 12:49:51+05:30,NIFTY2621026400CE,26400.0,2026-02-10,412.9,
2026-01-07 12:49:52+05:30,NIFTY2621026400CE,26400.0,2026-02-10,412.9,
2026-01-07 12:49:53+05:30,NIFTY2621026400CE,26400.0,2026-02-10,412.9,
2026-01-07 12:49:54+05:30,NIFTY2621026400CE,26400.0,2026-02-10,412.9,
2026-01-07 12:49:55+05:30,NIFTY2621026400CE,26400.0,2026-02-10,412.9,
2026-01-07 12:49:56+05:30,NIFTY2621026400CE,26400.0,2026-02-10,412.9,
2026-01-07 12:49:57+05:30,NIFTY2621026400CE,26400.0,2026-02-10,412.9,
2026-01-07 12:49:58+05:30,NIFTY2621026400CE,26400.0,2026-02-10,412.9,
2026-01-07 12:49:59+05:30,NIFTY2621026400CE,26400.0,2026-02-10,412.9,
2026-01-07 12:50:00+05:30,NIFTY2621026400CE,26400.0,2026-02-10,412.9,
2026-01-07 12:50:01+05:30,NIFTY2621026400CE,26400.0,2026-02-10,412.9,
2026-01-07 12:50:02+05:30,NIFTY2621026400CE,26400.0,2026-02-10,412.9,
2026-01-07 12:50:03+05:30,NIFTY2621026400CE,26400.0,2026-02-10,412.9,
2026-01-07 12:50:04+05:30,NIFTY2621026400CE,26400.0,2026-02-10,412.9,
2026-01-07 12:50:05+05:30,NIFTY2621026400CE,26400.0,2026-02-10,412.9,
2026-01-07 12:50:06+05:30,NIFTY2621026400CE,26400.0,2026-02-10,412.9,
2026-01-07 12:50:07+05:30,NIFTY2621026400CE,26400.0,2026-02-10,412.9,
2026-01-07 12:50:08+05:30,NIFTY2621026400CE,26400.0,2026-02-10,412.9,
2026-01-07 12:50:09+05:30,NIFTY2621026400CE,26400.0,2026-02-10,412.9,
2026-01-07 12:50:10+05:30,NIFTY2621026400CE,26400.0,2026-02-10,412.9,
2026-01-07 12:50:11+05:30,NIFTY2621026400CE,26400.0,2026-02-10,412.9,
2026-01-07 12:50:12+05:30,NIFTY2621026400CE,26400.0,2026-02-10,412.9,
2026-01-07 12:50:13+05:30,NIFTY2621026400CE,26400.0,2026-02-10,412.9,
2026-01-07 12:50:14+05:30,NIFTY2621026400CE,26400.0,2026-02-10,412.9,
2026-01-07 12:50:15+05:30,NIFTY2621026400CE,26400.0,2026-02-10,412.9,
2026-01-07 12:50:16+05:30,NIFTY2621026400CE,26400.0,2026-02-10,412.9,
2026-01-07 12:50:17+05:30,NIFTY2621026400CE,26400.0,2026-02-10,412.9,
2026-01-07 12:50:18+05:30,NIFTY2621026400CE,26400.0,2026-02-10,412.9,
2026-01-07 12:50:19+05:30,NIFTY2621026400CE,26400.0,2026-02-10,412.9,
2026-01-07 12:50:20+05:30,NIFTY2621026400CE,26400.0,2026-02-10,412.9,
2026-01-07 12:50:21+05:30,NIFTY2621026400CE,26400.0,2026-02-10,412.9,
2026-01-07 12:50:22+05:30,NIFTY2621026400CE,26400.0,2026-02-10,412.9,
2026-01-07 12:50:23+05:30,NIFTY2621026400CE,26400.0,2026-02-10,412.9,
2026-01-07 12:50:24+05:30,NIFTY2621026400CE,26400.0,2026-02-10,412.9,
2026-01-07 12:50:25+05:30,NIFTY2621026400CE,26400.0,2026-02-10,412.9,
2026-01-07 12:50:26+05:30,NIFTY2621026400CE,26400.0,2026-02-10,412.9,
2026-01-07 12:50:27+05:30,NIFTY2621026400CE,26400.0,2026-02-10,412.9,
2026-01-07 12:50:28+05:30,NIFTY2621026400CE,26400.0,2026-02-10,412.9,
2026-01-07 12:50:29+05:30,NIFTY2621026400CE,26400.0,2026-02-10,412.9,
2026-01-07 12:50:30+05:30,NIFTY2621026400CE,26400.0,2026-02-10,412.9,
2026-01-07 12:50:31+05:30,NIFTY2621026400CE,26400.0,2026-02-10,412.9,
2026-01-07 12:50:32+05:30,NIFTY2621026400CE,26400.0,2026-02-10,412.9,
2026-01-07 12:50:33+05:30,NIFTY2621026400CE,26400.0,2026-02-10,412.9,
2026-01-07 12:50:34+05:30,NIFTY2621026400CE,26400.0,2026-02-10,412.9,
2026-01-07 12:50:35+05:30,NIFTY2621026400CE,26400.0,2026-02-10,412.9,
2026-01-07 12:50:36+05:30,NIFTY2621026400CE,26400.0,2026-02-10,412.9,
2026-01-07 12:50:37+05:30,NIFTY2621026400CE,26400.0,2026-02-10,412.9,
2026-01-07 12:50:38+05:30,NIFTY2621026400CE,26400.0,2026-02-10,412.9,
2026-01-07 12:50:39+05:30,NIFTY2621026400CE,26400.0,2026-02-10,412.9,
2026-01-07 12:50:40+05:30,NIFTY2621026400CE,26400.0,2026-02-10,412.9,
2026-01-07 12:50:41+05:30,NIFTY2621026400CE,26400.0,2026-02-10,412.9,
2026-01-07 12:50:42+05:30,NIFTY2621026400CE,26400.0,2026-02-10,412.9,
2026-01-07 12:50:43+05:30,NIFTY2621026400CE,26400.0,2026-02-10,412.9,
2026-01-07 12:50:44+05:30,NIFTY2621026400CE,26400.0,2026-02-10,412.9,
2026-01-07 12:50:45+05:30,NIFTY2621026400CE,26400.0,2026-02-10,412.9,
2026-01-07 12:50:46+05:30,NIFTY2621026400CE,26400.0,2026-02-10,412.9,
2026-01-07 12:50:47+05:30,NIFTY2621026400CE,26400.0,2026-02-10,412.9,
2026-01-07 12:50:48+05:30,NIFTY2621026400CE,26400.0,2026-02-10,412.9,
2026-01-07 12:50:49+05:30,NIFTY2621026400CE,26400.0,2026-02-10,412.9,
2026-01-07 12:50:50+05:30,NIFTY2621026400CE,26400.0,2026-02-10,412.9,
2026-01-07 12:50:51+05:30,NIFTY2621026400CE,26400.0,2026-02-10,412.9,
2026-01-07 12:50:52+05:30,NIFTY2621026400CE,26400.0,2026-02-10,412.9,
2026-01-07 12:50:53+05:30,NIFTY2621026400CE,26400.0,2026-02-10,412.9,
2026-01-07 12:50:54+05:30,NIFTY2621026400CE,26400.0,2026-02-10,412.9,
2026-01-07 12:50:55+05:30,NIFTY2621026400CE,26400.0,2026-02-10,412.9,
2026-01-07 12:50:56+05:30,NIFTY2621026400CE,26400.0,2026-02-10,412.9,
2026-01-07 12:50:57+05:30,NIFTY2621026400CE,26400.0,2026-02-10,412.9,
2026-01-07 12:50:58+05:30,NIFTY2621026400CE,26400.0,2026-02-10,412.9,
2026-01-07 12:50:59+05:30,NIFTY2621026400CE,26400.0,2026-02-10,412.9,
2026-01-07 12:51:00+05:30,NIFTY2621026400CE,26400.0,2026-02-10,412.9,
2026-01-07 12:51:01+05:30,NIFTY2621026400CE,26400.0,2026-02-10,412.9,
2026-01-07 12:51:02+05:30,NIFTY2621026400CE,26400.0,2026-02-10,412.9,
2026-01-07 12:51:03+05:30,NIFTY2621026400CE,26400.0,2026-02-10,412.9,
2026-01-07 12:51:04+05:30,NIFTY2621026400CE,26400.0,2026-02-10,412.9,
2026-01-07 12:51:05+05:30,NIFTY2621026400CE,26400.0,2026-02-10,412.9,
2026-01-07 12:51:06+05:30,NIFTY2621026400CE,26400.0,2026-02-10,412.9,
2026-01-07 12:51:07+05:30,NIFTY2621026400CE,26400.0,2026-02-10,412.9,
2026-01-07 12:51:08+05:30,NIFTY2621026400CE,26400.0,2026-02-10,412.9,
2026-01-07 12:51:09+05:30,NIFTY2621026400CE,26400.0,2026-02-10,412.9,
2026-01-07 12:51:10+05:30,NIFTY2621026400CE,26400.0,2026-02-10,412.9,
2026-01-07 12:51:11+05:30,NIFTY2621026400CE,26400.0,2026-02-10,412.9,
2026-01-07 12:51:12+05:30,NIFTY2621026400CE,26400.0,2026-02-10,412.9,
2026-01-07 12:51:13+05:30,NIFTY2621026400CE,26400.0,2026-02-10,412.9,
2026-01-07 12:51:14+05:30,NIFTY2621026400CE,26400.0,2026-02-10,412.9,
2026-01-07 12:51:15+05:30,NIFTY2621026400CE,26400.0,2026-02-10,412.9,
2026-01-07 12:51:16+05:30,NIFTY2621026400CE,26400.0,2026-02-10,412.9,
2026-01-07 12:51:17+05:30,NIFTY2621026400CE,26400.0,2026-02-10,412.9,
2026-01-07 12:51:18+05:30,NIFTY2621026400CE,26400.0,2026-02-10,412.9,
2026-01-07 12:51:19+05:30,NIFTY2621026400CE,26400.0,2026-02-10,412.9,
2026-01-07 12:51:20+05:30,NIFTY2621026400CE,26400.0,2026-02-10,412.9,
2026-01-07 12:51:21+05:30,NIFTY2621026400CE,26400.0,2026-02-10,412.9,
2026-01-07 12:51:22+05:30,NIFTY2621026400CE,26400.0,2026-02-10,412.9,
2026-01-07 12:51:23+05:30,NIFTY2621026400CE,26400.0,2026-02-10,412.9,
2026-01-07 12:51:24+05:30,NIFTY2621026400CE,26400.0,2026-02-10,412.9,
2026-01-07 12:51:25+05:30,NIFTY2621026400CE,26400.0,2026-02-10,412.9,
2026-01-07 12:51:26+05:30,NIFTY2621026400CE,26400.0,2026-02-10,412.9,
2026-01-07 12:51:27+05:30,NIFTY2621026400CE,26400.0,2026-02-10,412.9,
2026-01-07 12:51:28+05:30,NIFTY2621026400CE,26400.0,2026-02-10,412.9,
2026-01-07 12:51:29+05:30,NIFTY2621026400CE,26400.0,2026-02-10,412.9,
2026-01-07 12:51:30+05:30,NIFTY2621026400CE,26400.0,2026-02-10,412.9,
2026-01-07 12:51:31+05:30,NIFTY2621026400CE,26400.0,2026-02-10,412.9,
2026-01-07 12:51:32+05:30,NIFTY2621026400CE,26400.0,2026-02-10,412.9,
2026-01-07 12:51:33+05:30,NIFTY2621026400CE,26400.0,2026-02-10,412.9,
2026-01-07 12:51:34+05:30,NIFTY2621026400CE,26400.0,2026-02-10,412.9,
2026-01-07 12:51:35+05:30,NIFTY2621026400CE,26400.0,2026-02-10,412.9,
2026-01-07 12:51:36+05:30,NIFTY2621026400CE,26400.0,2026-02-10,412.9,
2026-01-07 12:51:37+05:30,NIFTY2621026400CE,26400.0,2026-02-10,412.9,
2026-01-07 12:51:38+05:30,NIFTY2621026400CE,26400.0,2026-02-10,412.9,
2026-01-07 12:51:39+05:30,NIFTY2621026400CE,26400.0,2026-02-10,412.9,
2026-01-07 12:51:40+05:30,NIFTY2621026400CE,26400.0,2026-02-10,412.9,
2026-01-07 12:51:41+05:30,NIFTY2621026400CE,26400.0,2026-02-10,412.9,
2026-01-07 12:51:42+05:30,NIFTY2621026400CE,26400.0,2026-02-10,412.9,
2026-01-07 12:51:43+05:30,NIFTY2621026400CE,26400.0,2026-02-10,412.9,
2026-01-07 12:51:44+05:30,NIFTY2621026400CE,26400.0,2026-02-10,412.9,
2026-01-07 12:51:45+05:30,NIFTY2621026400CE,26400.0,2026-02-10,412.9,
2026-01-07 12:51:46+05:30,NIFTY2621026400CE,26400.0,2026-02-10,412.9,
2026-01-07 12:51:47+05:30,NIFTY2621026400CE,26400.0,2026-02-10,412.9,
2026-01-07 12:51:48+05:30,NIFTY2621026400CE,26400.0,2026-02-10,412.9,
2026-01-07 12:51:49+05:30,NIFTY2621026400CE,26400.0,2026-02-10,412.9,
2026-01-07 12:51:50+05:30,NIFTY2621026400CE,26400.0,2026-02-10,412.9,
2026-01-07 12:51:51+05:30,NIFTY2621026400CE,26400.0,2026-02-10,412.9,
2026-01-07 12:51:52+05:30,NIFTY2621026400CE,26400.0,2026-02-10,412.9,
2026-01-07 12:51:53+05:30,NIFTY2621026400CE,26400.0,2026-02-10,412.9,
2026-01-07 12:51:54+05:30,NIFTY2621026400CE,26400.0,2026-02-10,412.9,
2026-01-07 12:51:55+05:30,NIFTY2621026400CE,26400.0,2026-02-10,412.9,
2026-01-07 12:51:56+05:30,NIFTY2621026400CE,26400.0,2026-02-10,412.9,
2026-01-07 12:51:57+05:30,NIFTY2621026400CE,26400.0,2026-02-10,412.9,
2026-01-07 12:51:58+05:30,NIFTY2621026400CE,26400.0,2026-02-10,412.9,
2026-01-07 12:51:59+05:30,NIFTY2621026400CE,26400.0,2026-02-10,412.9,
2026-01-07 12:52:00+05:30,NIFTY2621026400CE,26400.0,2026-02-10,412.9,
2026-01-07 12:52:01+05:30,NIFTY2621026400CE,26400.0,2026-02-10,412.9,
2026-01-07 12:52:02+05:30,NIFTY2621026400CE,26400.0,2026-02-10,412.9,
2026-01-07 12:52:03+05:30,NIFTY2621026400CE,26400.0,2026-02-10,412.9,
2026-01-07 12:52:04+05:30,NIFTY2621026400CE,26400.0,2026-02-10,412.9,
2026-01-07 12:52:05+05:30,NIFTY2621026400CE,26400.0,2026-02-10,412.9,
2026-01-07 12:52:06+05:30,NIFTY2621026400CE,26400.0,2026-02-10,412.9,
2026-01-07 12:52:07+05:30,NIFTY2621026400CE,26400.0,2026-02-10,412.9,
2026-01-07 12:52:08+05:30,NIFTY2621026400CE,26400.0,2026-02-10,412.9,
2026-01-07 12:52:09+05:30,NIFTY2621026400CE,26400.0,2026-02-10,412.9,
2026-01-07 12:52:10+05:30,NIFTY2621026400CE,26400.0,2026-02-10,412.9,
2026-01-07 12:52:11+05:30,NIFTY2621026400CE,26400.0,2026-02-10,412.9,
2026-01-07 12:52:12+05:30,NIFTY2621026400CE,26400.0,2026-02-10,412.9,
2026-01-07 12:52:13+05:30,NIFTY2621026400CE,26400.0,2026-02-10,412.9,
2026-01-07 12:52:14+05:30,NIFTY2621026400CE,26400.0,2026-02-10,412.9,
2026-01-07 12:52:15+05:30,NIFTY2621026400CE,26400.0,2026-02-10,412.9,
2026-01-07 12:52:16+05:30,NIFTY2621026400CE,26400.0,2026-02-10,412.9,
2026-01-07 12:52:17+05:30,NIFTY2621026400CE,26400.0,2026-02-10,412.9,
2026-01-07 12:52:18+05:30,NIFTY2621026400CE,26400.0,2026-02-10,412.9,
2026-01-07 12:52:19+05:30,NIFTY2621026400CE,26400.0,2026-02-10,412.9,
2026-01-07 12:52:20+05:30,NIFTY2621026400CE,26400.0,2026-02-10,412.9,
2026-01-07 12:52:21+05:30,NIFTY2621026400CE,26400.0,2026-02-10,412.9,
2026-01-07 12:52:22+05:30,NIFTY2621026400CE,26400.0,2026-02-10,412.9,
2026-01-07 12:52:23+05:30,NIFTY2621026400CE,26400.0,2026-02-10,412.9,
2026-01-07 12:52:24+05:30,NIFTY2621026400CE,26400.0,2026-02-10,412.9,
2026-01-07 12:52:25+05:30,NIFTY2621026400CE,26400.0,2026-02-10,412.9,
2026-01-07 12:52:26+05:30,NIFTY2621026400CE,26400.0,2026-02-10,412.9,
2026-01-07 12:52:27+05:30,NIFTY2621026400CE,26400.0,2026-02-10,412.9,
2026-01-07 12:52:28+05:30,NIFTY2621026400CE,26400.0,2026-02-10,412.9,
2026-01-07 12:52:29+05:30,NIFTY2621026400CE,26400.0,2026-02-10,412.9,
2026-01-07 12:52:30+05:30,NIFTY2621026400CE,26400.0,2026-02-10,412.9,
2026-01-07 12:52:31+05:30,NIFTY2621026400CE,26400.0,2026-02-10,412.9,
2026-01-07 12:52:32+05:30,NIFTY2621026400CE,26400.0,2026-02-10,412.9,
2026-01-07 12:52:33+05:30,NIFTY2621026400CE,26400.0,2026-02-10,412.9,
2026-01-07 12:52:34+05:30,NIFTY2621026400CE,26400.0,2026-02-10,412.9,
2026-01-07 12:52:35+05:30,NIFTY2621026400CE,26400.0,2026-02-10,412.9,
2026-01-07 12:52:36+05:30,NIFTY2621026400CE,26400.0,2026-02-10,412.9,
2026-01-07 12:52:37+05:30,NIFTY2621026400CE,26400.0,2026-02-10,412.9,
2026-01-07 12:52:38+05:30,NIFTY2621026400CE,26400.0,2026-02-10,412.9,
2026-01-07 12:52:39+05:30,NIFTY2621026400CE,26400.0,2026-02-10,412.9,
2026-01-07 12:52:40+05:30,NIFTY2621026400CE,26400.0,2026-02-10,412.9,
2026-01-07 12:52:41+05:30,NIFTY2621026400CE,26400.0,2026-02-10,412.9,
2026-01-07 12:52:42+05:30,NIFTY2621026400CE,26400.0,2026-02-10,412.9,
2026-01-07 12:52:43+05:30,NIFTY2621026400CE,26400.0,2026-02-10,412.9,
2026-01-07 12:52:44+05:30,NIFTY2621026400CE,26400.0,2026-02-10,412.9,
2026-01-07 12:52:45+05:30,NIFTY2621026400CE,26400.0,2026-02-10,412.9,
2026-01-07 12:52:46+05:30,NIFTY2621026400CE,26400.0,2026-02-10,412.9,
2026-01-07 12:52:47+05:30,NIFTY2621026400CE,26400.0,2026-02-10,412.9,
2026-01-07 12:52:48+05:30,NIFTY2621026400CE,26400.0,2026-02-10,412.9,
2026-01-07 12:52:49+05:30,NIFTY2621026400CE,26400.0,2026-02-10,412.9,
2026-01-07 12:52:50+05:30,NIFTY2621026400CE,26400.0,2026-02-10,412.9,
2026-01-07 12:52:51+05:30,NIFTY2621026400CE,26400.0,2026-02-10,412.9,
2026-01-07 12:52:52+05:30,NIFTY2621026400CE,26400.0,2026-02-10,412.9,
2026-01-07 12:52:53+05:30,NIFTY2621026400CE,26400.0,2026-02-10,412.9,
2026-01-07 12:52:54+05:30,NIFTY2621026400CE,26400.0,2026-02-10,412.9,
2026-01-07 12:52:55+05:30,NIFTY2621026400CE,26400.0,2026-02-10,412.9,
2026-01-07 12:52:56+05:30,NIFTY2621026400CE,26400.0,2026-02-10,412.9,
2026-01-07 12:52:57+05:30,NIFTY2621026400CE,26400.0,2026-02-10,412.9,
2026-01-07 12:52:58+05:30,NIFTY2621026400CE,26400.0,2026-02-10,412.9,
2026-01-07 12:52:59+05:30,NIFTY2621026400CE,26400.0,2026-02-10,412.9,
2026-01-07 12:53:00+05:30,NIFTY2621026400CE,26400.0,2026-02-10,412.9,
2026-01-07 12:53:01+05:30,NIFTY2621026400CE,26400.0,2026-02-10,412.9,
2026-01-07 12:53:02+05:30,NIFTY2621026400CE,26400.0,2026-02-10,412.9,
2026-01-07 12:53:03+05:30,NIFTY2621026400CE,26400.0,2026-02-10,412.9,
2026-01-07 12:53:04+05:30,NIFTY2621026400CE,26400.0,2026-02-10,412.9,
2026-01-07 12:53:05+05:30,NIFTY2621026400CE,26400.0,2026-02-10,412.9,
2026-01-07 12:53:06+05:30,NIFTY2621026400CE,26400.0,2026-02-10,412.9,
2026-01-07 12:53:07+05:30,NIFTY2621026400CE,26400.0,2026-02-10,412.9,
2026-01-07 12:53:08+05:30,NIFTY2621026400CE,26400.0,2026-02-10,412.9,
2026-01-07 12:53:09+05:30,NIFTY2621026400CE,26400.0,2026-02-10,412.9,
2026-01-07 12:53:10+05:30,NIFTY2621026400CE,26400.0,2026-02-10,412.9,
2026-01-07 12:53:11+05:30,NIFTY2621026400CE,26400.0,2026-02-10,412.9,
2026-01-07 12:53:12+05:30,NIFTY2621026400CE,26400.0,2026-02-10,412.9,
2026-01-07 12:53:13+05:30,NIFTY2621026400CE,26400.0,2026-02-10,412.9,
2026-01-07 12:53:14+05:30,NIFTY2621026400CE,26400.0,2026-02-10,412.9,
2026-01-07 12:53:15+05:30,NIFTY2621026400CE,26400.0,2026-02-10,412.9,
2026-01-07 12:53:16+05:30,NIFTY2621026400CE,26400.0,2026-02-10,412.9,
2026-01-07 12:53:17+05:30,NIFTY2621026400CE,26400.0,2026-02-10,412.9,
2026-01-07 12:53:18+05:30,NIFTY2621026400CE,26400.0,2026-02-10,412.9,
2026-01-07 12:53:19+05:30,NIFTY2621026400CE,26400.0,2026-02-10,412.9,
2026-01-07 12:53:20+05:30,NIFTY2621026400CE,26400.0,2026-02-10,412.9,
2026-01-07 12:53:21+05:30,NIFTY2621026400CE,26400.0,2026-02-10,412.9,
2026-01-07 12:53:22+05:30,NIFTY2621026400CE,26400.0,2026-02-10,412.9,
2026-01-07 12:53:23+05:30,NIFTY2621026400CE,26400.0,2026-02-10,412.9,
2026-01-07 12:53:24+05:30,NIFTY2621026400CE,26400.0,2026-02-10,412.9,
2026-01-07 12:53:25+05:30,NIFTY2621026400CE,26400.0,2026-02-10,412.9,
2026-01-07 12:53:26+05:30,NIFTY2621026400CE,26400.0,2026-02-10,412.9,
2026-01-07 12:53:27+05:30,NIFTY2621026400CE,26400.0,2026-02-10,412.9,
2026-01-07 12:53:28+05:30,NIFTY2621026400CE,26400.0,2026-02-10,412.9,
2026-01-07 12:53:29+05:30,NIFTY2621026400CE,26400.0,2026-02-10,412.9,
2026-01-07 12:53:30+05:30,NIFTY2621026400CE,26400.0,2026-02-10,412.9,
2026-01-07 12:53:31+05:30,NIFTY2621026400CE,26400.0,2026-02-10,412.9,
2026-01-07 12:53:32+05:30,NIFTY2621026400CE,26400.0,2026-02-10,412.9,
2026-01-07 12:53:33+05:30,NIFTY2621026400CE,26400.0,2026-02-10,412.9,
2026-01-07 12:53:34+05:30,NIFTY2621026400CE,26400.0,2026-02-10,412.9,
2026-01-07 12:53:35+05:30,NIFTY2621026400CE,26400.0,2026-02-10,412.9,
2026-01-07 12:53:36+05:30,NIFTY2621026400CE,26400.0,2026-02-10,412.9,
2026-01-07 12:53:37+05:30,NIFTY2621026400CE,26400.0,2026-02-10,412.9,
2026-01-07 12:53:38+05:30,NIFTY2621026400CE,26400.0,2026-02-10,412.9,
2026-01-07 12:53:39+05:30,NIFTY2621026400CE,26400.0,2026-02-10,412.9,
2026-01-07 12:53:40+05:30,NIFTY2621026400CE,26400.0,2026-02-10,412.9,
2026-01-07 12:53:41+05:30,NIFTY2621026400CE,26400.0,2026-02-10,412.9,
2026-01-07 12:53:42+05:30,NIFTY2621026400CE,26400.0,2026-02-10,412.9,
2026-01-07 12:53:43+05:30,NIFTY2621026400CE,26400.0,2026-02-10,412.9,
2026-01-07 12:53:44+05:30,NIFTY2621026400CE,26400.0,2026-02-10,412.9,
2026-01-07 12:53:45+05:30,NIFTY2621026400CE,26400.0,2026-02-10,412.9,
2026-01-07 12:53:46+05:30,NIFTY2621026400CE,26400.0,2026-02-10,412.9,
2026-01-07 12:53:47+05:30,NIFTY2621026400CE,26400.0,2026-02-10,412.9,
2026-01-07 12:53:48+05:30,NIFTY2621026400CE,26400.0,2026-02-10,412.9,
2026-01-07 12:53:49+05:30,NIFTY2621026400CE,26400.0,2026-02-10,412.9,
2026-01-07 12:53:50+05:30,NIFTY2621026400CE,26400.0,2026-02-10,412.9,
2026-01-07 12:53:51+05:30,NIFTY2621026400CE,26400.0,2026-02-10,412.9,
2026-01-07 12:53:52+05:30,NIFTY2621026400CE,26400.0,2026-02-10,412.9,
2026-01-07 12:53:53+05:30,NIFTY2621026400CE,26400.0,2026-02-10,412.9,
2026-01-07 12:53:54+05:30,NIFTY2621026400CE,26400.0,2026-02-10,412.9,
2026-01-07 12:53:55+05:30,NIFTY2621026400CE,26400.0,2026-02-10,412.9,
2026-01-07 12:53:56+05:30,NIFTY2621026400CE,26400.0,2026-02-10,412.9,
2026-01-07 12:53:57+05:30,NIFTY2621026400CE,26400.0,2026-02-10,412.9,
2026-01-07 12:53:58+05:30,NIFTY2621026400CE,26400.0,2026-02-10,412.9,
2026-01-07 12:53:59+05:30,NIFTY2621026400CE,26400.0,2026-02-10,412.9,
2026-01-07 12:54:00+05:30,NIFTY2621026400CE,26400.0,2026-02-10,412.9,
2026-01-07 12:54:01+05:30,NIFTY2621026400CE,26400.0,2026-02-10,412.9,
2026-01-07 12:54:02+05:30,NIFTY2621026400CE,26400.0,2026-02-10,412.9,
2026-01-07 12:54:03+05:30,NIFTY2621026400CE,26400.0,2026-02-10,412.9,
2026-01-07 12:54:04+05:30,NIFTY2621026400CE,26400.0,2026-02-10,412.9,
2026-01-07 12:54:05+05:30,NIFTY2621026400CE,26400.0,2026-02-10,412.9,
2026-01-07 12:54:06+05:30,NIFTY2621026400CE,26400.0,2026-02-10,412.9,
2026-01-07 12:54:07+05:30,NIFTY2621026400CE,26400.0,2026-02-10,412.9,
2026-01-07 12:54:08+05:30,NIFTY2621026400CE,26400.0,2026-02-10,412.9,
2026-01-07 12:54:09+05:30,NIFTY2621026400CE,26400.0,2026-02-10,412.9,
2026-01-07 12:54:10+05:30,NIFTY2621026400CE,26400.0,2026-02-10,412.9,
2026-01-07 12:54:11+05:30,NIFTY2621026400CE,26400.0,2026-02-10,412.9,
2026-01-07 12:54:12+05:30,NIFTY2621026400CE,26400.0,2026-02-10,412.9,
2026-01-07 12:54:13+05:30,NIFTY2621026400CE,26400.0,2026-02-10,412.9,
2026-01-07 12:54:14+05:30,NIFTY2621026400CE,26400.0,2026-02-10,412.9,
2026-01-07 12:54:15+05:30,NIFTY2621026400CE,26400.0,2026-02-10,412.9,
2026-01-07 12:54:16+05:30,NIFTY2621026400CE,26400.0,2026-02-10,412.9,
2026-01-07 12:54:17+05:30,NIFTY2621026400CE,26400.0,2026-02-10,412.9,
2026-01-07 12:54:18+05:30,NIFTY2621026400CE,26400.0,2026-02-10,412.9,
2026-01-07 12:54:19+05:30,NIFTY2621026400CE,26400.0,2026-02-10,412.9,
2026-01-07 12:54:20+05:30,NIFTY2621026400CE,26400.0,2026-02-10,412.9,
2026-01-07 12:54:21+05:30,NIFTY2621026400CE,26400.0,2026-02-10,412.9,
2026-01-07 12:54:22+05:30,NIFTY2621026400CE,26400.0,2026-02-10,412.9,
2026-01-07 12:54:23+05:30,NIFTY2621026400CE,26400.0,2026-02-10,412.9,
2026-01-07 12:54:24+05:30,NIFTY2621026400CE,26400.0,2026-02-10,412.9,
2026-01-07 12:54:25+05:30,NIFTY2621026400CE,26400.0,2026-02-10,412.9,
2026-01-07 12:54:26+05:30,NIFTY2621026400CE,26400.0,2026-02-10,412.9,
2026-01-07 12:54:27+05:30,NIFTY2621026400CE,26400.0,2026-02-10,412.9,
2026-01-07 12:54:28+05:30,NIFTY2621026400CE,26400.0,2026-02-10,412.9,
2026-01-07 12:54:29+05:30,NIFTY2621026400CE,26400.0,2026-02-10,412.9,
2026-01-07 12:54:30+05:30,NIFTY2621026400CE,26400.0,2026-02-10,412.9,
2026-01-07 12:54:31+05:30,NIFTY2621026400CE,26400.0,2026-02-10,412.9,
2026-01-07 12:54:32+05:30,NIFTY2621026400CE,26400.0,2026-02-10,412.9,
2026-01-07 12:54:33+05:30,NIFTY2621026400CE,26400.0,2026-02-10,412.9,
2026-01-07 12:54:34+05:30,NIFTY2621026400CE,26400.0,2026-02-10,412.9,
2026-01-07 12:54:35+05:30,NIFTY2621026400CE,26400.0,2026-02-10,412.9,
2026-01-07 12:54:36+05:30,NIFTY2621026400CE,26400.0,2026-02-10,412.9,
2026-01-07 12:54:37+05:30,NIFTY2621026400CE,26400.0,2026-02-10,412.9,
2026-01-07 12:54:38+05:30,NIFTY2621026400CE,26400.0,2026-02-10,412.9,
2026-01-07 12:54:39+05:30,NIFTY2621026400CE,26400.0,2026-02-10,412.9,
2026-01-07 12:54:40+05:30,NIFTY2621026400CE,26400.0,2026-02-10,412.9,
2026-01-07 12:54:41+05:30,NIFTY2621026400CE,26400.0,2026-02-10,412.9,
2026-01-07 12:54:42+05:30,NIFTY2621026400CE,26400.0,2026-02-10,412.9,
2026-01-07 12:54:43+05:30,NIFTY2621026400CE,26400.0,2026-02-10,412.9,
2026-01-07 12:54:44+05:30,NIFTY2621026400CE,26400.0,2026-02-10,412.9,
2026-01-07 12:54:45+05:30,NIFTY2621026400CE,26400.0,2026-02-10,412.9,
2026-01-07 12:54:46+05:30,NIFTY2621026400CE,26400.0,2026-02-10,412.9,
2026-01-07 12:54:47+05:30,NIFTY2621026400CE,26400.0,2026-02-10,412.9,
2026-01-07 12:54:48+05:30,NIFTY2621026400CE,26400.0,2026-02-10,412.9,
2026-01-07 12:54:49+05:30,NIFTY2621026400CE,26400.0,2026-02-10,412.9,
2026-01-07 12:54:50+05:30,NIFTY2621026400CE,26400.0,2026-02-10,412.9,
2026-01-07 12:54:51+05:30,NIFTY2621026400CE,26400.0,2026-02-10,412.9,
2026-01-07 12:54:52+05:30,NIFTY2621026400CE,26400.0,2026-02-10,412.9,
2026-01-07 12:54:53+05:30,NIFTY2621026400CE,26400.0,2026-02-10,412.9,
2026-01-07 12:54:54+05:30,NIFTY2621026400CE,26400.0,2026-02-10,412.9,
2026-01-07 12:54:55+05:30,NIFTY2621026400CE,26400.0,2026-02-10,412.9,
2026-01-07 12:54:56+05:30,NIFTY2621026400CE,26400.0,2026-02-10,412.9,
2026-01-07 12:54:57+05:30,NIFTY2621026400CE,26400.0,2026-02-10,412.9,
2026-01-07 12:54:58+05:30,NIFTY2621026400CE,26400.0,2026-02-10,412.9,
2026-01-07 12:54:59+05:30,NIFTY2621026400CE,26400.0,2026-02-10,412.9,
2026-01-07 12:55:00+05:30,NIFTY2621026400CE,26400.0,2026-02-10,412.9,
2026-01-07 12:55:01+05:30,NIFTY2621026400CE,26400.0,2026-02-10,412.9,
2026-01-07 12:55:02+05:30,NIFTY2621026400CE,26400.0,2026-02-10,412.9,
2026-01-07 12:55:03+05:30,NIFTY2621026400CE,26400.0,2026-02-10,412.9,
2026-01-07 12:55:04+05:30,NIFTY2621026400CE,26400.0,2026-02-10,412.9,
2026-01-07 12:55:05+05:30,NIFTY2621026400CE,26400.0,2026-02-10,412.9,
2026-01-07 12:55:06+05:30,NIFTY2621026400CE,26400.0,2026-02-10,412.9,
2026-01-07 12:55:07+05:30,NIFTY2621026400CE,26400.0,2026-02-10,412.9,
2026-01-07 12:55:08+05:30,NIFTY2621026400CE,26400.0,2026-02-10,412.9,
2026-01-07 12:55:09+05:30,NIFTY2621026400CE,26400.0,2026-02-10,412.9,
2026-01-07 12:55:10+05:30,NIFTY2621026400CE,26400.0,2026-02-10,412.9,
2026-01-07 12:55:11+05:30,NIFTY2621026400CE,26400.0,2026-02-10,412.9,
2026-01-07 12:55:12+05:30,NIFTY2621026400CE,26400.0,2026-02-10,412.9,
2026-01-07 12:55:13+05:30,NIFTY2621026400CE,26400.0,2026-02-10,412.9,
2026-01-07 12:55:14+05:30,NIFTY2621026400CE,26400.0,2026-02-10,412.9,
2026-01-07 12:55:15+05:30,NIFTY2621026400CE,26400.0,2026-02-10,412.9,
2026-01-07 12:55:16+05:30,NIFTY2621026400CE,26400.0,2026-02-10,412.9,
2026-01-07 12:55:17+05:30,NIFTY2621026400CE,26400.0,2026-02-10,412.9,
2026-01-07 12:55:18+05:30,NIFTY2621026400CE,26400.0,2026-02-10,412.9,
2026-01-07 12:55:19+05:30,NIFTY2621026400CE,26400.0,2026-02-10,412.9,
2026-01-07 12:55:20+05:30,NIFTY2621026400CE,26400.0,2026-02-10,412.9,
2026-01-07 12:55:21+05:30,NIFTY2621026400CE,26400.0,2026-02-10,412.9,
2026-01-07 12:55:22+05:30,NIFTY2621026400CE,26400.0,2026-02-10,412.9,
2026-01-07 12:55:23+05:30,NIFTY2621026400CE,26400.0,2026-02-10,412.9,
2026-01-07 12:55:24+05:30,NIFTY2621026400CE,26400.0,2026-02-10,412.9,
2026-01-07 12:55:25+05:30,NIFTY2621026400CE,26400.0,2026-02-10,412.9,
2026-01-07 12:55:26+05:30,NIFTY2621026400CE,26400.0,2026-02-10,412.9,
2026-01-07 12:55:27+05:30,NIFTY2621026400CE,26400.0,2026-02-10,412.9,
2026-01-07 12:55:28+05:30,NIFTY2621026400CE,26400.0,2026-02-10,412.9,
2026-01-07 12:55:29+05:30,NIFTY2621026400CE,26400.0,2026-02-10,412.9,
2026-01-07 12:55:30+05:30,NIFTY2621026400CE,26400.0,2026-02-10,412.9,
2026-01-07 12:55:31+05:30,NIFTY2621026400CE,26400.0,2026-02-10,412.9,
2026-01-07 12:55:32+05:30,NIFTY2621026400CE,26400.0,2026-02-10,412.9,
2026-01-07 12:55:33+05:30,NIFTY2621026400CE,26400.0,2026-02-10,412.9,
2026-01-07 12:55:34+05:30,NIFTY2621026400CE,26400.0,2026-02-10,412.9,
2026-01-07 12:55:35+05:30,NIFTY2621026400CE,26400.0,2026-02-10,412.9,
2026-01-07 12:55:36+05:30,NIFTY2621026400CE,26400.0,2026-02-10,412.9,
2026-01-07 12:55:37+05:30,NIFTY2621026400CE,26400.0,2026-02-10,412.9,
2026-01-07 12:55:38+05:30,NIFTY2621026400CE,26400.0,2026-02-10,412.9,
2026-01-07 12:55:39+05:30,NIFTY2621026400CE,26400.0,2026-02-10,412.9,
2026-01-07 12:55:40+05:30,NIFTY2621026400CE,26400.0,2026-02-10,412.9,
2026-01-07 12:55:41+05:30,NIFTY2621026400CE,26400.0,2026-02-10,412.9,
2026-01-07 12:55:42+05:30,NIFTY2621026400CE,26400.0,2026-02-10,412.9,
2026-01-07 12:55:43+05:30,NIFTY2621026400CE,26400.0,2026-02-10,412.9,
2026-01-07 12:55:44+05:30,NIFTY2621026400CE,26400.0,2026-02-10,412.9,
2026-01-07 12:55:45+05:30,NIFTY2621026400CE,26400.0,2026-02-10,412.9,
2026-01-07 12:55:46+05:30,NIFTY2621026400CE,26400.0,2026-02-10,412.9,
2026-01-07 12:55:47+05:30,NIFTY2621026400CE,26400.0,2026-02-10,412.9,
2026-01-07 12:55:48+05:30,NIFTY2621026400CE,26400.0,2026-02-10,412.9,
2026-01-07 12:55:49+05:30,NIFTY2621026400CE,26400.0,2026-02-10,412.9,
2026-01-07 12:55:50+05:30,NIFTY2621026400CE,26400.0,2026-02-10,412.9,
2026-01-07 12:55:51+05:30,NIFTY2621026400CE,26400.0,2026-02-10,412.9,
2026-01-07 12:55:52+05:30,NIFTY2621026400CE,26400.0,2026-02-10,412.9,
2026-01-07 12:55:53+05:30,NIFTY2621026400CE,26400.0,2026-02-10,412.9,
2026-01-07 12:55:54+05:30,NIFTY2621026400CE,26400.0,2026-02-10,412.9,
2026-01-07 12:55:55+05:30,NIFTY2621026400CE,26400.0,2026-02-10,412.9,
2026-01-07 12:55:56+05:30,NIFTY2621026400CE,26400.0,2026-02-10,412.9,
2026-01-07 12:55:57+05:30,NIFTY2621026400CE,26400.0,2026-02-10,412.9,
2026-01-07 12:55:58+05:30,NIFTY2621026400CE,26400.0,2026-02-10,412.9,
2026-01-07 12:55:59+05:30,NIFTY2621026400CE,26400.0,2026-02-10,412.9,
2026-01-07 12:56:00+05:30,NIFTY2621026400CE,26400.0,2026-02-10,412.9,
2026-01-07 12:56:01+05:30,NIFTY2621026400CE,26400.0,2026-02-10,412.9,
2026-01-07 12:56:02+05:30,NIFTY2621026400CE,26400.0,2026-02-10,412.9,
2026-01-07 12:56:03+05:30,NIFTY2621026400CE,26400.0,2026-02-10,412.9,
2026-01-07 12:56:04+05:30,NIFTY2621026400CE,26400.0,2026-02-10,412.9,
2026-01-07 12:56:05+05:30,NIFTY2621026400CE,26400.0,2026-02-10,412.9,
2026-01-07 12:56:06+05:30,NIFTY2621026400CE,26400.0,2026-02-10,412.9,
2026-01-07 12:56:07+05:30,NIFTY2621026400CE,26400.0,2026-02-10,412.9,
2026-01-07 12:56:08+05:30,NIFTY2621026400CE,26400.0,2026-02-10,412.9,
2026-01-07 12:56:09+05:30,NIFTY2621026400CE,26400.0,2026-02-10,412.9,
2026-01-07 12:56:10+05:30,NIFTY2621026400CE,26400.0,2026-02-10,412.9,
2026-01-07 12:56:11+05:30,NIFTY2621026400CE,26400.0,2026-02-10,412.9,
2026-01-07 12:56:12+05:30,NIFTY2621026400CE,26400.0,2026-02-10,412.9,
2026-01-07 12:56:13+05:30,NIFTY2621026400CE,26400.0,2026-02-10,412.9,
2026-01-07 12:56:14+05:30,NIFTY2621026400CE,26400.0,2026-02-10,412.9,
2026-01-07 12:56:15+05:30,NIFTY2621026400CE,26400.0,2026-02-10,412.9,
2026-01-07 12:56:16+05:30,NIFTY2621026400CE,26400.0,2026-02-10,412.9,
2026-01-07 12:56:17+05:30,NIFTY2621026400CE,26400.0,2026-02-10,412.9,
2026-01-07 12:56:18+05:30,NIFTY2621026400CE,26400.0,2026-02-10,412.9,
2026-01-07 12:56:19+05:30,NIFTY2621026400CE,26400.0,2026-02-10,412.9,
2026-01-07 12:56:20+05:30,NIFTY2621026400CE,26400.0,2026-02-10,412.9,
2026-01-07 12:56:21+05:30,NIFTY2621026400CE,26400.0,2026-02-10,412.9,
2026-01-07 12:56:22+05:30,NIFTY2621026400CE,26400.0,2026-02-10,412.9,
2026-01-07 12:56:23+05:30,NIFTY2621026400CE,26400.0,2026-02-10,412.9,
2026-01-07 12:56:24+05:30,NIFTY2621026400CE,26400.0,2026-02-10,412.9,
2026-01-07 12:56:25+05:30,NIFTY2621026400CE,26400.0,2026-02-10,412.9,
2026-01-07 12:56:26+05:30,NIFTY2621026400CE,26400.0,2026-02-10,412.9,
2026-01-07 12:56:27+05:30,NIFTY2621026400CE,26400.0,2026-02-10,412.9,
2026-01-07 12:56:28+05:30,NIFTY2621026400CE,26400.0,2026-02-10,412.9,
2026-01-07 12:56:29+05:30,NIFTY2621026400CE,26400.0,2026-02-10,412.9,
2026-01-07 12:56:30+05:30,NIFTY2621026400CE,26400.0,2026-02-10,412.9,
2026-01-07 12:56:31+05:30,NIFTY2621026400CE,26400.0,2026-02-10,412.9,
2026-01-07 12:56:32+05:30,NIFTY2621026400CE,26400.0,2026-02-10,412.9,
2026-01-07 12:56:33+05:30,NIFTY2621026400CE,26400.0,2026-02-10,412.9,
2026-01-07 12:56:34+05:30,NIFTY2621026400CE,26400.0,2026-02-10,412.9,
2026-01-07 12:56:35+05:30,NIFTY2621026400CE,26400.0,2026-02-10,412.9,
2026-01-07 12:56:36+05:30,NIFTY2621026400CE,26400.0,2026-02-10,412.9,
2026-01-07 12:56:37+05:30,NIFTY2621026400CE,26400.0,2026-02-10,412.9,
2026-01-07 12:56:38+05:30,NIFTY2621026400CE,26400.0,2026-02-10,412.9,
2026-01-07 12:56:39+05:30,NIFTY2621026400CE,26400.0,2026-02-10,412.9,
2026-01-07 12:56:40+05:30,NIFTY2621026400CE,26400.0,2026-02-10,412.9,
2026-01-07 12:56:41+05:30,NIFTY2621026400CE,26400.0,2026-02-10,412.9,
2026-01-07 12:56:42+05:30,NIFTY2621026400CE,26400.0,2026-02-10,412.9,
2026-01-07 12:56:43+05:30,NIFTY2621026400CE,26400.0,2026-02-10,412.9,
2026-01-07 12:56:44+05:30,NIFTY2621026400CE,26400.0,2026-02-10,412.9,
2026-01-07 12:56:45+05:30,NIFTY2621026400CE,26400.0,2026-02-10,412.9,
2026-01-07 12:56:46+05:30,NIFTY2621026400CE,26400.0,2026-02-10,412.9,
2026-01-07 12:56:47+05:30,NIFTY2621026400CE,26400.0,2026-02-10,412.9,
2026-01-07 12:56:48+05:30,NIFTY2621026400CE,26400.0,2026-02-10,412.9,
2026-01-07 12:56:49+05:30,NIFTY2621026400CE,26400.0,2026-02-10,412.9,
2026-01-07 12:56:50+05:30,NIFTY2621026400CE,26400.0,2026-02-10,412.9,
2026-01-07 12:56:51+05:30,NIFTY2621026400CE,26400.0,2026-02-10,412.9,
2026-01-07 12:56:52+05:30,NIFTY2621026400CE,26400.0,2026-02-10,412.9,
2026-01-07 12:56:53+05:30,NIFTY2621026400CE,26400.0,2026-02-10,412.9,
2026-01-07 12:56:54+05:30,NIFTY2621026400CE,26400.0,2026-02-10,412.9,
2026-01-07 12:56:55+05:30,NIFTY2621026400CE,26400.0,2026-02-10,412.9,
2026-01-07 12:56:56+05:30,NIFTY2621026400CE,26400.0,2026-02-10,412.9,
2026-01-07 12:56:57+05:30,NIFTY2621026400CE,26400.0,2026-02-10,412.9,
2026-01-07 12:56:58+05:30,NIFTY2621026400CE,26400.0,2026-02-10,412.9,
2026-01-07 12:56:59+05:30,NIFTY2621026400CE,26400.0,2026-02-10,412.9,
2026-01-07 12:57:00+05:30,NIFTY2621026400CE,26400.0,2026-02-10,412.9,
2026-01-07 12:57:01+05:30,NIFTY2621026400CE,26400.0,2026-02-10,412.9,
2026-01-07 12:57:02+05:30,NIFTY2621026400CE,26400.0,2026-02-10,412.9,
2026-01-07 12:57:03+05:30,NIFTY2621026400CE,26400.0,2026-02-10,412.9,
2026-01-07 12:57:04+05:30,NIFTY2621026400CE,26400.0,2026-02-10,412.9,
2026-01-07 12:57:05+05:30,NIFTY2621026400CE,26400.0,2026-02-10,412.9,
2026-01-07 12:57:06+05:30,NIFTY2621026400CE,26400.0,2026-02-10,412.9,
2026-01-07 12:57:07+05:30,NIFTY2621026400CE,26400.0,2026-02-10,412.9,
2026-01-07 12:57:08+05:30,NIFTY2621026400CE,26400.0,2026-02-10,412.9,
2026-01-07 12:57:09+05:30,NIFTY2621026400CE,26400.0,2026-02-10,412.9,
2026-01-07 12:57:10+05:30,NIFTY2621026400CE,26400.0,2026-02-10,412.9,
2026-01-07 12:57:11+05:30,NIFTY2621026400CE,26400.0,2026-02-10,412.9,
2026-01-07 12:57:12+05:30,NIFTY2621026400CE,26400.0,2026-02-10,412.9,
2026-01-07 12:57:13+05:30,NIFTY2621026400CE,26400.0,2026-02-10,412.9,
2026-01-07 12:57:14+05:30,NIFTY2621026400CE,26400.0,2026-02-10,412.9,
2026-01-07 12:57:15+05:30,NIFTY2621026400CE,26400.0,2026-02-10,412.9,
2026-01-07 12:57:16+05:30,NIFTY2621026400CE,26400.0,2026-02-10,412.9,
2026-01-07 12:57:17+05:30,NIFTY2621026400CE,26400.0,2026-02-10,412.9,
2026-01-07 12:57:18+05:30,NIFTY2621026400CE,26400.0,2026-02-10,412.9,
2026-01-07 12:57:19+05:30,NIFTY2621026400CE,26400.0,2026-02-10,412.9,
2026-01-07 12:57:20+05:30,NIFTY2621026400CE,26400.0,2026-02-10,412.9,
2026-01-07 12:57:21+05:30,NIFTY2621026400CE,26400.0,2026-02-10,412.9,
2026-01-07 12:57:22+05:30,NIFTY2621026400CE,26400.0,2026-02-10,412.9,
2026-01-07 12:57:23+05:30,NIFTY2621026400CE,26400.0,2026-02-10,412.9,
2026-01-07 12:57:24+05:30,NIFTY2621026400CE,26400.0,2026-02-10,412.9,
2026-01-07 12:57:25+05:30,NIFTY2621026400CE,26400.0,2026-02-10,412.9,
2026-01-07 12:57:26+05:30,NIFTY2621026400CE,26400.0,2026-02-10,412.9,
2026-01-07 12:57:27+05:30,NIFTY2621026400CE,26400.0,2026-02-10,412.9,
2026-01-07 12:57:28+05:30,NIFTY2621026400CE,26400.0,2026-02-10,412.9,
2026-01-07 12:57:29+05:30,NIFTY2621026400CE,26400.0,2026-02-10,412.9,
2026-01-07 12:57:30+05:30,NIFTY2621026400CE,26400.0,2026-02-10,412.9,
2026-01-07 12:57:31+05:30,NIFTY2621026400CE,26400.0,2026-02-10,412.9,
2026-01-07 12:57:32+05:30,NIFTY2621026400CE,26400.0,2026-02-10,412.9,
2026-01-07 12:57:33+05:30,NIFTY2621026400CE,26400.0,2026-02-10,412.9,
2026-01-07 12:57:34+05:30,NIFTY2621026400CE,26400.0,2026-02-10,412.9,
2026-01-07 12:57:35+05:30,NIFTY2621026400CE,26400.0,2026-02-10,412.9,
2026-01-07 12:57:36+05:30,NIFTY2621026400CE,26400.0,2026-02-10,412.9,
2026-01-07 12:57:37+05:30,NIFTY2621026400CE,26400.0,2026-02-10,412.9,
2026-01-07 12:57:38+05:30,NIFTY2621026400CE,26400.0,2026-02-10,412.9,
2026-01-07 12:57:39+05:30,NIFTY2621026400CE,26400.0,2026-02-10,412.9,
2026-01-07 12:57:40+05:30,NIFTY2621026400CE,26400.0,2026-02-10,412.9,
2026-01-07 12:57:41+05:30,NIFTY2621026400CE,26400.0,2026-02-10,412.9,
2026-01-07 12:57:42+05:30,NIFTY2621026400CE,26400.0,2026-02-10,412.9,
2026-01-07 12:57:43+05:30,NIFTY2621026400CE,26400.0,2026-02-10,412.9,
2026-01-07 12:57:44+05:30,NIFTY2621026400CE,26400.0,2026-02-10,412.9,
2026-01-07 12:57:45+05:30,NIFTY2621026400CE,26400.0,2026-02-10,412.9,
2026-01-07 12:57:46+05:30,NIFTY2621026400CE,26400.0,2026-02-10,412.9,
2026-01-07 12:57:47+05:30,NIFTY2621026400CE,26400.0,2026-02-10,412.9,
2026-01-07 12:57:48+05:30,NIFTY2621026400CE,26400.0,2026-02-10,412.9,
2026-01-07 12:57:49+05:30,NIFTY2621026400CE,26400.0,2026-02-10,412.9,
2026-01-07 12:57:50+05:30,NIFTY2621026400CE,26400.0,2026-02-10,412.9,
2026-01-07 12:57:51+05:30,NIFTY2621026400CE,26400.0,2026-02-10,412.9,
2026-01-07 12:57:52+05:30,NIFTY2621026400CE,26400.0,2026-02-10,412.9,
2026-01-07 12:57:53+05:30,NIFTY2621026400CE,26400.0,2026-02-10,412.9,
2026-01-07 12:57:54+05:30,NIFTY2621026400CE,26400.0,2026-02-10,412.9,
2026-01-07 12:57:55+05:30,NIFTY2621026400CE,26400.0,2026-02-10,412.9,
2026-01-07 12:57:56+05:30,NIFTY2621026400CE,26400.0,2026-02-10,412.9,
2026-01-07 12:57:57+05:30,NIFTY2621026400CE,26400.0,2026-02-10,412.9,
2026-01-07 12:57:58+05:30,NIFTY2621026400CE,26400.0,2026-02-10,412.9,
2026-01-07 12:57:59+05:30,NIFTY2621026400CE,26400.0,2026-02-10,412.9,
2026-01-07 12:58:00+05:30,NIFTY2621026400CE,26400.0,2026-02-10,412.9,
2026-01-07 12:58:01+05:30,NIFTY2621026400CE,26400.0,2026-02-10,412.9,
2026-01-07 12:58:02+05:30,NIFTY2621026400CE,26400.0,2026-02-10,412.9,
2026-01-07 12:58:03+05:30,NIFTY2621026400CE,26400.0,2026-02-10,412.9,
2026-01-07 12:58:04+05:30,NIFTY2621026400CE,26400.0,2026-02-10,412.9,
2026-01-07 12:58:05+05:30,NIFTY2621026400CE,26400.0,2026-02-10,412.9,
2026-01-07 12:58:06+05:30,NIFTY2621026400CE,26400.0,2026-02-10,412.9,
2026-01-07 12:58:07+05:30,NIFTY2621026400CE,26400.0,2026-02-10,412.9,
2026-01-07 12:58:08+05:30,NIFTY2621026400CE,26400.0,2026-02-10,412.9,
2026-01-07 12:58:09+05:30,NIFTY2621026400CE,26400.0,2026-02-10,412.9,
2026-01-07 12:58:10+05:30,NIFTY2621026400CE,26400.0,2026-02-10,412.9,
2026-01-07 12:58:11+05:30,NIFTY2621026400CE,26400.0,2026-02-10,412.9,
2026-01-07 12:58:12+05:30,NIFTY2621026400CE,26400.0,2026-02-10,412.9,
2026-01-07 12:58:13+05:30,NIFTY2621026400CE,26400.0,2026-02-10,412.9,
2026-01-07 12:58:14+05:30,NIFTY2621026400CE,26400.0,2026-02-10,412.9,
2026-01-07 12:58:15+05:30,NIFTY2621026400CE,26400.0,2026-02-10,412.9,
2026-01-07 12:58:16+05:30,NIFTY2621026400CE,26400.0,2026-02-10,412.9,
2026-01-07 12:58:17+05:30,NIFTY2621026400CE,26400.0,2026-02-10,412.9,
2026-01-07 12:58:18+05:30,NIFTY2621026400CE,26400.0,2026-02-10,412.9,
2026-01-07 12:58:19+05:30,NIFTY2621026400CE,26400.0,2026-02-10,412.9,
2026-01-07 12:58:20+05:30,NIFTY2621026400CE,26400.0,2026-02-10,412.9,
2026-01-07 12:58:21+05:30,NIFTY2621026400CE,26400.0,2026-02-10,412.9,
2026-01-07 12:58:22+05:30,NIFTY2621026400CE,26400.0,2026-02-10,412.9,
2026-01-07 12:58:23+05:30,NIFTY2621026400CE,26400.0,2026-02-10,412.9,
2026-01-07 12:58:24+05:30,NIFTY2621026400CE,26400.0,2026-02-10,412.9,
2026-01-07 12:58:25+05:30,NIFTY2621026400CE,26400.0,2026-02-10,412.9,
2026-01-07 12:58:26+05:30,NIFTY2621026400CE,26400.0,2026-02-10,412.9,
2026-01-07 12:58:27+05:30,NIFTY2621026400CE,26400.0,2026-02-10,412.9,
2026-01-07 12:58:28+05:30,NIFTY2621026400CE,26400.0,2026-02-10,412.9,
2026-01-07 12:58:29+05:30,NIFTY2621026400CE,26400.0,2026-02-10,412.9,
2026-01-07 12:58:30+05:30,NIFTY2621026400CE,26400.0,2026-02-10,412.9,
2026-01-07 12:58:31+05:30,NIFTY2621026400CE,26400.0,2026-02-10,412.9,
2026-01-07 12:58:32+05:30,NIFTY2621026400CE,26400.0,2026-02-10,412.9,
2026-01-07 12:58:33+05:30,NIFTY2621026400CE,26400.0,2026-02-10,412.9,
2026-01-07 12:58:34+05:30,NIFTY2621026400CE,26400.0,2026-02-10,412.9,
2026-01-07 12:58:35+05:30,NIFTY2621026400CE,26400.0,2026-02-10,412.9,
2026-01-07 12:58:36+05:30,NIFTY2621026400CE,26400.0,2026-02-10,412.9,
2026-01-07 12:58:37+05:30,NIFTY2621026400CE,26400.0,2026-02-10,412.9,
2026-01-07 12:58:38+05:30,NIFTY2621026400CE,26400.0,2026-02-10,412.9,
2026-01-07 12:58:39+05:30,NIFTY2621026400CE,26400.0,2026-02-10,412.9,
2026-01-07 12:58:40+05:30,NIFTY2621026400CE,26400.0,2026-02-10,412.9,
2026-01-07 12:58:41+05:30,NIFTY2621026400CE,26400.0,2026-02-10,412.9,
2026-01-07 12:58:42+05:30,NIFTY2621026400CE,26400.0,2026-02-10,412.9,
2026-01-07 12:58:43+05:30,NIFTY2621026400CE,26400.0,2026-02-10,412.9,
2026-01-07 12:58:44+05:30,NIFTY2621026400CE,26400.0,2026-02-10,412.9,
2026-01-07 12:58:45+05:30,NIFTY2621026400CE,26400.0,2026-02-10,412.9,
2026-01-07 12:58:46+05:30,NIFTY2621026400CE,26400.0,2026-02-10,412.9,
2026-01-07 12:58:47+05:30,NIFTY2621026400CE,26400.0,2026-02-10,412.9,
2026-01-07 12:58:48+05:30,NIFTY2621026400CE,26400.0,2026-02-10,412.9,
2026-01-07 12:58:49+05:30,NIFTY2621026400CE,26400.0,2026-02-10,412.9,
2026-01-07 12:58:50+05:30,NIFTY2621026400CE,26400.0,2026-02-10,412.9,
2026-01-07 12:58:51+05:30,NIFTY2621026400CE,26400.0,2026-02-10,412.9,
2026-01-07 12:58:52+05:30,NIFTY2621026400CE,26400.0,2026-02-10,412.9,
2026-01-07 12:58:53+05:30,NIFTY2621026400CE,26400.0,2026-02-10,412.9,
2026-01-07 12:58:54+05:30,NIFTY2621026400CE,26400.0,2026-02-10,412.9,
2026-01-07 12:58:55+05:30,NIFTY2621026400CE,26400.0,2026-02-10,412.9,
2026-01-07 12:58:56+05:30,NIFTY2621026400CE,26400.0,2026-02-10,412.9,
2026-01-07 12:58:57+05:30,NIFTY2621026400CE,26400.0,2026-02-10,412.9,
2026-01-07 12:58:58+05:30,NIFTY2621026400CE,26400.0,2026-02-10,412.9,
2026-01-07 12:58:59+05:30,NIFTY2621026400CE,26400.0,2026-02-10,412.9,
2026-01-07 12:59:00+05:30,NIFTY2621026400CE,26400.0,2026-02-10,412.9,
2026-01-07 12:59:01+05:30,NIFTY2621026400CE,26400.0,2026-02-10,412.9,
2026-01-07 12:59:02+05:30,NIFTY2621026400CE,26400.0,2026-02-10,412.9,
2026-01-07 12:59:03+05:30,NIFTY2621026400CE,26400.0,2026-02-10,412.9,
2026-01-07 12:59:04+05:30,NIFTY2621026400CE,26400.0,2026-02-10,412.9,
2026-01-07 12:59:05+05:30,NIFTY2621026400CE,26400.0,2026-02-10,412.9,
2026-01-07 12:59:06+05:30,NIFTY2621026400CE,26400.0,2026-02-10,412.9,
2026-01-07 12:59:07+05:30,NIFTY2621026400CE,26400.0,2026-02-10,412.9,
2026-01-07 12:59:08+05:30,NIFTY2621026400CE,26400.0,2026-02-10,412.9,
2026-01-07 12:59:09+05:30,NIFTY2621026400CE,26400.0,2026-02-10,412.9,
2026-01-07 12:59:10+05:30,NIFTY2621026400CE,26400.0,2026-02-10,412.9,
2026-01-07 12:59:11+05:30,NIFTY2621026400CE,26400.0,2026-02-10,412.9,
2026-01-07 12:59:12+05:30,NIFTY2621026400CE,26400.0,2026-02-10,412.9,
2026-01-07 12:59:13+05:30,NIFTY2621026400CE,26400.0,2026-02-10,412.9,
2026-01-07 12:59:14+05:30,NIFTY2621026400CE,26400.0,2026-02-10,412.9,
2026-01-07 12:59:15+05:30,NIFTY2621026400CE,26400.0,2026-02-10,412.9,
2026-01-07 12:59:16+05:30,NIFTY2621026400CE,26400.0,2026-02-10,412.9,
2026-01-07 12:59:17+05:30,NIFTY2621026400CE,26400.0,2026-02-10,412.9,
2026-01-07 12:59:18+05:30,NIFTY2621026400CE,26400.0,2026-02-10,412.9,
2026-01-07 12:59:19+05:30,NIFTY2621026400CE,26400.0,2026-02-10,412.9,
2026-01-07 12:59:20+05:30,NIFTY2621026400CE,26400.0,2026-02-10,412.9,
2026-01-07 12:59:21+05:30,NIFTY2621026400CE,26400.0,2026-02-10,412.9,
2026-01-07 12:59:22+05:30,NIFTY2621026400CE,26400.0,2026-02-10,412.9,
2026-01-07 12:59:23+05:30,NIFTY2621026400CE,26400.0,2026-02-10,412.9,
2026-01-07 12:59:24+05:30,NIFTY2621026400CE,26400.0,2026-02-10,412.9,
2026-01-07 12:59:25+05:30,NIFTY2621026400CE,26400.0,2026-02-10,412.9,
2026-01-07 12:59:26+05:30,NIFTY2621026400CE,26400.0,2026-02-10,412.9,
2026-01-07 12:59:27+05:30,NIFTY2621026400CE,26400.0,2026-02-10,412.9,
2026-01-07 12:59:28+05:30,NIFTY2621026400CE,26400.0,2026-02-10,412.9,
2026-01-07 12:59:29+05:30,NIFTY2621026400CE,26400.0,2026-02-10,412.9,
2026-01-07 12:59:30+05:30,NIFTY2621026400CE,26400.0,2026-02-10,412.9,
2026-01-07 12:59:31+05:30,NIFTY2621026400CE,26400.0,2026-02-10,412.9,
2026-01-07 12:59:32+05:30,NIFTY2621026400CE,26400.0,2026-02-10,412.9,
2026-01-07 12:59:33+05:30,NIFTY2621026400CE,26400.0,2026-02-10,412.9,
2026-01-07 12:59:34+05:30,NIFTY2621026400CE,26400.0,2026-02-10,412.9,
2026-01-07 12:59:35+05:30,NIFTY2621026400CE,26400.0,2026-02-10,412.9,
2026-01-07 12:59:36+05:30,NIFTY2621026400CE,26400.0,2026-02-10,412.9,
2026-01-07 12:59:37+05:30,NIFTY2621026400CE,26400.0,2026-02-10,412.9,
2026-01-07 12:59:38+05:30,NIFTY2621026400CE,26400.0,2026-02-10,412.9,
2026-01-07 12:59:39+05:30,NIFTY2621026400CE,26400.0,2026-02-10,412.9,
2026-01-07 12:59:40+05:30,NIFTY2621026400CE,26400.0,2026-02-10,412.9,
2026-01-07 12:59:41+05:30,NIFTY2621026400CE,26400.0,2026-02-10,412.9,
2026-01-07 12:59:42+05:30,NIFTY2621026400CE,26400.0,2026-02-10,412.9,
2026-01-07 12:59:43+05:30,NIFTY2621026400CE,26400.0,2026-02-10,412.9,
2026-01-07 12:59:44+05:30,NIFTY2621026400CE,26400.0,2026-02-10,412.9,
2026-01-07 12:59:45+05:30,NIFTY2621026400CE,26400.0,2026-02-10,412.9,
2026-01-07 12:59:46+05:30,NIFTY2621026400CE,26400.0,2026-02-10,412.9,
2026-01-07 12:59:47+05:30,NIFTY2621026400CE,26400.0,2026-02-10,412.9,
2026-01-07 12:59:48+05:30,NIFTY2621026400CE,26400.0,2026-02-10,412.9,
2026-01-07 12:59:49+05:30,NIFTY2621026400CE,26400.0,2026-02-10,412.9,
2026-01-07 12:59:50+05:30,NIFTY2621026400CE,26400.0,2026-02-10,412.9,
2026-01-07 12:59:51+05:30,NIFTY2621026400CE,26400.0,2026-02-10,412.9,
2026-01-07 12:59:52+05:30,NIFTY2621026400CE,26400.0,2026-02-10,412.9,
2026-01-07 12:59:53+05:30,NIFTY2621026400CE,26400.0,2026-02-10,412.9,
2026-01-07 12:59:54+05:30,NIFTY2621026400CE,26400.0,2026-02-10,412.9,
2026-01-07 12:59:55+05:30,NIFTY2621026400CE,26400.0,2026-02-10,412.9,
2026-01-07 12:59:56+05:30,NIFTY2621026400CE,26400.0,2026-02-10,412.9,
2026-01-07 12:59:57+05:30,NIFTY2621026400CE,26400.0,2026-02-10,412.9,
2026-01-07 12:59:58+05:30,NIFTY2621026400CE,26400.0,2026-02-10,412.9,
2026-01-07 12:59:59+05:30,NIFTY2621026400CE,26400.0,2026-02-10,412.9,
2026-01-07 13:00:00+05:30,NIFTY2621026400CE,26400.0,2026-02-10,412.9,
2026-01-07 13:00:01+05:30,NIFTY2621026400CE,26400.0,2026-02-10,412.9,
2026-01-07 13:00:02+05:30,NIFTY2621026400CE,26400.0,2026-02-10,412.9,
2026-01-07 13:00:03+05:30,NIFTY2621026400CE,26400.0,2026-02-10,412.9,
2026-01-07 13:00:04+05:30,NIFTY2621026400CE,26400.0,2026-02-10,412.9,
2026-01-07 13:00:05+05:30,NIFTY2621026400CE,26400.0,2026-02-10,412.9,
2026-01-07 13:00:06+05:30,NIFTY2621026400CE,26400.0,2026-02-10,412.9,
2026-01-07 13:00:07+05:30,NIFTY2621026400CE,26400.0,2026-02-10,412.9,
2026-01-07 13:00:08+05:30,NIFTY2621026400CE,26400.0,2026-02-10,412.9,
2026-01-07 13:00:09+05:30,NIFTY2621026400CE,26400.0,2026-02-10,412.9,
2026-01-07 13:00:10+05:30,NIFTY2621026400CE,26400.0,2026-02-10,412.9,
2026-01-07 13:00:11+05:30,NIFTY2621026400CE,26400.0,2026-02-10,412.9,
2026-01-07 13:00:12+05:30,NIFTY2621026400CE,26400.0,2026-02-10,412.9,
2026-01-07 13:00:13+05:30,NIFTY2621026400CE,26400.0,2026-02-10,412.9,
2026-01-07 13:00:14+05:30,NIFTY2621026400CE,26400.0,2026-02-10,412.9,
2026-01-07 13:00:15+05:30,NIFTY2621026400CE,26400.0,2026-02-10,412.9,
2026-01-07 13:00:16+05:30,NIFTY2621026400CE,26400.0,2026-02-10,412.9,
2026-01-07 13:00:17+05:30,NIFTY2621026400CE,26400.0,2026-02-10,412.9,
2026-01-07 13:00:18+05:30,NIFTY2621026400CE,26400.0,2026-02-10,412.9,
2026-01-07 13:00:19+05:30,NIFTY2621026400CE,26400.0,2026-02-10,412.9,
2026-01-07 13:00:20+05:30,NIFTY2621026400CE,26400.0,2026-02-10,412.9,
2026-01-07 13:00:21+05:30,NIFTY2621026400CE,26400.0,2026-02-10,412.9,
2026-01-07 13:00:22+05:30,NIFTY2621026400CE,26400.0,2026-02-10,412.9,
2026-01-07 13:00:23+05:30,NIFTY2621026400CE,26400.0,2026-02-10,412.9,
2026-01-07 13:00:24+05:30,NIFTY2621026400CE,26400.0,2026-02-10,412.9,
2026-01-07 13:00:25+05:30,NIFTY2621026400CE,26400.0,2026-02-10,412.9,
2026-01-07 13:00:26+05:30,NIFTY2621026400CE,26400.0,2026-02-10,412.9,
2026-01-07 13:00:27+05:30,NIFTY2621026400CE,26400.0,2026-02-10,412.9,
2026-01-07 13:00:28+05:30,NIFTY2621026400CE,26400.0,2026-02-10,412.9,
2026-01-07 13:00:29+05:30,NIFTY2621026400CE,26400.0,2026-02-10,412.9,
2026-01-07 13:00:30+05:30,NIFTY2621026400CE,26400.0,2026-02-10,412.9,
2026-01-07 13:00:31+05:30,NIFTY2621026400CE,26400.0,2026-02-10,412.9,
2026-01-07 13:00:32+05:30,NIFTY2621026400CE,26400.0,2026-02-10,412.9,
2026-01-07 13:00:33+05:30,NIFTY2621026400CE,26400.0,2026-02-10,412.9,
2026-01-07 13:00:34+05:30,NIFTY2621026400CE,26400.0,2026-02-10,412.9,
2026-01-07 13:00:35+05:30,NIFTY2621026400CE,26400.0,2026-02-10,412.9,
2026-01-07 13:00:36+05:30,NIFTY2621026400CE,26400.0,2026-02-10,412.9,
2026-01-07 13:00:37+05:30,NIFTY2621026400CE,26400.0,2026-02-10,412.9,
2026-01-07 13:00:38+05:30,NIFTY2621026400CE,26400.0,2026-02-10,412.9,
2026-01-07 13:00:39+05:30,NIFTY2621026400CE,26400.0,2026-02-10,412.9,
2026-01-07 13:00:40+05:30,NIFTY2621026400CE,26400.0,2026-02-10,412.9,
2026-01-07 13:00:41+05:30,NIFTY2621026400CE,26400.0,2026-02-10,412.9,
2026-01-07 13:00:42+05:30,NIFTY2621026400CE,26400.0,2026-02-10,412.9,
2026-01-07 13:00:43+05:30,NIFTY2621026400CE,26400.0,2026-02-10,412.9,
2026-01-07 13:00:44+05:30,NIFTY2621026400CE,26400.0,2026-02-10,412.9,
2026-01-07 13:00:45+05:30,NIFTY2621026400CE,26400.0,2026-02-10,412.9,
2026-01-07 13:00:46+05:30,NIFTY2621026400CE,26400.0,2026-02-10,412.9,
2026-01-07 13:00:47+05:30,NIFTY2621026400CE,26400.0,2026-02-10,412.9,
2026-01-07 13:00:48+05:30,NIFTY2621026400CE,26400.0,2026-02-10,412.9,
2026-01-07 13:00:49+05:30,NIFTY2621026400CE,26400.0,2026-02-10,412.9,
2026-01-07 13:00:50+05:30,NIFTY2621026400CE,26400.0,2026-02-10,412.9,
2026-01-07 13:00:51+05:30,NIFTY2621026400CE,26400.0,2026-02-10,412.9,
2026-01-07 13:00:52+05:30,NIFTY2621026400CE,26400.0,2026-02-10,412.9,
2026-01-07 13:00:53+05:30,NIFTY2621026400CE,26400.0,2026-02-10,412.9,
2026-01-07 13:00:54+05:30,NIFTY2621026400CE,26400.0,2026-02-10,412.9,
2026-01-07 13:00:55+05:30,NIFTY2621026400CE,26400.0,2026-02-10,412.9,
2026-01-07 13:00:56+05:30,NIFTY2621026400CE,26400.0,2026-02-10,412.9,
2026-01-07 13:00:57+05:30,NIFTY2621026400CE,26400.0,2026-02-10,412.9,
2026-01-07 13:00:58+05:30,NIFTY2621026400CE,26400.0,2026-02-10,412.9,
2026-01-07 13:00:59+05:30,NIFTY2621026400CE,26400.0,2026-02-10,412.9,
2026-01-07 13:01:00+05:30,NIFTY2621026400CE,26400.0,2026-02-10,412.9,
2026-01-07 13:01:01+05:30,NIFTY2621026400CE,26400.0,2026-02-10,412.9,
2026-01-07 13:01:02+05:30,NIFTY2621026400CE,26400.0,2026-02-10,412.9,
2026-01-07 13:01:03+05:30,NIFTY2621026400CE,26400.0,2026-02-10,412.9,
2026-01-07 13:01:04+05:30,NIFTY2621026400CE,26400.0,2026-02-10,412.9,
2026-01-07 13:01:05+05:30,NIFTY2621026400CE,26400.0,2026-02-10,412.9,
2026-01-07 13:01:06+05:30,NIFTY2621026400CE,26400.0,2026-02-10,412.9,
2026-01-07 13:01:07+05:30,NIFTY2621026400CE,26400.0,2026-02-10,412.9,
2026-01-07 13:01:08+05:30,NIFTY2621026400CE,26400.0,2026-02-10,412.9,
2026-01-07 13:01:09+05:30,NIFTY2621026400CE,26400.0,2026-02-10,412.9,
2026-01-07 13:01:10+05:30,NIFTY2621026400CE,26400.0,2026-02-10,412.9,
2026-01-07 13:01:11+05:30,NIFTY2621026400CE,26400.0,2026-02-10,412.9,
2026-01-07 13:01:12+05:30,NIFTY2621026400CE,26400.0,2026-02-10,412.9,
2026-01-07 13:01:13+05:30,NIFTY2621026400CE,26400.0,2026-02-10,412.9,
2026-01-07 13:01:14+05:30,NIFTY2621026400CE,26400.0,2026-02-10,412.9,
2026-01-07 13:01:15+05:30,NIFTY2621026400CE,26400.0,2026-02-10,412.9,
2026-01-07 13:01:16+05:30,NIFTY2621026400CE,26400.0,2026-02-10,412.9,
2026-01-07 13:01:17+05:30,NIFTY2621026400CE,26400.0,2026-02-10,412.9,
2026-01-07 13:01:18+05:30,NIFTY2621026400CE,26400.0,2026-02-10,412.9,
2026-01-07 13:01:19+05:30,NIFTY2621026400CE,26400.0,2026-02-10,412.9,
2026-01-07 13:01:20+05:30,NIFTY2621026400CE,26400.0,2026-02-10,412.9,
2026-01-07 13:01:21+05:30,NIFTY2621026400CE,26400.0,2026-02-10,412.9,
2026-01-07 13:01:22+05:30,NIFTY2621026400CE,26400.0,2026-02-10,412.9,
2026-01-07 13:01:23+05:30,NIFTY2621026400CE,26400.0,2026-02-10,412.9,
2026-01-07 13:01:24+05:30,NIFTY2621026400CE,26400.0,2026-02-10,412.9,
2026-01-07 13:01:25+05:30,NIFTY2621026400CE,26400.0,2026-02-10,412.9,
2026-01-07 13:01:26+05:30,NIFTY2621026400CE,26400.0,2026-02-10,412.9,
2026-01-07 13:01:27+05:30,NIFTY2621026400CE,26400.0,2026-02-10,412.9,
2026-01-07 13:01:28+05:30,NIFTY2621026400CE,26400.0,2026-02-10,412.9,
2026-01-07 13:01:29+05:30,NIFTY2621026400CE,26400.0,2026-02-10,412.9,
2026-01-07 13:01:30+05:30,NIFTY2621026400CE,26400.0,2026-02-10,412.9,
2026-01-07 13:01:31+05:30,NIFTY2621026400CE,26400.0,2026-02-10,412.9,
2026-01-07 13:01:32+05:30,NIFTY2621026400CE,26400.0,2026-02-10,412.9,
2026-01-07 13:01:33+05:30,NIFTY2621026400CE,26400.0,2026-02-10,412.9,
2026-01-07 13:01:34+05:30,NIFTY2621026400CE,26400.0,2026-02-10,412.9,
2026-01-07 13:01:35+05:30,NIFTY2621026400CE,26400.0,2026-02-10,412.9,
2026-01-07 13:01:36+05:30,NIFTY2621026400CE,26400.0,2026-02-10,412.9,
2026-01-07 13:01:37+05:30,NIFTY2621026400CE,26400.0,2026-02-10,412.9,
2026-01-07 13:01:38+05:30,NIFTY2621026400CE,26400.0,2026-02-10,412.9,
2026-01-07 13:01:39+05:30,NIFTY2621026400CE,26400.0,2026-02-10,412.9,
2026-01-07 13:01:40+05:30,NIFTY2621026400CE,26400.0,2026-02-10,412.9,
2026-01-07 13:01:41+05:30,NIFTY2621026400CE,26400.0,2026-02-10,412.9,
2026-01-07 13:01:42+05:30,NIFTY2621026400CE,26400.0,2026-02-10,412.9,
2026-01-07 13:01:43+05:30,NIFTY2621026400CE,26400.0,2026-02-10,412.9,
2026-01-07 13:01:44+05:30,NIFTY2621026400CE,26400.0,2026-02-10,412.9,
2026-01-07 13:01:45+05:30,NIFTY2621026400CE,26400.0,2026-02-10,412.9,
2026-01-07 13:01:46+05:30,NIFTY2621026400CE,26400.0,2026-02-10,412.9,
2026-01-07 13:01:47+05:30,NIFTY2621026400CE,26400.0,2026-02-10,412.9,
2026-01-07 13:01:48+05:30,NIFTY2621026400CE,26400.0,2026-02-10,412.9,
2026-01-07 13:01:49+05:30,NIFTY2621026400CE,26400.0,2026-02-10,412.9,
2026-01-07 13:01:50+05:30,NIFTY2621026400CE,26400.0,2026-02-10,412.9,
2026-01-07 13:01:51+05:30,NIFTY2621026400CE,26400.0,2026-02-10,412.9,
2026-01-07 13:01:52+05:30,NIFTY2621026400CE,26400.0,2026-02-10,412.9,
2026-01-07 13:01:53+05:30,NIFTY2621026400CE,26400.0,2026-02-10,412.9,
2026-01-07 13:01:54+05:30,NIFTY2621026400CE,26400.0,2026-02-10,412.9,
2026-01-07 13:01:55+05:30,NIFTY2621026400CE,26400.0,2026-02-10,412.9,
2026-01-07 13:01:56+05:30,NIFTY2621026400CE,26400.0,2026-02-10,412.9,
2026-01-07 13:01:57+05:30,NIFTY2621026400CE,26400.0,2026-02-10,412.9,
2026-01-07 13:01:58+05:30,NIFTY2621026400CE,26400.0,2026-02-10,412.9,
2026-01-07 13:01:59+05:30,NIFTY2621026400CE,26400.0,2026-02-10,412.9,
2026-01-07 13:02:00+05:30,NIFTY2621026400CE,26400.0,2026-02-10,412.9,
2026-01-07 13:02:01+05:30,NIFTY2621026400CE,26400.0,2026-02-10,412.9,
2026-01-07 13:02:02+05:30,NIFTY2621026400CE,26400.0,2026-02-10,412.9,
2026-01-07 13:02:03+05:30,NIFTY2621026400CE,26400.0,2026-02-10,412.9,
2026-01-07 13:02:04+05:30,NIFTY2621026400CE,26400.0,2026-02-10,412.9,
2026-01-07 13:02:05+05:30,NIFTY2621026400CE,26400.0,2026-02-10,412.9,
2026-01-07 13:02:06+05:30,NIFTY2621026400CE,26400.0,2026-02-10,412.9,
2026-01-07 13:02:07+05:30,NIFTY2621026400CE,26400.0,2026-02-10,412.9,
2026-01-07 13:02:08+05:30,NIFTY2621026400CE,26400.0,2026-02-10,412.9,
2026-01-07 13:02:09+05:30,NIFTY2621026400CE,26400.0,2026-02-10,412.9,
2026-01-07 13:02:10+05:30,NIFTY2621026400CE,26400.0,2026-02-10,412.9,
2026-01-07 13:02:11+05:30,NIFTY2621026400CE,26400.0,2026-02-10,412.9,
2026-01-07 13:02:12+05:30,NIFTY2621026400CE,26400.0,2026-02-10,412.9,
2026-01-07 13:02:13+05:30,NIFTY2621026400CE,26400.0,2026-02-10,412.9,
2026-01-07 13:02:14+05:30,NIFTY2621026400CE,26400.0,2026-02-10,412.9,
2026-01-07 13:02:15+05:30,NIFTY2621026400CE,26400.0,2026-02-10,412.9,
2026-01-07 13:02:16+05:30,NIFTY2621026400CE,26400.0,2026-02-10,412.9,
2026-01-07 13:02:17+05:30,NIFTY2621026400CE,26400.0,2026-02-10,412.9,
2026-01-07 13:02:18+05:30,NIFTY2621026400CE,26400.0,2026-02-10,412.9,
2026-01-07 13:02:19+05:30,NIFTY2621026400CE,26400.0,2026-02-10,412.9,
2026-01-07 13:02:20+05:30,NIFTY2621026400CE,26400.0,2026-02-10,412.9,
2026-01-07 13:02:21+05:30,NIFTY2621026400CE,26400.0,2026-02-10,412.9,
2026-01-07 13:02:22+05:30,NIFTY2621026400CE,26400.0,2026-02-10,412.9,
2026-01-07 13:02:23+05:30,NIFTY2621026400CE,26400.0,2026-02-10,412.9,
2026-01-07 13:02:24+05:30,NIFTY2621026400CE,26400.0,2026-02-10,412.9,
2026-01-07 13:02:25+05:30,NIFTY2621026400CE,26400.0,2026-02-10,412.9,
2026-01-07 13:02:26+05:30,NIFTY2621026400CE,26400.0,2026-02-10,412.9,
2026-01-07 13:02:27+05:30,NIFTY2621026400CE,26400.0,2026-02-10,412.9,
2026-01-07 13:02:28+05:30,NIFTY2621026400CE,26400.0,2026-02-10,412.9,
2026-01-07 13:02:29+05:30,NIFTY2621026400CE,26400.0,2026-02-10,412.9,
2026-01-07 13:02:30+05:30,NIFTY2621026400CE,26400.0,2026-02-10,412.9,
2026-01-07 13:02:31+05:30,NIFTY2621026400CE,26400.0,2026-02-10,412.9,
2026-01-07 13:02:32+05:30,NIFTY2621026400CE,26400.0,2026-02-10,412.9,
2026-01-07 13:02:33+05:30,NIFTY2621026400CE,26400.0,2026-02-10,412.9,
2026-01-07 13:02:34+05:30,NIFTY2621026400CE,26400.0,2026-02-10,412.9,
2026-01-07 13:02:35+05:30,NIFTY2621026400CE,26400.0,2026-02-10,412.9,
2026-01-07 13:02:36+05:30,NIFTY2621026400CE,26400.0,2026-02-10,412.9,
2026-01-07 13:02:37+05:30,NIFTY2621026400CE,26400.0,2026-02-10,412.9,
2026-01-07 13:02:38+05:30,NIFTY2621026400CE,26400.0,2026-02-10,412.9,
2026-01-07 13:02:39+05:30,NIFTY2621026400CE,26400.0,2026-02-10,412.9,
2026-01-07 13:02:40+05:30,NIFTY2621026400CE,26400.0,2026-02-10,412.9,
2026-01-07 13:02:41+05:30,NIFTY2621026400CE,26400.0,2026-02-10,412.9,
2026-01-07 13:02:42+05:30,NIFTY2621026400CE,26400.0,2026-02-10,412.9,
2026-01-07 13:02:43+05:30,NIFTY2621026400CE,26400.0,2026-02-10,412.9,
2026-01-07 13:02:44+05:30,NIFTY2621026400CE,26400.0,2026-02-10,412.9,
2026-01-07 13:02:45+05:30,NIFTY2621026400CE,26400.0,2026-02-10,412.9,
2026-01-07 13:02:46+05:30,NIFTY2621026400CE,26400.0,2026-02-10,412.9,
2026-01-07 13:02:47+05:30,NIFTY2621026400CE,26400.0,2026-02-10,412.9,
2026-01-07 13:02:48+05:30,NIFTY2621026400CE,26400.0,2026-02-10,412.9,
2026-01-07 13:02:49+05:30,NIFTY2621026400CE,26400.0,2026-02-10,412.9,
2026-01-07 13:02:50+05:30,NIFTY2621026400CE,26400.0,2026-02-10,412.9,
2026-01-07 13:02:51+05:30,NIFTY2621026400CE,26400.0,2026-02-10,412.9,
2026-01-07 13:02:52+05:30,NIFTY2621026400CE,26400.0,2026-02-10,412.9,
2026-01-07 13:02:53+05:30,NIFTY2621026400CE,26400.0,2026-02-10,412.9,
2026-01-07 13:02:54+05:30,NIFTY2621026400CE,26400.0,2026-02-10,412.9,
2026-01-07 13:02:55+05:30,NIFTY2621026400CE,26400.0,2026-02-10,412.9,
2026-01-07 13:02:56+05:30,NIFTY2621026400CE,26400.0,2026-02-10,412.9,
2026-01-07 13:02:57+05:30,NIFTY2621026400CE,26400.0,2026-02-10,412.9,
2026-01-07 13:02:58+05:30,NIFTY2621026400CE,26400.0,2026-02-10,412.9,
2026-01-07 13:02:59+05:30,NIFTY2621026400CE,26400.0,2026-02-10,412.9,
2026-01-07 13:03:00+05:30,NIFTY2621026400CE,26400.0,2026-02-10,412.9,
2026-01-07 13:03:01+05:30,NIFTY2621026400CE,26400.0,2026-02-10,412.9,
2026-01-07 13:03:02+05:30,NIFTY2621026400CE,26400.0,2026-02-10,412.9,
2026-01-07 13:03:03+05:30,NIFTY2621026400CE,26400.0,2026-02-10,412.9,
2026-01-07 13:03:04+05:30,NIFTY2621026400CE,26400.0,2026-02-10,412.9,
2026-01-07 13:03:05+05:30,NIFTY2621026400CE,26400.0,2026-02-10,412.9,
2026-01-07 13:03:06+05:30,NIFTY2621026400CE,26400.0,2026-02-10,412.9,
2026-01-07 13:03:07+05:30,NIFTY2621026400CE,26400.0,2026-02-10,412.9,
2026-01-07 13:03:08+05:30,NIFTY2621026400CE,26400.0,2026-02-10,412.9,
2026-01-07 13:03:09+05:30,NIFTY2621026400CE,26400.0,2026-02-10,412.9,
2026-01-07 13:03:10+05:30,NIFTY2621026400CE,26400.0,2026-02-10,412.9,
2026-01-07 13:03:11+05:30,NIFTY2621026400CE,26400.0,2026-02-10,412.9,
2026-01-07 13:03:12+05:30,NIFTY2621026400CE,26400.0,2026-02-10,412.9,
2026-01-07 13:03:13+05:30,NIFTY2621026400CE,26400.0,2026-02-10,412.9,
2026-01-07 13:03:14+05:30,NIFTY2621026400CE,26400.0,2026-02-10,412.9,
2026-01-07 13:03:15+05:30,NIFTY2621026400CE,26400.0,2026-02-10,412.9,
2026-01-07 13:03:16+05:30,NIFTY2621026400CE,26400.0,2026-02-10,412.9,
2026-01-07 13:03:17+05:30,NIFTY2621026400CE,26400.0,2026-02-10,412.9,
2026-01-07 13:03:18+05:30,NIFTY2621026400CE,26400.0,2026-02-10,412.9,
2026-01-07 13:03:19+05:30,NIFTY2621026400CE,26400.0,2026-02-10,412.9,
2026-01-07 13:03:20+05:30,NIFTY2621026400CE,26400.0,2026-02-10,412.9,
2026-01-07 13:03:21+05:30,NIFTY2621026400CE,26400.0,2026-02-10,412.9,
2026-01-07 13:03:22+05:30,NIFTY2621026400CE,26400.0,2026-02-10,412.9,
2026-01-07 13:03:23+05:30,NIFTY2621026400CE,26400.0,2026-02-10,412.9,
2026-01-07 13:03:24+05:30,NIFTY2621026400CE,26400.0,2026-02-10,412.9,
2026-01-07 13:03:25+05:30,NIFTY2621026400CE,26400.0,2026-02-10,412.9,
2026-01-07 13:03:26+05:30,NIFTY2621026400CE,26400.0,2026-02-10,412.9,
2026-01-07 13:03:27+05:30,NIFTY2621026400CE,26400.0,2026-02-10,412.9,
2026-01-07 13:03:28+05:30,NIFTY2621026400CE,26400.0,2026-02-10,412.9,
2026-01-07 13:03:29+05:30,NIFTY2621026400CE,26400.0,2026-02-10,412.9,
2026-01-07 13:03:30+05:30,NIFTY2621026400CE,26400.0,2026-02-10,412.9,
2026-01-07 13:03:31+05:30,NIFTY2621026400CE,26400.0,2026-02-10,412.9,
2026-01-07 13:03:32+05:30,NIFTY2621026400CE,26400.0,2026-02-10,412.9,
2026-01-07 13:03:33+05:30,NIFTY2621026400CE,26400.0,2026-02-10,412.9,
2026-01-07 13:03:34+05:30,NIFTY2621026400CE,26400.0,2026-02-10,412.9,
2026-01-07 13:03:35+05:30,NIFTY2621026400CE,26400.0,2026-02-10,412.9,
2026-01-07 13:03:36+05:30,NIFTY2621026400CE,26400.0,2026-02-10,412.9,
2026-01-07 13:03:37+05:30,NIFTY2621026400CE,26400.0,2026-02-10,412.9,
2026-01-07 13:03:38+05:30,NIFTY2621026400CE,26400.0,2026-02-10,412.9,
2026-01-07 13:03:39+05:30,NIFTY2621026400CE,26400.0,2026-02-10,412.9,
2026-01-07 13:03:40+05:30,NIFTY2621026400CE,26400.0,2026-02-10,412.9,
2026-01-07 13:03:41+05:30,NIFTY2621026400CE,26400.0,2026-02-10,412.9,
2026-01-07 13:03:42+05:30,NIFTY2621026400CE,26400.0,2026-02-10,412.9,
2026-01-07 13:03:43+05:30,NIFTY2621026400CE,26400.0,2026-02-10,412.9,
2026-01-07 13:03:44+05:30,NIFTY2621026400CE,26400.0,2026-02-10,412.9,
2026-01-07 13:03:45+05:30,NIFTY2621026400CE,26400.0,2026-02-10,412.9,
2026-01-07 13:03:46+05:30,NIFTY2621026400CE,26400.0,2026-02-10,412.9,
2026-01-07 13:03:47+05:30,NIFTY2621026400CE,26400.0,2026-02-10,412.9,
2026-01-07 13:03:48+05:30,NIFTY2621026400CE,26400.0,2026-02-10,412.9,
2026-01-07 13:03:49+05:30,NIFTY2621026400CE,26400.0,2026-02-10,412.9,
2026-01-07 13:03:50+05:30,NIFTY2621026400CE,26400.0,2026-02-10,412.9,
2026-01-07 13:03:51+05:30,NIFTY2621026400CE,26400.0,2026-02-10,412.9,
2026-01-07 13:03:52+05:30,NIFTY2621026400CE,26400.0,2026-02-10,412.9,
2026-01-07 13:03:53+05:30,NIFTY2621026400CE,26400.0,2026-02-10,412.9,
2026-01-07 13:03:54+05:30,NIFTY2621026400CE,26400.0,2026-02-10,412.9,
2026-01-07 13:03:55+05:30,NIFTY2621026400CE,26400.0,2026-02-10,412.9,
2026-01-07 13:03:56+05:30,NIFTY2621026400CE,26400.0,2026-02-10,412.9,
2026-01-07 13:03:57+05:30,NIFTY2621026400CE,26400.0,2026-02-10,412.9,
2026-01-07 13:03:58+05:30,NIFTY2621026400CE,26400.0,2026-02-10,412.9,
2026-01-07 13:03:59+05:30,NIFTY2621026400CE,26400.0,2026-02-10,412.9,
2026-01-07 13:04:00+05:30,NIFTY2621026400CE,26400.0,2026-02-10,412.9,
2026-01-07 13:04:01+05:30,NIFTY2621026400CE,26400.0,2026-02-10,412.9,
2026-01-07 13:04:02+05:30,NIFTY2621026400CE,26400.0,2026-02-10,412.9,
2026-01-07 13:04:03+05:30,NIFTY2621026400CE,26400.0,2026-02-10,412.9,
2026-01-07 13:04:04+05:30,NIFTY2621026400CE,26400.0,2026-02-10,412.9,
2026-01-07 13:04:05+05:30,NIFTY2621026400CE,26400.0,2026-02-10,412.9,
2026-01-07 13:04:06+05:30,NIFTY2621026400CE,26400.0,2026-02-10,412.9,
2026-01-07 13:04:07+05:30,NIFTY2621026400CE,26400.0,2026-02-10,412.9,
2026-01-07 13:04:08+05:30,NIFTY2621026400CE,26400.0,2026-02-10,412.9,
2026-01-07 13:04:09+05:30,NIFTY2621026400CE,26400.0,2026-02-10,412.9,
2026-01-07 13:04:10+05:30,NIFTY2621026400CE,26400.0,2026-02-10,412.9,
2026-01-07 13:04:11+05:30,NIFTY2621026400CE,26400.0,2026-02-10,412.9,
2026-01-07 13:04:12+05:30,NIFTY2621026400CE,26400.0,2026-02-10,412.9,
2026-01-07 13:04:13+05:30,NIFTY2621026400CE,26400.0,2026-02-10,412.9,
2026-01-07 13:04:14+05:30,NIFTY2621026400CE,26400.0,2026-02-10,412.9,
2026-01-07 13:04:15+05:30,NIFTY2621026400CE,26400.0,2026-02-10,412.9,
2026-01-07 13:04:16+05:30,NIFTY2621026400CE,26400.0,2026-02-10,412.9,
2026-01-07 13:04:17+05:30,NIFTY2621026400CE,26400.0,2026-02-10,412.9,
2026-01-07 13:04:18+05:30,NIFTY2621026400CE,26400.0,2026-02-10,412.9,
2026-01-07 13:04:19+05:30,NIFTY2621026400CE,26400.0,2026-02-10,412.9,
2026-01-07 13:04:20+05:30,NIFTY2621026400CE,26400.0,2026-02-10,412.9,
2026-01-07 13:04:21+05:30,NIFTY2621026400CE,26400.0,2026-02-10,412.9,
2026-01-07 13:04:22+05:30,NIFTY2621026400CE,26400.0,2026-02-10,412.9,
2026-01-07 13:04:23+05:30,NIFTY2621026400CE,26400.0,2026-02-10,412.9,
2026-01-07 13:04:24+05:30,NIFTY2621026400CE,26400.0,2026-02-10,412.9,
2026-01-07 13:04:25+05:30,NIFTY2621026400CE,26400.0,2026-02-10,412.9,
2026-01-07 13:04:26+05:30,NIFTY2621026400CE,26400.0,2026-02-10,412.9,
2026-01-07 13:04:27+05:30,NIFTY2621026400CE,26400.0,2026-02-10,412.9,
2026-01-07 13:04:28+05:30,NIFTY2621026400CE,26400.0,2026-02-10,412.9,
2026-01-07 13:04:29+05:30,NIFTY2621026400CE,26400.0,2026-02-10,412.9,
2026-01-07 13:04:30+05:30,NIFTY2621026400CE,26400.0,2026-02-10,412.9,
2026-01-07 13:04:31+05:30,NIFTY2621026400CE,26400.0,2026-02-10,412.9,
2026-01-07 13:04:32+05:30,NIFTY2621026400CE,26400.0,2026-02-10,412.9,
2026-01-07 13:04:33+05:30,NIFTY2621026400CE,26400.0,2026-02-10,412.9,
2026-01-07 13:04:34+05:30,NIFTY2621026400CE,26400.0,2026-02-10,412.9,
2026-01-07 13:04:35+05:30,NIFTY2621026400CE,26400.0,2026-02-10,412.9,
2026-01-07 13:04:36+05:30,NIFTY2621026400CE,26400.0,2026-02-10,412.9,
2026-01-07 13:04:37+05:30,NIFTY2621026400CE,26400.0,2026-02-10,412.9,
2026-01-07 13:04:38+05:30,NIFTY2621026400CE,26400.0,2026-02-10,412.9,
2026-01-07 13:04:39+05:30,NIFTY2621026400CE,26400.0,2026-02-10,412.9,
2026-01-07 13:04:40+05:30,NIFTY2621026400CE,26400.0,2026-02-10,412.9,
2026-01-07 13:04:41+05:30,NIFTY2621026400CE,26400.0,2026-02-10,412.9,
2026-01-07 13:04:42+05:30,NIFTY2621026400CE,26400.0,2026-02-10,412.9,
2026-01-07 13:04:43+05:30,NIFTY2621026400CE,26400.0,2026-02-10,412.9,
2026-01-07 13:04:44+05:30,NIFTY2621026400CE,26400.0,2026-02-10,412.9,
2026-01-07 13:04:45+05:30,NIFTY2621026400CE,26400.0,2026-02-10,412.9,
2026-01-07 13:04:46+05:30,NIFTY2621026400CE,26400.0,2026-02-10,412.9,
2026-01-07 13:04:47+05:30,NIFTY2621026400CE,26400.0,2026-02-10,412.9,
2026-01-07 13:04:48+05:30,NIFTY2621026400CE,26400.0,2026-02-10,412.9,
2026-01-07 13:04:49+05:30,NIFTY2621026400CE,26400.0,2026-02-10,412.9,
2026-01-07 13:04:50+05:30,NIFTY2621026400CE,26400.0,2026-02-10,412.9,
2026-01-07 13:04:51+05:30,NIFTY2621026400CE,26400.0,2026-02-10,412.9,
2026-01-07 13:04:52+05:30,NIFTY2621026400CE,26400.0,2026-02-10,412.9,
2026-01-07 13:04:53+05:30,NIFTY2621026400CE,26400.0,2026-02-10,412.9,
2026-01-07 13:04:54+05:30,NIFTY2621026400CE,26400.0,2026-02-10,412.9,
2026-01-07 13:04:55+05:30,NIFTY2621026400CE,26400.0,2026-02-10,412.9,
2026-01-07 13:04:56+05:30,NIFTY2621026400CE,26400.0,2026-02-10,412.9,
2026-01-07 13:04:57+05:30,NIFTY2621026400CE,26400.0,2026-02-10,412.9,
2026-01-07 13:04:58+05:30,NIFTY2621026400CE,26400.0,2026-02-10,412.9,
2026-01-07 13:04:59+05:30,NIFTY2621026400CE,26400.0,2026-02-10,412.9,
2026-01-07 13:05:00+05:30,NIFTY2621026400CE,26400.0,2026-02-10,412.9,
2026-01-07 13:05:01+05:30,NIFTY2621026400CE,26400.0,2026-02-10,412.9,
2026-01-07 13:05:02+05:30,NIFTY2621026400CE,26400.0,2026-02-10,412.9,
2026-01-07 13:05:03+05:30,NIFTY2621026400CE,26400.0,2026-02-10,412.9,
2026-01-07 13:05:04+05:30,NIFTY2621026400CE,26400.0,2026-02-10,412.9,
2026-01-07 13:05:05+05:30,NIFTY2621026400CE,26400.0,2026-02-10,412.9,
2026-01-07 13:05:06+05:30,NIFTY2621026400CE,26400.0,2026-02-10,412.9,
2026-01-07 13:05:07+05:30,NIFTY2621026400CE,26400.0,2026-02-10,412.9,
2026-01-07 13:05:08+05:30,NIFTY2621026400CE,26400.0,2026-02-10,412.9,
2026-01-07 13:05:09+05:30,NIFTY2621026400CE,26400.0,2026-02-10,412.9,
2026-01-07 13:05:10+05:30,NIFTY2621026400CE,26400.0,2026-02-10,412.9,
2026-01-07 13:05:11+05:30,NIFTY2621026400CE,26400.0,2026-02-10,412.9,
2026-01-07 13:05:12+05:30,NIFTY2621026400CE,26400.0,2026-02-10,412.9,
2026-01-07 13:05:13+05:30,NIFTY2621026400CE,26400.0,2026-02-10,412.9,
2026-01-07 13:05:14+05:30,NIFTY2621026400CE,26400.0,2026-02-10,412.9,
2026-01-07 13:05:15+05:30,NIFTY2621026400CE,26400.0,2026-02-10,412.9,
2026-01-07 13:05:16+05:30,NIFTY2621026400CE,26400.0,2026-02-10,412.9,
2026-01-07 13:05:17+05:30,NIFTY2621026400CE,26400.0,2026-02-10,412.9,
2026-01-07 13:05:18+05:30,NIFTY2621026400CE,26400.0,2026-02-10,412.9,
2026-01-07 13:05:19+05:30,NIFTY2621026400CE,26400.0,2026-02-10,412.9,
2026-01-07 13:05:20+05:30,NIFTY2621026400CE,26400.0,2026-02-10,412.9,
2026-01-07 13:05:21+05:30,NIFTY2621026400CE,26400.0,2026-02-10,412.9,
2026-01-07 13:05:22+05:30,NIFTY2621026400CE,26400.0,2026-02-10,412.9,
2026-01-07 13:05:23+05:30,NIFTY2621026400CE,26400.0,2026-02-10,412.9,
2026-01-07 13:05:24+05:30,NIFTY2621026400CE,26400.0,2026-02-10,412.9,
2026-01-07 13:05:25+05:30,NIFTY2621026400CE,26400.0,2026-02-10,412.9,
2026-01-07 13:05:26+05:30,NIFTY2621026400CE,26400.0,2026-02-10,412.9,
2026-01-07 13:05:27+05:30,NIFTY2621026400CE,26400.0,2026-02-10,412.9,
2026-01-07 13:05:28+05:30,NIFTY2621026400CE,26400.0,2026-02-10,412.9,
2026-01-07 13:05:29+05:30,NIFTY2621026400CE,26400.0,2026-02-10,412.9,
2026-01-07 13:05:30+05:30,NIFTY2621026400CE,26400.0,2026-02-10,412.9,
2026-01-07 13:05:31+05:30,NIFTY2621026400CE,26400.0,2026-02-10,412.9,
2026-01-07 13:05:32+05:30,NIFTY2621026400CE,26400.0,2026-02-10,412.9,
2026-01-07 13:05:33+05:30,NIFTY2621026400CE,26400.0,2026-02-10,412.9,
2026-01-07 13:05:34+05:30,NIFTY2621026400CE,26400.0,2026-02-10,412.9,
2026-01-07 13:05:35+05:30,NIFTY2621026400CE,26400.0,2026-02-10,412.9,
2026-01-07 13:05:36+05:30,NIFTY2621026400CE,26400.0,2026-02-10,412.9,
2026-01-07 13:05:37+05:30,NIFTY2621026400CE,26400.0,2026-02-10,412.9,
2026-01-07 13:05:38+05:30,NIFTY2621026400CE,26400.0,2026-02-10,412.9,
2026-01-07 13:05:39+05:30,NIFTY2621026400CE,26400.0,2026-02-10,412.9,
2026-01-07 13:05:40+05:30,NIFTY2621026400CE,26400.0,2026-02-10,412.9,
2026-01-07 13:05:41+05:30,NIFTY2621026400CE,26400.0,2026-02-10,412.9,
2026-01-07 13:05:42+05:30,NIFTY2621026400CE,26400.0,2026-02-10,412.9,
2026-01-07 13:05:43+05:30,NIFTY2621026400CE,26400.0,2026-02-10,412.9,
2026-01-07 13:05:44+05:30,NIFTY2621026400CE,26400.0,2026-02-10,412.9,
2026-01-07 13:05:45+05:30,NIFTY2621026400CE,26400.0,2026-02-10,412.9,
2026-01-07 13:05:46+05:30,NIFTY2621026400CE,26400.0,2026-02-10,412.9,
2026-01-07 13:05:47+05:30,NIFTY2621026400CE,26400.0,2026-02-10,412.9,
2026-01-07 13:05:48+05:30,NIFTY2621026400CE,26400.0,2026-02-10,412.9,
2026-01-07 13:05:49+05:30,NIFTY2621026400CE,26400.0,2026-02-10,412.9,
2026-01-07 13:05:50+05:30,NIFTY2621026400CE,26400.0,2026-02-10,412.9,
2026-01-07 13:05:51+05:30,NIFTY2621026400CE,26400.0,2026-02-10,412.9,
2026-01-07 13:05:52+05:30,NIFTY2621026400CE,26400.0,2026-02-10,412.9,
2026-01-07 13:05:53+05:30,NIFTY2621026400CE,26400.0,2026-02-10,412.9,
2026-01-07 13:05:54+05:30,NIFTY2621026400CE,26400.0,2026-02-10,412.9,
2026-01-07 13:05:55+05:30,NIFTY2621026400CE,26400.0,2026-02-10,412.9,
2026-01-07 13:05:56+05:30,NIFTY2621026400CE,26400.0,2026-02-10,412.9,
2026-01-07 13:05:57+05:30,NIFTY2621026400CE,26400.0,2026-02-10,412.9,
2026-01-07 13:05:58+05:30,NIFTY2621026400CE,26400.0,2026-02-10,412.9,
2026-01-07 13:05:59+05:30,NIFTY2621026400CE,26400.0,2026-02-10,412.9,
2026-01-07 13:06:00+05:30,NIFTY2621026400CE,26400.0,2026-02-10,412.9,
2026-01-07 13:06:01+05:30,NIFTY2621026400CE,26400.0,2026-02-10,412.9,
2026-01-07 13:06:02+05:30,NIFTY2621026400CE,26400.0,2026-02-10,412.9,
2026-01-07 13:06:03+05:30,NIFTY2621026400CE,26400.0,2026-02-10,412.9,
2026-01-07 13:06:04+05:30,NIFTY2621026400CE,26400.0,2026-02-10,412.9,
2026-01-07 13:06:05+05:30,NIFTY2621026400CE,26400.0,2026-02-10,412.9,
2026-01-07 13:06:06+05:30,NIFTY2621026400CE,26400.0,2026-02-10,412.9,
2026-01-07 13:06:07+05:30,NIFTY2621026400CE,26400.0,2026-02-10,412.9,
2026-01-07 13:06:08+05:30,NIFTY2621026400CE,26400.0,2026-02-10,412.9,
2026-01-07 13:06:09+05:30,NIFTY2621026400CE,26400.0,2026-02-10,412.9,
2026-01-07 13:06:10+05:30,NIFTY2621026400CE,26400.0,2026-02-10,412.9,
2026-01-07 13:06:11+05:30,NIFTY2621026400CE,26400.0,2026-02-10,412.9,
2026-01-07 13:06:12+05:30,NIFTY2621026400CE,26400.0,2026-02-10,412.9,
2026-01-07 13:06:13+05:30,NIFTY2621026400CE,26400.0,2026-02-10,412.9,
2026-01-07 13:06:14+05:30,NIFTY2621026400CE,26400.0,2026-02-10,412.9,
2026-01-07 13:06:15+05:30,NIFTY2621026400CE,26400.0,2026-02-10,412.9,
2026-01-07 13:06:16+05:30,NIFTY2621026400CE,26400.0,2026-02-10,412.9,
2026-01-07 13:06:17+05:30,NIFTY2621026400CE,26400.0,2026-02-10,412.9,
2026-01-07 13:06:18+05:30,NIFTY2621026400CE,26400.0,2026-02-10,412.9,
2026-01-07 13:06:19+05:30,NIFTY2621026400CE,26400.0,2026-02-10,412.9,
2026-01-07 13:06:20+05:30,NIFTY2621026400CE,26400.0,2026-02-10,412.9,
2026-01-07 13:06:21+05:30,NIFTY2621026400CE,26400.0,2026-02-10,412.9,
2026-01-07 13:06:22+05:30,NIFTY2621026400CE,26400.0,2026-02-10,412.9,
2026-01-07 13:06:23+05:30,NIFTY2621026400CE,26400.0,2026-02-10,412.9,
2026-01-07 13:06:24+05:30,NIFTY2621026400CE,26400.0,2026-02-10,412.9,
2026-01-07 13:06:25+05:30,NIFTY2621026400CE,26400.0,2026-02-10,412.9,
2026-01-07 13:06:26+05:30,NIFTY2621026400CE,26400.0,2026-02-10,412.9,
2026-01-07 13:06:27+05:30,NIFTY2621026400CE,26400.0,2026-02-10,412.9,
2026-01-07 13:06:28+05:30,NIFTY2621026400CE,26400.0,2026-02-10,412.9,
2026-01-07 13:06:29+05:30,NIFTY2621026400CE,26400.0,2026-02-10,412.9,
2026-01-07 13:06:30+05:30,NIFTY2621026400CE,26400.0,2026-02-10,412.9,
2026-01-07 13:06:31+05:30,NIFTY2621026400CE,26400.0,2026-02-10,412.9,
2026-01-07 13:06:32+05:30,NIFTY2621026400CE,26400.0,2026-02-10,412.9,
2026-01-07 13:06:33+05:30,NIFTY2621026400CE,26400.0,2026-02-10,412.9,
2026-01-07 13:06:34+05:30,NIFTY2621026400CE,26400.0,2026-02-10,412.9,
2026-01-07 13:06:35+05:30,NIFTY2621026400CE,26400.0,2026-02-10,412.9,
2026-01-07 13:06:36+05:30,NIFTY2621026400CE,26400.0,2026-02-10,412.9,
2026-01-07 13:06:37+05:30,NIFTY2621026400CE,26400.0,2026-02-10,412.9,
2026-01-07 13:06:38+05:30,NIFTY2621026400CE,26400.0,2026-02-10,412.9,
2026-01-07 13:06:39+05:30,NIFTY2621026400CE,26400.0,2026-02-10,412.9,
2026-01-07 13:06:40+05:30,NIFTY2621026400CE,26400.0,2026-02-10,412.9,
2026-01-07 13:06:41+05:30,NIFTY2621026400CE,26400.0,2026-02-10,412.9,
2026-01-07 13:06:42+05:30,NIFTY2621026400CE,26400.0,2026-02-10,412.9,
2026-01-07 13:06:43+05:30,NIFTY2621026400CE,26400.0,2026-02-10,412.9,
2026-01-07 13:06:44+05:30,NIFTY2621026400CE,26400.0,2026-02-10,412.9,
2026-01-07 13:06:45+05:30,NIFTY2621026400CE,26400.0,2026-02-10,412.9,
2026-01-07 13:06:46+05:30,NIFTY2621026400CE,26400.0,2026-02-10,412.9,
2026-01-07 13:06:47+05:30,NIFTY2621026400CE,26400.0,2026-02-10,412.9,
2026-01-07 13:06:48+05:30,NIFTY2621026400CE,26400.0,2026-02-10,412.9,
2026-01-07 13:06:49+05:30,NIFTY2621026400CE,26400.0,2026-02-10,412.9,
2026-01-07 13:06:50+05:30,NIFTY2621026400CE,26400.0,2026-02-10,412.9,
2026-01-07 13:06:51+05:30,NIFTY2621026400CE,26400.0,2026-02-10,412.9,
2026-01-07 13:06:52+05:30,NIFTY2621026400CE,26400.0,2026-02-10,412.9,
2026-01-07 13:06:53+05:30,NIFTY2621026400CE,26400.0,2026-02-10,412.9,
2026-01-07 13:06:54+05:30,NIFTY2621026400CE,26400.0,2026-02-10,412.9,
2026-01-07 13:06:55+05:30,NIFTY2621026400CE,26400.0,2026-02-10,412.9,
2026-01-07 13:06:56+05:30,NIFTY2621026400CE,26400.0,2026-02-10,412.9,
2026-01-07 13:06:57+05:30,NIFTY2621026400CE,26400.0,2026-02-10,412.9,
2026-01-07 13:06:58+05:30,NIFTY2621026400CE,26400.0,2026-02-10,412.9,
2026-01-07 13:06:59+05:30,NIFTY2621026400CE,26400.0,2026-02-10,412.9,
2026-01-07 13:07:00+05:30,NIFTY2621026400CE,26400.0,2026-02-10,412.9,
2026-01-07 13:07:01+05:30,NIFTY2621026400CE,26400.0,2026-02-10,412.9,
2026-01-07 13:07:02+05:30,NIFTY2621026400CE,26400.0,2026-02-10,412.9,
2026-01-07 13:07:03+05:30,NIFTY2621026400CE,26400.0,2026-02-10,412.9,
2026-01-07 13:07:04+05:30,NIFTY2621026400CE,26400.0,2026-02-10,412.9,
2026-01-07 13:07:05+05:30,NIFTY2621026400CE,26400.0,2026-02-10,412.9,
2026-01-07 13:07:06+05:30,NIFTY2621026400CE,26400.0,2026-02-10,412.9,
2026-01-07 13:07:07+05:30,NIFTY2621026400CE,26400.0,2026-02-10,412.9,
2026-01-07 13:07:08+05:30,NIFTY2621026400CE,26400.0,2026-02-10,412.9,
2026-01-07 13:07:09+05:30,NIFTY2621026400CE,26400.0,2026-02-10,412.9,
2026-01-07 13:07:10+05:30,NIFTY2621026400CE,26400.0,2026-02-10,412.9,
2026-01-07 13:07:11+05:30,NIFTY2621026400CE,26400.0,2026-02-10,412.9,
2026-01-07 13:07:12+05:30,NIFTY2621026400CE,26400.0,2026-02-10,412.9,
2026-01-07 13:07:13+05:30,NIFTY2621026400CE,26400.0,2026-02-10,412.9,
2026-01-07 13:07:14+05:30,NIFTY2621026400CE,26400.0,2026-02-10,412.9,
2026-01-07 13:07:15+05:30,NIFTY2621026400CE,26400.0,2026-02-10,412.9,
2026-01-07 13:07:16+05:30,NIFTY2621026400CE,26400.0,2026-02-10,412.9,
2026-01-07 13:07:17+05:30,NIFTY2621026400CE,26400.0,2026-02-10,412.9,
2026-01-07 13:07:18+05:30,NIFTY2621026400CE,26400.0,2026-02-10,412.9,
2026-01-07 13:07:19+05:30,NIFTY2621026400CE,26400.0,2026-02-10,412.9,
2026-01-07 13:07:20+05:30,NIFTY2621026400CE,26400.0,2026-02-10,412.9,
2026-01-07 13:07:21+05:30,NIFTY2621026400CE,26400.0,2026-02-10,412.9,
2026-01-07 13:07:22+05:30,NIFTY2621026400CE,26400.0,2026-02-10,412.9,
2026-01-07 13:07:23+05:30,NIFTY2621026400CE,26400.0,2026-02-10,412.9,
2026-01-07 13:07:24+05:30,NIFTY2621026400CE,26400.0,2026-02-10,412.9,
2026-01-07 13:07:25+05:30,NIFTY2621026400CE,26400.0,2026-02-10,412.9,
2026-01-07 13:07:26+05:30,NIFTY2621026400CE,26400.0,2026-02-10,412.9,
2026-01-07 13:07:27+05:30,NIFTY2621026400CE,26400.0,2026-02-10,412.9,
2026-01-07 13:07:28+05:30,NIFTY2621026400CE,26400.0,2026-02-10,412.9,
2026-01-07 13:07:29+05:30,NIFTY2621026400CE,26400.0,2026-02-10,412.9,
2026-01-07 13:07:30+05:30,NIFTY2621026400CE,26400.0,2026-02-10,412.9,
2026-01-07 13:07:31+05:30,NIFTY2621026400CE,26400.0,2026-02-10,412.9,
2026-01-07 13:07:32+05:30,NIFTY2621026400CE,26400.0,2026-02-10,412.9,
2026-01-07 13:07:33+05:30,NIFTY2621026400CE,26400.0,2026-02-10,412.9,
2026-01-07 13:07:34+05:30,NIFTY2621026400CE,26400.0,2026-02-10,412.9,
2026-01-07 13:07:35+05:30,NIFTY2621026400CE,26400.0,2026-02-10,412.9,
2026-01-07 13:07:36+05:30,NIFTY2621026400CE,26400.0,2026-02-10,412.9,
2026-01-07 13:07:37+05:30,NIFTY2621026400CE,26400.0,2026-02-10,412.9,
2026-01-07 13:07:38+05:30,NIFTY2621026400CE,26400.0,2026-02-10,412.9,
2026-01-07 13:07:39+05:30,NIFTY2621026400CE,26400.0,2026-02-10,412.9,
2026-01-07 13:07:40+05:30,NIFTY2621026400CE,26400.0,2026-02-10,412.9,
2026-01-07 13:07:41+05:30,NIFTY2621026400CE,26400.0,2026-02-10,412.9,
2026-01-07 13:07:42+05:30,NIFTY2621026400CE,26400.0,2026-02-10,412.9,
2026-01-07 13:07:43+05:30,NIFTY2621026400CE,26400.0,2026-02-10,412.9,
2026-01-07 13:07:44+05:30,NIFTY2621026400CE,26400.0,2026-02-10,412.9,
2026-01-07 13:07:45+05:30,NIFTY2621026400CE,26400.0,2026-02-10,412.9,
2026-01-07 13:07:46+05:30,NIFTY2621026400CE,26400.0,2026-02-10,412.9,
2026-01-07 13:07:47+05:30,NIFTY2621026400CE,26400.0,2026-02-10,412.9,
2026-01-07 13:07:48+05:30,NIFTY2621026400CE,26400.0,2026-02-10,412.9,
2026-01-07 13:07:49+05:30,NIFTY2621026400CE,26400.0,2026-02-10,412.9,
2026-01-07 13:07:50+05:30,NIFTY2621026400CE,26400.0,2026-02-10,412.9,
2026-01-07 13:07:51+05:30,NIFTY2621026400CE,26400.0,2026-02-10,412.9,
2026-01-07 13:07:52+05:30,NIFTY2621026400CE,26400.0,2026-02-10,412.9,
2026-01-07 13:07:53+05:30,NIFTY2621026400CE,26400.0,2026-02-10,412.9,
2026-01-07 13:07:54+05:30,NIFTY2621026400CE,26400.0,2026-02-10,412.9,
2026-01-07 13:07:55+05:30,NIFTY2621026400CE,26400.0,2026-02-10,412.9,
2026-01-07 13:07:56+05:30,NIFTY2621026400CE,26400.0,2026-02-10,412.9,
2026-01-07 13:07:57+05:30,NIFTY2621026400CE,26400.0,2026-02-10,412.9,
2026-01-07 13:07:58+05:30,NIFTY2621026400CE,26400.0,2026-02-10,412.9,
2026-01-07 13:07:59+05:30,NIFTY2621026400CE,26400.0,2026-02-10,412.9,
2026-01-07 13:08:00+05:30,NIFTY2621026400CE,26400.0,2026-02-10,412.9,
2026-01-07 13:08:01+05:30,NIFTY2621026400CE,26400.0,2026-02-10,412.9,
2026-01-07 13:08:02+05:30,NIFTY2621026400CE,26400.0,2026-02-10,412.9,
2026-01-07 13:08:03+05:30,NIFTY2621026400CE,26400.0,2026-02-10,412.9,
2026-01-07 13:08:04+05:30,NIFTY2621026400CE,26400.0,2026-02-10,412.9,
2026-01-07 13:08:05+05:30,NIFTY2621026400CE,26400.0,2026-02-10,412.9,
2026-01-07 13:08:06+05:30,NIFTY2621026400CE,26400.0,2026-02-10,412.9,
2026-01-07 13:08:07+05:30,NIFTY2621026400CE,26400.0,2026-02-10,412.9,
2026-01-07 13:08:08+05:30,NIFTY2621026400CE,26400.0,2026-02-10,412.9,
2026-01-07 13:08:09+05:30,NIFTY2621026400CE,26400.0,2026-02-10,412.9,
2026-01-07 13:08:10+05:30,NIFTY2621026400CE,26400.0,2026-02-10,412.9,
2026-01-07 13:08:11+05:30,NIFTY2621026400CE,26400.0,2026-02-10,412.9,
2026-01-07 13:08:12+05:30,NIFTY2621026400CE,26400.0,2026-02-10,412.9,
2026-01-07 13:08:13+05:30,NIFTY2621026400CE,26400.0,2026-02-10,412.9,
2026-01-07 13:08:14+05:30,NIFTY2621026400CE,26400.0,2026-02-10,412.9,
2026-01-07 13:08:15+05:30,NIFTY2621026400CE,26400.0,2026-02-10,412.9,
2026-01-07 13:08:16+05:30,NIFTY2621026400CE,26400.0,2026-02-10,412.9,
2026-01-07 13:08:17+05:30,NIFTY2621026400CE,26400.0,2026-02-10,412.9,
2026-01-07 13:08:18+05:30,NIFTY2621026400CE,26400.0,2026-02-10,412.9,
2026-01-07 13:08:19+05:30,NIFTY2621026400CE,26400.0,2026-02-10,412.9,
2026-01-07 13:08:20+05:30,NIFTY2621026400CE,26400.0,2026-02-10,412.9,
2026-01-07 13:08:21+05:30,NIFTY2621026400CE,26400.0,2026-02-10,412.9,
2026-01-07 13:08:22+05:30,NIFTY2621026400CE,26400.0,2026-02-10,412.9,
2026-01-07 13:08:23+05:30,NIFTY2621026400CE,26400.0,2026-02-10,412.9,
2026-01-07 13:08:24+05:30,NIFTY2621026400CE,26400.0,2026-02-10,412.9,
2026-01-07 13:08:25+05:30,NIFTY2621026400CE,26400.0,2026-02-10,412.9,
2026-01-07 13:08:26+05:30,NIFTY2621026400CE,26400.0,2026-02-10,412.9,
2026-01-07 13:08:27+05:30,NIFTY2621026400CE,26400.0,2026-02-10,412.9,
2026-01-07 13:08:28+05:30,NIFTY2621026400CE,26400.0,2026-02-10,412.9,
2026-01-07 13:08:29+05:30,NIFTY2621026400CE,26400.0,2026-02-10,412.9,
2026-01-07 13:08:30+05:30,NIFTY2621026400CE,26400.0,2026-02-10,412.9,
2026-01-07 13:08:31+05:30,NIFTY2621026400CE,26400.0,2026-02-10,412.9,
2026-01-07 13:08:32+05:30,NIFTY2621026400CE,26400.0,2026-02-10,412.9,
2026-01-07 13:08:33+05:30,NIFTY2621026400CE,26400.0,2026-02-10,412.9,
2026-01-07 13:08:34+05:30,NIFTY2621026400CE,26400.0,2026-02-10,412.9,
2026-01-07 13:08:35+05:30,NIFTY2621026400CE,26400.0,2026-02-10,412.9,
2026-01-07 13:08:36+05:30,NIFTY2621026400CE,26400.0,2026-02-10,412.9,
2026-01-07 13:08:37+05:30,NIFTY2621026400CE,26400.0,2026-02-10,412.9,
2026-01-07 13:08:38+05:30,NIFTY2621026400CE,26400.0,2026-02-10,412.9,
2026-01-07 13:08:39+05:30,NIFTY2621026400CE,26400.0,2026-02-10,412.9,
2026-01-07 13:08:40+05:30,NIFTY2621026400CE,26400.0,2026-02-10,412.9,
2026-01-07 13:08:41+05:30,NIFTY2621026400CE,26400.0,2026-02-10,412.9,
2026-01-07 13:08:42+05:30,NIFTY2621026400CE,26400.0,2026-02-10,412.9,
2026-01-07 13:08:43+05:30,NIFTY2621026400CE,26400.0,2026-02-10,412.9,
2026-01-07 13:08:44+05:30,NIFTY2621026400CE,26400.0,2026-02-10,412.9,
2026-01-07 13:08:45+05:30,NIFTY2621026400CE,26400.0,2026-02-10,412.9,
2026-01-07 13:08:46+05:30,NIFTY2621026400CE,26400.0,2026-02-10,412.9,
2026-01-07 13:08:47+05:30,NIFTY2621026400CE,26400.0,2026-02-10,412.9,
2026-01-07 13:08:48+05:30,NIFTY2621026400CE,26400.0,2026-02-10,412.9,
2026-01-07 13:08:49+05:30,NIFTY2621026400CE,26400.0,2026-02-10,412.9,
2026-01-07 13:08:50+05:30,NIFTY2621026400CE,26400.0,2026-02-10,412.9,
2026-01-07 13:08:51+05:30,NIFTY2621026400CE,26400.0,2026-02-10,412.9,
2026-01-07 13:08:52+05:30,NIFTY2621026400CE,26400.0,2026-02-10,412.9,
2026-01-07 13:08:53+05:30,NIFTY2621026400CE,26400.0,2026-02-10,412.9,
2026-01-07 13:08:54+05:30,NIFTY2621026400CE,26400.0,2026-02-10,412.9,
2026-01-07 13:08:55+05:30,NIFTY2621026400CE,26400.0,2026-02-10,412.9,
2026-01-07 13:08:56+05:30,NIFTY2621026400CE,26400.0,2026-02-10,412.9,
2026-01-07 13:08:57+05:30,NIFTY2621026400CE,26400.0,2026-02-10,412.9,
2026-01-07 13:08:58+05:30,NIFTY2621026400CE,26400.0,2026-02-10,412.9,
2026-01-07 13:08:59+05:30,NIFTY2621026400CE,26400.0,2026-02-10,412.9,
2026-01-07 13:09:00+05:30,NIFTY2621026400CE,26400.0,2026-02-10,412.9,
2026-01-07 13:09:01+05:30,NIFTY2621026400CE,26400.0,2026-02-10,412.9,
2026-01-07 13:09:02+05:30,NIFTY2621026400CE,26400.0,2026-02-10,412.9,
2026-01-07 13:09:03+05:30,NIFTY2621026400CE,26400.0,2026-02-10,412.9,
2026-01-07 13:09:04+05:30,NIFTY2621026400CE,26400.0,2026-02-10,412.9,
2026-01-07 13:09:05+05:30,NIFTY2621026400CE,26400.0,2026-02-10,412.9,
2026-01-07 13:09:06+05:30,NIFTY2621026400CE,26400.0,2026-02-10,412.9,
2026-01-07 13:09:07+05:30,NIFTY2621026400CE,26400.0,2026-02-10,412.9,
2026-01-07 13:09:08+05:30,NIFTY2621026400CE,26400.0,2026-02-10,412.9,
2026-01-07 13:09:09+05:30,NIFTY2621026400CE,26400.0,2026-02-10,412.9,
2026-01-07 13:09:10+05:30,NIFTY2621026400CE,26400.0,2026-02-10,412.9,
2026-01-07 13:09:11+05:30,NIFTY2621026400CE,26400.0,2026-02-10,412.9,
2026-01-07 13:09:12+05:30,NIFTY2621026400CE,26400.0,2026-02-10,412.9,
2026-01-07 13:09:13+05:30,NIFTY2621026400CE,26400.0,2026-02-10,412.9,
2026-01-07 13:09:14+05:30,NIFTY2621026400CE,26400.0,2026-02-10,412.9,
2026-01-07 13:09:15+05:30,NIFTY2621026400CE,26400.0,2026-02-10,412.9,
2026-01-07 13:09:16+05:30,NIFTY2621026400CE,26400.0,2026-02-10,412.9,
2026-01-07 13:09:17+05:30,NIFTY2621026400CE,26400.0,2026-02-10,412.9,
2026-01-07 13:09:18+05:30,NIFTY2621026400CE,26400.0,2026-02-10,412.9,
2026-01-07 13:09:19+05:30,NIFTY2621026400CE,26400.0,2026-02-10,412.9,
2026-01-07 13:09:20+05:30,NIFTY2621026400CE,26400.0,2026-02-10,412.9,
2026-01-07 13:09:21+05:30,NIFTY2621026400CE,26400.0,2026-02-10,412.9,
2026-01-07 13:09:22+05:30,NIFTY2621026400CE,26400.0,2026-02-10,412.9,
2026-01-07 13:09:23+05:30,NIFTY2621026400CE,26400.0,2026-02-10,412.9,
2026-01-07 13:09:24+05:30,NIFTY2621026400CE,26400.0,2026-02-10,412.9,
2026-01-07 13:09:25+05:30,NIFTY2621026400CE,26400.0,2026-02-10,412.9,
2026-01-07 13:09:26+05:30,NIFTY2621026400CE,26400.0,2026-02-10,412.9,
2026-01-07 13:09:27+05:30,NIFTY2621026400CE,26400.0,2026-02-10,412.9,
2026-01-07 13:09:28+05:30,NIFTY2621026400CE,26400.0,2026-02-10,412.9,
2026-01-07 13:09:29+05:30,NIFTY2621026400CE,26400.0,2026-02-10,412.9,
2026-01-07 13:09:30+05:30,NIFTY2621026400CE,26400.0,2026-02-10,412.9,
2026-01-07 13:09:31+05:30,NIFTY2621026400CE,26400.0,2026-02-10,412.9,
2026-01-07 13:09:32+05:30,NIFTY2621026400CE,26400.0,2026-02-10,412.9,
2026-01-07 13:09:33+05:30,NIFTY2621026400CE,26400.0,2026-02-10,412.9,
2026-01-07 13:09:34+05:30,NIFTY2621026400CE,26400.0,2026-02-10,412.9,
2026-01-07 13:09:35+05:30,NIFTY2621026400CE,26400.0,2026-02-10,412.9,
2026-01-07 13:09:36+05:30,NIFTY2621026400CE,26400.0,2026-02-10,412.9,
2026-01-07 13:09:37+05:30,NIFTY2621026400CE,26400.0,2026-02-10,412.9,
2026-01-07 13:09:38+05:30,NIFTY2621026400CE,26400.0,2026-02-10,412.9,
2026-01-07 13:09:39+05:30,NIFTY2621026400CE,26400.0,2026-02-10,412.9,
2026-01-07 13:09:40+05:30,NIFTY2621026400CE,26400.0,2026-02-10,412.9,
2026-01-07 13:09:41+05:30,NIFTY2621026400CE,26400.0,2026-02-10,412.9,
2026-01-07 13:09:42+05:30,NIFTY2621026400CE,26400.0,2026-02-10,412.9,
2026-01-07 13:09:43+05:30,NIFTY2621026400CE,26400.0,2026-02-10,412.9,
2026-01-07 13:09:44+05:30,NIFTY2621026400CE,26400.0,2026-02-10,412.9,
2026-01-07 13:09:45+05:30,NIFTY2621026400CE,26400.0,2026-02-10,412.9,
2026-01-07 13:09:46+05:30,NIFTY2621026400CE,26400.0,2026-02-10,412.9,
2026-01-07 13:09:47+05:30,NIFTY2621026400CE,26400.0,2026-02-10,412.9,
2026-01-07 13:09:48+05:30,NIFTY2621026400CE,26400.0,2026-02-10,412.9,
2026-01-07 13:09:49+05:30,NIFTY2621026400CE,26400.0,2026-02-10,412.9,
2026-01-07 13:09:50+05:30,NIFTY2621026400CE,26400.0,2026-02-10,412.9,
2026-01-07 13:09:51+05:30,NIFTY2621026400CE,26400.0,2026-02-10,412.9,
2026-01-07 13:09:52+05:30,NIFTY2621026400CE,26400.0,2026-02-10,412.9,
2026-01-07 13:09:53+05:30,NIFTY2621026400CE,26400.0,2026-02-10,412.9,
2026-01-07 13:09:54+05:30,NIFTY2621026400CE,26400.0,2026-02-10,412.9,
2026-01-07 13:09:55+05:30,NIFTY2621026400CE,26400.0,2026-02-10,412.9,
2026-01-07 13:09:56+05:30,NIFTY2621026400CE,26400.0,2026-02-10,412.9,
2026-01-07 13:09:57+05:30,NIFTY2621026400CE,26400.0,2026-02-10,412.9,
2026-01-07 13:09:58+05:30,NIFTY2621026400CE,26400.0,2026-02-10,412.9,
2026-01-07 13:09:59+05:30,NIFTY2621026400CE,26400.0,2026-02-10,412.9,
2026-01-07 13:10:00+05:30,NIFTY2621026400CE,26400.0,2026-02-10,412.9,
2026-01-07 13:10:01+05:30,NIFTY2621026400CE,26400.0,2026-02-10,412.9,
2026-01-07 13:10:02+05:30,NIFTY2621026400CE,26400.0,2026-02-10,412.9,
2026-01-07 13:10:03+05:30,NIFTY2621026400CE,26400.0,2026-02-10,412.9,
2026-01-07 13:10:04+05:30,NIFTY2621026400CE,26400.0,2026-02-10,412.9,
2026-01-07 13:10:05+05:30,NIFTY2621026400CE,26400.0,2026-02-10,412.9,
2026-01-07 13:10:06+05:30,NIFTY2621026400CE,26400.0,2026-02-10,412.9,
2026-01-07 13:10:07+05:30,NIFTY2621026400CE,26400.0,2026-02-10,412.9,
2026-01-07 13:10:08+05:30,NIFTY2621026400CE,26400.0,2026-02-10,412.9,
2026-01-07 13:10:09+05:30,NIFTY2621026400CE,26400.0,2026-02-10,412.9,
2026-01-07 13:10:10+05:30,NIFTY2621026400CE,26400.0,2026-02-10,412.9,
2026-01-07 13:10:11+05:30,NIFTY2621026400CE,26400.0,2026-02-10,412.9,
2026-01-07 13:10:12+05:30,NIFTY2621026400CE,26400.0,2026-02-10,412.9,
2026-01-07 13:10:13+05:30,NIFTY2621026400CE,26400.0,2026-02-10,412.9,
2026-01-07 13:10:14+05:30,NIFTY2621026400CE,26400.0,2026-02-10,412.9,
2026-01-07 13:10:15+05:30,NIFTY2621026400CE,26400.0,2026-02-10,412.9,
2026-01-07 13:10:16+05:30,NIFTY2621026400CE,26400.0,2026-02-10,412.9,
2026-01-07 13:10:17+05:30,NIFTY2621026400CE,26400.0,2026-02-10,412.9,
2026-01-07 13:10:18+05:30,NIFTY2621026400CE,26400.0,2026-02-10,412.9,
2026-01-07 13:10:19+05:30,NIFTY2621026400CE,26400.0,2026-02-10,412.9,
2026-01-07 13:10:20+05:30,NIFTY2621026400CE,26400.0,2026-02-10,412.9,
2026-01-07 13:10:21+05:30,NIFTY2621026400CE,26400.0,2026-02-10,412.9,
2026-01-07 13:10:22+05:30,NIFTY2621026400CE,26400.0,2026-02-10,412.9,
2026-01-07 13:10:23+05:30,NIFTY2621026400CE,26400.0,2026-02-10,412.9,
2026-01-07 13:10:24+05:30,NIFTY2621026400CE,26400.0,2026-02-10,412.9,
2026-01-07 13:10:25+05:30,NIFTY2621026400CE,26400.0,2026-02-10,412.9,
2026-01-07 13:10:26+05:30,NIFTY2621026400CE,26400.0,2026-02-10,412.9,
2026-01-07 13:10:27+05:30,NIFTY2621026400CE,26400.0,2026-02-10,412.9,
2026-01-07 13:10:28+05:30,NIFTY2621026400CE,26400.0,2026-02-10,412.9,
2026-01-07 13:10:29+05:30,NIFTY2621026400CE,26400.0,2026-02-10,412.9,
2026-01-07 13:10:30+05:30,NIFTY2621026400CE,26400.0,2026-02-10,412.9,
2026-01-07 13:10:31+05:30,NIFTY2621026400CE,26400.0,2026-02-10,412.9,
2026-01-07 13:10:32+05:30,NIFTY2621026400CE,26400.0,2026-02-10,412.9,
2026-01-07 13:10:33+05:30,NIFTY2621026400CE,26400.0,2026-02-10,412.9,
2026-01-07 13:10:34+05:30,NIFTY2621026400CE,26400.0,2026-02-10,412.9,
2026-01-07 13:10:35+05:30,NIFTY2621026400CE,26400.0,2026-02-10,412.9,
2026-01-07 13:10:36+05:30,NIFTY2621026400CE,26400.0,2026-02-10,412.9,
2026-01-07 13:10:37+05:30,NIFTY2621026400CE,26400.0,2026-02-10,412.9,
2026-01-07 13:10:38+05:30,NIFTY2621026400CE,26400.0,2026-02-10,412.9,
2026-01-07 13:10:39+05:30,NIFTY2621026400CE,26400.0,2026-02-10,412.9,
2026-01-07 13:10:40+05:30,NIFTY2621026400CE,26400.0,2026-02-10,412.9,
2026-01-07 13:10:41+05:30,NIFTY2621026400CE,26400.0,2026-02-10,412.9,
2026-01-07 13:10:42+05:30,NIFTY2621026400CE,26400.0,2026-02-10,412.9,
2026-01-07 13:10:43+05:30,NIFTY2621026400CE,26400.0,2026-02-10,412.9,
2026-01-07 13:10:44+05:30,NIFTY2621026400CE,26400.0,2026-02-10,412.9,
2026-01-07 13:10:45+05:30,NIFTY2621026400CE,26400.0,2026-02-10,412.9,
2026-01-07 13:10:46+05:30,NIFTY2621026400CE,26400.0,2026-02-10,412.9,
2026-01-07 13:10:47+05:30,NIFTY2621026400CE,26400.0,2026-02-10,412.9,
2026-01-07 13:10:48+05:30,NIFTY2621026400CE,26400.0,2026-02-10,412.9,
2026-01-07 13:10:49+05:30,NIFTY2621026400CE,26400.0,2026-02-10,412.9,
2026-01-07 13:10:50+05:30,NIFTY2621026400CE,26400.0,2026-02-10,412.9,
2026-01-07 13:10:51+05:30,NIFTY2621026400CE,26400.0,2026-02-10,412.9,
2026-01-07 13:10:52+05:30,NIFTY2621026400CE,26400.0,2026-02-10,412.9,
2026-01-07 13:10:53+05:30,NIFTY2621026400CE,26400.0,2026-02-10,412.9,
2026-01-07 13:10:54+05:30,NIFTY2621026400CE,26400.0,2026-02-10,412.9,
2026-01-07 13:10:55+05:30,NIFTY2621026400CE,26400.0,2026-02-10,412.9,
2026-01-07 13:10:56+05:30,NIFTY2621026400CE,26400.0,2026-02-10,412.9,
2026-01-07 13:10:57+05:30,NIFTY2621026400CE,26400.0,2026-02-10,412.9,
2026-01-07 13:10:58+05:30,NIFTY2621026400CE,26400.0,2026-02-10,412.9,
2026-01-07 13:10:59+05:30,NIFTY2621026400CE,26400.0,2026-02-10,412.9,
2026-01-07 13:11:00+05:30,NIFTY2621026400CE,26400.0,2026-02-10,412.9,
2026-01-07 13:11:01+05:30,NIFTY2621026400CE,26400.0,2026-02-10,412.9,
2026-01-07 13:11:02+05:30,NIFTY2621026400CE,26400.0,2026-02-10,412.9,
2026-01-07 13:11:03+05:30,NIFTY2621026400CE,26400.0,2026-02-10,412.9,
2026-01-07 13:11:04+05:30,NIFTY2621026400CE,26400.0,2026-02-10,412.9,
2026-01-07 13:11:05+05:30,NIFTY2621026400CE,26400.0,2026-02-10,412.9,
2026-01-07 13:11:06+05:30,NIFTY2621026400CE,26400.0,2026-02-10,412.9,
2026-01-07 13:11:07+05:30,NIFTY2621026400CE,26400.0,2026-02-10,412.9,
2026-01-07 13:11:08+05:30,NIFTY2621026400CE,26400.0,2026-02-10,412.9,
2026-01-07 13:11:09+05:30,NIFTY2621026400CE,26400.0,2026-02-10,412.9,
2026-01-07 13:11:10+05:30,NIFTY2621026400CE,26400.0,2026-02-10,412.9,
2026-01-07 13:11:11+05:30,NIFTY2621026400CE,26400.0,2026-02-10,412.9,
2026-01-07 13:11:12+05:30,NIFTY2621026400CE,26400.0,2026-02-10,412.9,
2026-01-07 13:11:13+05:30,NIFTY2621026400CE,26400.0,2026-02-10,412.9,
2026-01-07 13:11:14+05:30,NIFTY2621026400CE,26400.0,2026-02-10,412.9,
2026-01-07 13:11:15+05:30,NIFTY2621026400CE,26400.0,2026-02-10,412.9,
2026-01-07 13:11:16+05:30,NIFTY2621026400CE,26400.0,2026-02-10,412.9,
2026-01-07 13:11:17+05:30,NIFTY2621026400CE,26400.0,2026-02-10,412.9,
2026-01-07 13:11:18+05:30,NIFTY2621026400CE,26400.0,2026-02-10,412.9,
2026-01-07 13:11:19+05:30,NIFTY2621026400CE,26400.0,2026-02-10,412.9,
2026-01-07 13:11:20+05:30,NIFTY2621026400CE,26400.0,2026-02-10,412.9,
2026-01-07 13:11:21+05:30,NIFTY2621026400CE,26400.0,2026-02-10,412.9,
2026-01-07 13:11:22+05:30,NIFTY2621026400CE,26400.0,2026-02-10,412.9,
2026-01-07 13:11:23+05:30,NIFTY2621026400CE,26400.0,2026-02-10,412.9,
2026-01-07 13:11:24+05:30,NIFTY2621026400CE,26400.0,2026-02-10,412.9,
2026-01-07 13:11:25+05:30,NIFTY2621026400CE,26400.0,2026-02-10,412.9,
2026-01-07 13:11:26+05:30,NIFTY2621026400CE,26400.0,2026-02-10,412.9,
2026-01-07 13:11:27+05:30,NIFTY2621026400CE,26400.0,2026-02-10,412.9,
2026-01-07 13:11:28+05:30,NIFTY2621026400CE,26400.0,2026-02-10,412.9,
2026-01-07 13:11:29+05:30,NIFTY2621026400CE,26400.0,2026-02-10,412.9,
2026-01-07 13:11:30+05:30,NIFTY2621026400CE,26400.0,2026-02-10,412.9,
2026-01-07 13:11:31+05:30,NIFTY2621026400CE,26400.0,2026-02-10,412.9,
2026-01-07 13:11:32+05:30,NIFTY2621026400CE,26400.0,2026-02-10,412.9,
2026-01-07 13:11:33+05:30,NIFTY2621026400CE,26400.0,2026-02-10,412.9,
2026-01-07 13:11:34+05:30,NIFTY2621026400CE,26400.0,2026-02-10,412.9,
2026-01-07 13:11:35+05:30,NIFTY2621026400CE,26400.0,2026-02-10,412.9,
2026-01-07 13:11:36+05:30,NIFTY2621026400CE,26400.0,2026-02-10,412.9,
2026-01-07 13:11:37+05:30,NIFTY2621026400CE,26400.0,2026-02-10,412.9,
2026-01-07 13:11:38+05:30,NIFTY2621026400CE,26400.0,2026-02-10,412.9,
2026-01-07 13:11:39+05:30,NIFTY2621026400CE,26400.0,2026-02-10,412.9,
2026-01-07 13:11:40+05:30,NIFTY2621026400CE,26400.0,2026-02-10,412.9,
2026-01-07 13:11:41+05:30,NIFTY2621026400CE,26400.0,2026-02-10,412.9,
2026-01-07 13:11:42+05:30,NIFTY2621026400CE,26400.0,2026-02-10,412.9,
2026-01-07 13:11:43+05:30,NIFTY2621026400CE,26400.0,2026-02-10,412.9,
2026-01-07 13:11:44+05:30,NIFTY2621026400CE,26400.0,2026-02-10,412.9,
2026-01-07 13:11:45+05:30,NIFTY2621026400CE,26400.0,2026-02-10,412.9,
2026-01-07 13:11:46+05:30,NIFTY2621026400CE,26400.0,2026-02-10,412.9,
2026-01-07 13:11:47+05:30,NIFTY2621026400CE,26400.0,2026-02-10,412.9,
2026-01-07 13:11:48+05:30,NIFTY2621026400CE,26400.0,2026-02-10,412.9,
2026-01-07 13:11:49+05:30,NIFTY2621026400CE,26400.0,2026-02-10,412.9,
2026-01-07 13:11:50+05:30,NIFTY2621026400CE,26400.0,2026-02-10,412.9,
2026-01-07 13:11:51+05:30,NIFTY2621026400CE,26400.0,2026-02-10,412.9,
2026-01-07 13:11:52+05:30,NIFTY2621026400CE,26400.0,2026-02-10,412.9,
2026-01-07 13:11:53+05:30,NIFTY2621026400CE,26400.0,2026-02-10,412.9,
2026-01-07 13:11:54+05:30,NIFTY2621026400CE,26400.0,2026-02-10,412.9,
2026-01-07 13:11:55+05:30,NIFTY2621026400CE,26400.0,2026-02-10,412.9,
2026-01-07 13:11:56+05:30,NIFTY2621026400CE,26400.0,2026-02-10,412.9,
2026-01-07 13:11:57+05:30,NIFTY2621026400CE,26400.0,2026-02-10,412.9,
2026-01-07 13:11:58+05:30,NIFTY2621026400CE,26400.0,2026-02-10,412.9,
2026-01-07 13:11:59+05:30,NIFTY2621026400CE,26400.0,2026-02-10,412.9,
2026-01-07 13:12:00+05:30,NIFTY2621026400CE,26400.0,2026-02-10,412.9,
2026-01-07 13:12:01+05:30,NIFTY2621026400CE,26400.0,2026-02-10,412.9,
2026-01-07 13:12:02+05:30,NIFTY2621026400CE,26400.0,2026-02-10,412.9,
2026-01-07 13:12:03+05:30,NIFTY2621026400CE,26400.0,2026-02-10,412.9,
2026-01-07 13:12:04+05:30,NIFTY2621026400CE,26400.0,2026-02-10,412.9,
2026-01-07 13:12:05+05:30,NIFTY2621026400CE,26400.0,2026-02-10,412.9,
2026-01-07 13:12:06+05:30,NIFTY2621026400CE,26400.0,2026-02-10,412.9,
2026-01-07 13:12:07+05:30,NIFTY2621026400CE,26400.0,2026-02-10,412.9,
2026-01-07 13:12:08+05:30,NIFTY2621026400CE,26400.0,2026-02-10,412.9,
2026-01-07 13:12:09+05:30,NIFTY2621026400CE,26400.0,2026-02-10,412.9,
2026-01-07 13:12:10+05:30,NIFTY2621026400CE,26400.0,2026-02-10,412.9,
2026-01-07 13:12:11+05:30,NIFTY2621026400CE,26400.0,2026-02-10,412.9,
2026-01-07 13:12:12+05:30,NIFTY2621026400CE,26400.0,2026-02-10,412.9,
2026-01-07 13:12:13+05:30,NIFTY2621026400CE,26400.0,2026-02-10,412.9,
2026-01-07 13:12:14+05:30,NIFTY2621026400CE,26400.0,2026-02-10,412.9,
2026-01-07 13:12:15+05:30,NIFTY2621026400CE,26400.0,2026-02-10,412.9,
2026-01-07 13:12:16+05:30,NIFTY2621026400CE,26400.0,2026-02-10,412.9,
2026-01-07 13:12:17+05:30,NIFTY2621026400CE,26400.0,2026-02-10,412.9,
2026-01-07 13:12:18+05:30,NIFTY2621026400CE,26400.0,2026-02-10,412.9,
2026-01-07 13:12:19+05:30,NIFTY2621026400CE,26400.0,2026-02-10,412.9,
2026-01-07 13:12:20+05:30,NIFTY2621026400CE,26400.0,2026-02-10,412.9,
2026-01-07 13:12:21+05:30,NIFTY2621026400CE,26400.0,2026-02-10,412.9,
2026-01-07 13:12:22+05:30,NIFTY2621026400CE,26400.0,2026-02-10,412.9,
2026-01-07 13:12:23+05:30,NIFTY2621026400CE,26400.0,2026-02-10,412.9,
2026-01-07 13:12:24+05:30,NIFTY2621026400CE,26400.0,2026-02-10,412.9,
2026-01-07 13:12:25+05:30,NIFTY2621026400CE,26400.0,2026-02-10,412.9,
2026-01-07 13:12:26+05:30,NIFTY2621026400CE,26400.0,2026-02-10,412.9,
2026-01-07 13:12:27+05:30,NIFTY2621026400CE,26400.0,2026-02-10,412.9,
2026-01-07 13:12:28+05:30,NIFTY2621026400CE,26400.0,2026-02-10,412.9,
2026-01-07 13:12:29+05:30,NIFTY2621026400CE,26400.0,2026-02-10,412.9,
2026-01-07 13:12:30+05:30,NIFTY2621026400CE,26400.0,2026-02-10,412.9,
2026-01-07 13:12:31+05:30,NIFTY2621026400CE,26400.0,2026-02-10,412.9,
2026-01-07 13:12:32+05:30,NIFTY2621026400CE,26400.0,2026-02-10,412.9,
2026-01-07 13:12:33+05:30,NIFTY2621026400CE,26400.0,2026-02-10,412.9,
2026-01-07 13:12:34+05:30,NIFTY2621026400CE,26400.0,2026-02-10,412.9,
2026-01-07 13:12:35+05:30,NIFTY2621026400CE,26400.0,2026-02-10,412.9,
2026-01-07 13:12:36+05:30,NIFTY2621026400CE,26400.0,2026-02-10,412.9,
2026-01-07 13:12:37+05:30,NIFTY2621026400CE,26400.0,2026-02-10,412.9,
2026-01-07 13:12:38+05:30,NIFTY2621026400CE,26400.0,2026-02-10,412.9,
2026-01-07 13:12:39+05:30,NIFTY2621026400CE,26400.0,2026-02-10,412.9,
2026-01-07 13:12:40+05:30,NIFTY2621026400CE,26400.0,2026-02-10,412.9,
2026-01-07 13:12:41+05:30,NIFTY2621026400CE,26400.0,2026-02-10,412.9,
2026-01-07 13:12:42+05:30,NIFTY2621026400CE,26400.0,2026-02-10,412.9,
2026-01-07 13:12:43+05:30,NIFTY2621026400CE,26400.0,2026-02-10,412.9,
2026-01-07 13:12:44+05:30,NIFTY2621026400CE,26400.0,2026-02-10,412.9,
2026-01-07 13:12:45+05:30,NIFTY2621026400CE,26400.0,2026-02-10,412.9,
2026-01-07 13:12:46+05:30,NIFTY2621026400CE,26400.0,2026-02-10,412.9,
2026-01-07 13:12:47+05:30,NIFTY2621026400CE,26400.0,2026-02-10,412.9,
2026-01-07 13:12:48+05:30,NIFTY2621026400CE,26400.0,2026-02-10,412.9,
2026-01-07 13:12:49+05:30,NIFTY2621026400CE,26400.0,2026-02-10,412.9,
2026-01-07 13:12:50+05:30,NIFTY2621026400CE,26400.0,2026-02-10,412.9,
2026-01-07 13:12:51+05:30,NIFTY2621026400CE,26400.0,2026-02-10,412.9,
2026-01-07 13:12:52+05:30,NIFTY2621026400CE,26400.0,2026-02-10,412.9,
2026-01-07 13:12:53+05:30,NIFTY2621026400CE,26400.0,2026-02-10,412.9,
2026-01-07 13:12:54+05:30,NIFTY2621026400CE,26400.0,2026-02-10,412.9,
2026-01-07 13:12:55+05:30,NIFTY2621026400CE,26400.0,2026-02-10,412.9,
2026-01-07 13:12:56+05:30,NIFTY2621026400CE,26400.0,2026-02-10,412.9,
2026-01-07 13:12:57+05:30,NIFTY2621026400CE,26400.0,2026-02-10,412.9,
2026-01-07 13:12:58+05:30,NIFTY2621026400CE,26400.0,2026-02-10,412.9,
2026-01-07 13:12:59+05:30,NIFTY2621026400CE,26400.0,2026-02-10,412.9,
2026-01-07 13:13:00+05:30,NIFTY2621026400CE,26400.0,2026-02-10,412.9,
2026-01-07 13:13:01+05:30,NIFTY2621026400CE,26400.0,2026-02-10,412.9,
2026-01-07 13:13:02+05:30,NIFTY2621026400CE,26400.0,2026-02-10,412.9,
2026-01-07 13:13:03+05:30,NIFTY2621026400CE,26400.0,2026-02-10,412.9,
2026-01-07 13:13:04+05:30,NIFTY2621026400CE,26400.0,2026-02-10,412.9,
2026-01-07 13:13:05+05:30,NIFTY2621026400CE,26400.0,2026-02-10,412.9,
2026-01-07 13:13:06+05:30,NIFTY2621026400CE,26400.0,2026-02-10,412.9,
2026-01-07 13:13:07+05:30,NIFTY2621026400CE,26400.0,2026-02-10,412.9,
2026-01-07 13:13:08+05:30,NIFTY2621026400CE,26400.0,2026-02-10,412.9,
2026-01-07 13:13:09+05:30,NIFTY2621026400CE,26400.0,2026-02-10,412.9,
2026-01-07 13:13:10+05:30,NIFTY2621026400CE,26400.0,2026-02-10,412.9,
2026-01-07 13:13:11+05:30,NIFTY2621026400CE,26400.0,2026-02-10,412.9,
2026-01-07 13:13:12+05:30,NIFTY2621026400CE,26400.0,2026-02-10,412.9,
2026-01-07 13:13:13+05:30,NIFTY2621026400CE,26400.0,2026-02-10,412.9,
2026-01-07 13:13:14+05:30,NIFTY2621026400CE,26400.0,2026-02-10,412.9,
2026-01-07 13:13:15+05:30,NIFTY2621026400CE,26400.0,2026-02-10,412.9,
2026-01-07 13:13:16+05:30,NIFTY2621026400CE,26400.0,2026-02-10,412.9,
2026-01-07 13:13:17+05:30,NIFTY2621026400CE,26400.0,2026-02-10,412.9,
2026-01-07 13:13:18+05:30,NIFTY2621026400CE,26400.0,2026-02-10,412.9,
2026-01-07 13:13:19+05:30,NIFTY2621026400CE,26400.0,2026-02-10,412.9,
2026-01-07 13:13:20+05:30,NIFTY2621026400CE,26400.0,2026-02-10,412.9,
2026-01-07 13:13:21+05:30,NIFTY2621026400CE,26400.0,2026-02-10,412.9,
2026-01-07 13:13:22+05:30,NIFTY2621026400CE,26400.0,2026-02-10,412.9,
2026-01-07 13:13:23+05:30,NIFTY2621026400CE,26400.0,2026-02-10,412.9,
2026-01-07 13:13:24+05:30,NIFTY2621026400CE,26400.0,2026-02-10,412.9,
2026-01-07 13:13:25+05:30,NIFTY2621026400CE,26400.0,2026-02-10,412.9,
2026-01-07 13:13:26+05:30,NIFTY2621026400CE,26400.0,2026-02-10,412.9,
2026-01-07 13:13:27+05:30,NIFTY2621026400CE,26400.0,2026-02-10,412.9,
2026-01-07 13:13:28+05:30,NIFTY2621026400CE,26400.0,2026-02-10,412.9,
2026-01-07 13:13:29+05:30,NIFTY2621026400CE,26400.0,2026-02-10,412.9,
2026-01-07 13:13:30+05:30,NIFTY2621026400CE,26400.0,2026-02-10,412.9,
2026-01-07 13:13:31+05:30,NIFTY2621026400CE,26400.0,2026-02-10,412.9,
2026-01-07 13:13:32+05:30,NIFTY2621026400CE,26400.0,2026-02-10,412.9,
2026-01-07 13:13:33+05:30,NIFTY2621026400CE,26400.0,2026-02-10,412.9,
2026-01-07 13:13:34+05:30,NIFTY2621026400CE,26400.0,2026-02-10,412.9,
2026-01-07 13:13:35+05:30,NIFTY2621026400CE,26400.0,2026-02-10,412.9,
2026-01-07 13:13:36+05:30,NIFTY2621026400CE,26400.0,2026-02-10,412.9,
2026-01-07 13:13:37+05:30,NIFTY2621026400CE,26400.0,2026-02-10,412.9,
2026-01-07 13:13:38+05:30,NIFTY2621026400CE,26400.0,2026-02-10,412.9,
2026-01-07 13:13:39+05:30,NIFTY2621026400CE,26400.0,2026-02-10,412.9,
2026-01-07 13:13:40+05:30,NIFTY2621026400CE,26400.0,2026-02-10,412.9,
2026-01-07 13:13:41+05:30,NIFTY2621026400CE,26400.0,2026-02-10,412.9,
2026-01-07 13:13:42+05:30,NIFTY2621026400CE,26400.0,2026-02-10,412.9,
2026-01-07 13:13:43+05:30,NIFTY2621026400CE,26400.0,2026-02-10,412.9,
2026-01-07 13:13:44+05:30,NIFTY2621026400CE,26400.0,2026-02-10,412.9,
2026-01-07 13:13:45+05:30,NIFTY2621026400CE,26400.0,2026-02-10,412.9,
2026-01-07 13:13:46+05:30,NIFTY2621026400CE,26400.0,2026-02-10,412.9,
2026-01-07 13:13:47+05:30,NIFTY2621026400CE,26400.0,2026-02-10,412.9,
2026-01-07 13:13:48+05:30,NIFTY2621026400CE,26400.0,2026-02-10,412.9,
2026-01-07 13:13:49+05:30,NIFTY2621026400CE,26400.0,2026-02-10,412.9,
2026-01-07 13:13:50+05:30,NIFTY2621026400CE,26400.0,2026-02-10,412.9,
2026-01-07 13:13:51+05:30,NIFTY2621026400CE,26400.0,2026-02-10,412.9,
2026-01-07 13:13:52+05:30,NIFTY2621026400CE,26400.0,2026-02-10,412.9,
2026-01-07 13:13:53+05:30,NIFTY2621026400CE,26400.0,2026-02-10,412.9,
2026-01-07 13:13:54+05:30,NIFTY2621026400CE,26400.0,2026-02-10,412.9,
2026-01-07 13:13:55+05:30,NIFTY2621026400CE,26400.0,2026-02-10,412.9,
2026-01-07 13:13:56+05:30,NIFTY2621026400CE,26400.0,2026-02-10,412.9,
2026-01-07 13:13:57+05:30,NIFTY2621026400CE,26400.0,2026-02-10,412.9,
2026-01-07 13:13:58+05:30,NIFTY2621026400CE,26400.0,2026-02-10,412.9,
2026-01-07 13:13:59+05:30,NIFTY2621026400CE,26400.0,2026-02-10,412.9,
2026-01-07 13:14:00+05:30,NIFTY2621026400CE,26400.0,2026-02-10,412.9,
2026-01-07 13:14:01+05:30,NIFTY2621026400CE,26400.0,2026-02-10,412.9,
2026-01-07 13:14:02+05:30,NIFTY2621026400CE,26400.0,2026-02-10,412.9,
2026-01-07 13:14:03+05:30,NIFTY2621026400CE,26400.0,2026-02-10,412.9,
2026-01-07 13:14:04+05:30,NIFTY2621026400CE,26400.0,2026-02-10,412.9,
2026-01-07 13:14:05+05:30,NIFTY2621026400CE,26400.0,2026-02-10,412.9,
2026-01-07 13:14:06+05:30,NIFTY2621026400CE,26400.0,2026-02-10,412.9,
2026-01-07 13:14:07+05:30,NIFTY2621026400CE,26400.0,2026-02-10,412.9,
2026-01-07 13:14:08+05:30,NIFTY2621026400CE,26400.0,2026-02-10,412.9,
2026-01-07 13:14:09+05:30,NIFTY2621026400CE,26400.0,2026-02-10,412.9,
2026-01-07 13:14:10+05:30,NIFTY2621026400CE,26400.0,2026-02-10,412.9,
2026-01-07 13:14:11+05:30,NIFTY2621026400CE,26400.0,2026-02-10,412.9,
2026-01-07 13:14:12+05:30,NIFTY2621026400CE,26400.0,2026-02-10,412.9,
2026-01-07 13:14:13+05:30,NIFTY2621026400CE,26400.0,2026-02-10,412.9,
2026-01-07 13:14:14+05:30,NIFTY2621026400CE,26400.0,2026-02-10,412.9,
2026-01-07 13:14:15+05:30,NIFTY2621026400CE,26400.0,2026-02-10,412.9,
2026-01-07 13:14:16+05:30,NIFTY2621026400CE,26400.0,2026-02-10,412.9,
2026-01-07 13:14:17+05:30,NIFTY2621026400CE,26400.0,2026-02-10,412.9,
2026-01-07 13:14:18+05:30,NIFTY2621026400CE,26400.0,2026-02-10,412.9,
2026-01-07 13:14:19+05:30,NIFTY2621026400CE,26400.0,2026-02-10,412.9,
2026-01-07 13:14:20+05:30,NIFTY2621026400CE,26400.0,2026-02-10,412.9,
2026-01-07 13:14:21+05:30,NIFTY2621026400CE,26400.0,2026-02-10,412.9,
2026-01-07 13:14:22+05:30,NIFTY2621026400CE,26400.0,2026-02-10,412.9,
2026-01-07 13:14:23+05:30,NIFTY2621026400CE,26400.0,2026-02-10,412.9,
2026-01-07 13:14:24+05:30,NIFTY2621026400CE,26400.0,2026-02-10,412.9,
2026-01-07 13:14:25+05:30,NIFTY2621026400CE,26400.0,2026-02-10,412.9,
2026-01-07 13:14:26+05:30,NIFTY2621026400CE,26400.0,2026-02-10,412.9,
2026-01-07 13:14:27+05:30,NIFTY2621026400CE,26400.0,2026-02-10,412.9,
2026-01-07 13:14:28+05:30,NIFTY2621026400CE,26400.0,2026-02-10,412.9,
2026-01-07 13:14:29+05:30,NIFTY2621026400CE,26400.0,2026-02-10,412.9,
2026-01-07 13:14:30+05:30,NIFTY2621026400CE,26400.0,2026-02-10,412.9,
2026-01-07 13:14:31+05:30,NIFTY2621026400CE,26400.0,2026-02-10,412.9,
2026-01-07 13:14:32+05:30,NIFTY2621026400CE,26400.0,2026-02-10,412.9,
2026-01-07 13:14:33+05:30,NIFTY2621026400CE,26400.0,2026-02-10,412.9,
2026-01-07 13:14:34+05:30,NIFTY2621026400CE,26400.0,2026-02-10,412.9,
2026-01-07 13:14:35+05:30,NIFTY2621026400CE,26400.0,2026-02-10,412.9,
2026-01-07 13:14:36+05:30,NIFTY2621026400CE,26400.0,2026-02-10,412.9,
2026-01-07 13:14:37+05:30,NIFTY2621026400CE,26400.0,2026-02-10,412.9,
2026-01-07 13:14:38+05:30,NIFTY2621026400CE,26400.0,2026-02-10,412.9,
2026-01-07 13:14:39+05:30,NIFTY2621026400CE,26400.0,2026-02-10,412.9,
2026-01-07 13:14:40+05:30,NIFTY2621026400CE,26400.0,2026-02-10,412.9,
2026-01-07 13:14:41+05:30,NIFTY2621026400CE,26400.0,2026-02-10,412.9,
2026-01-07 13:14:42+05:30,NIFTY2621026400CE,26400.0,2026-02-10,412.9,
2026-01-07 13:14:43+05:30,NIFTY2621026400CE,26400.0,2026-02-10,412.9,
2026-01-07 13:14:44+05:30,NIFTY2621026400CE,26400.0,2026-02-10,412.9,
2026-01-07 13:14:45+05:30,NIFTY2621026400CE,26400.0,2026-02-10,412.9,
2026-01-07 13:14:46+05:30,NIFTY2621026400CE,26400.0,2026-02-10,412.9,
2026-01-07 13:14:47+05:30,NIFTY2621026400CE,26400.0,2026-02-10,412.9,
2026-01-07 13:14:48+05:30,NIFTY2621026400CE,26400.0,2026-02-10,412.9,
2026-01-07 13:14:49+05:30,NIFTY2621026400CE,26400.0,2026-02-10,412.9,
2026-01-07 13:14:50+05:30,NIFTY2621026400CE,26400.0,2026-02-10,412.9,
2026-01-07 13:14:51+05:30,NIFTY2621026400CE,26400.0,2026-02-10,412.9,
2026-01-07 13:14:52+05:30,NIFTY2621026400CE,26400.0,2026-02-10,412.9,
2026-01-07 13:14:53+05:30,NIFTY2621026400CE,26400.0,2026-02-10,412.9,
2026-01-07 13:14:54+05:30,NIFTY2621026400CE,26400.0,2026-02-10,412.9,
2026-01-07 13:14:55+05:30,NIFTY2621026400CE,26400.0,2026-02-10,412.9,
2026-01-07 13:14:56+05:30,NIFTY2621026400CE,26400.0,2026-02-10,412.9,
2026-01-07 13:14:57+05:30,NIFTY2621026400CE,26400.0,2026-02-10,412.9,
2026-01-07 13:14:58+05:30,NIFTY2621026400CE,26400.0,2026-02-10,412.9,
2026-01-07 13:14:59+05:30,NIFTY2621026400CE,26400.0,2026-02-10,412.9,
2026-01-07 13:15:00+05:30,NIFTY2621026400CE,26400.0,2026-02-10,412.9,
2026-01-07 13:15:01+05:30,NIFTY2621026400CE,26400.0,2026-02-10,412.9,
2026-01-07 13:15:02+05:30,NIFTY2621026400CE,26400.0,2026-02-10,412.9,
2026-01-07 13:15:03+05:30,NIFTY2621026400CE,26400.0,2026-02-10,412.9,
2026-01-07 13:15:04+05:30,NIFTY2621026400CE,26400.0,2026-02-10,412.9,
2026-01-07 13:15:05+05:30,NIFTY2621026400CE,26400.0,2026-02-10,412.9,
2026-01-07 13:15:06+05:30,NIFTY2621026400CE,26400.0,2026-02-10,412.9,
2026-01-07 13:15:07+05:30,NIFTY2621026400CE,26400.0,2026-02-10,412.9,
2026-01-07 13:15:08+05:30,NIFTY2621026400CE,26400.0,2026-02-10,412.9,
2026-01-07 13:15:09+05:30,NIFTY2621026400CE,26400.0,2026-02-10,412.9,
2026-01-07 13:15:10+05:30,NIFTY2621026400CE,26400.0,2026-02-10,412.9,
2026-01-07 13:15:11+05:30,NIFTY2621026400CE,26400.0,2026-02-10,412.9,
2026-01-07 13:15:12+05:30,NIFTY2621026400CE,26400.0,2026-02-10,412.9,
2026-01-07 13:15:13+05:30,NIFTY2621026400CE,26400.0,2026-02-10,412.9,
2026-01-07 13:15:14+05:30,NIFTY2621026400CE,26400.0,2026-02-10,412.9,
2026-01-07 13:15:15+05:30,NIFTY2621026400CE,26400.0,2026-02-10,412.9,
2026-01-07 13:15:16+05:30,NIFTY2621026400CE,26400.0,2026-02-10,412.9,
2026-01-07 13:15:17+05:30,NIFTY2621026400CE,26400.0,2026-02-10,412.9,
2026-01-07 13:15:18+05:30,NIFTY2621026400CE,26400.0,2026-02-10,412.9,
2026-01-07 13:15:19+05:30,NIFTY2621026400CE,26400.0,2026-02-10,412.9,
2026-01-07 13:15:20+05:30,NIFTY2621026400CE,26400.0,2026-02-10,412.9,
2026-01-07 13:15:21+05:30,NIFTY2621026400CE,26400.0,2026-02-10,412.9,
2026-01-07 13:15:22+05:30,NIFTY2621026400CE,26400.0,2026-02-10,412.9,
2026-01-07 13:15:23+05:30,NIFTY2621026400CE,26400.0,2026-02-10,412.9,
2026-01-07 13:15:24+05:30,NIFTY2621026400CE,26400.0,2026-02-10,412.9,
2026-01-07 13:15:25+05:30,NIFTY2621026400CE,26400.0,2026-02-10,412.9,
2026-01-07 13:15:26+05:30,NIFTY2621026400CE,26400.0,2026-02-10,412.9,
2026-01-07 13:15:27+05:30,NIFTY2621026400CE,26400.0,2026-02-10,412.9,
2026-01-07 13:15:28+05:30,NIFTY2621026400CE,26400.0,2026-02-10,412.9,
2026-01-07 13:15:29+05:30,NIFTY2621026400CE,26400.0,2026-02-10,412.9,
2026-01-07 13:15:30+05:30,NIFTY2621026400CE,26400.0,2026-02-10,412.9,
2026-01-07 13:15:31+05:30,NIFTY2621026400CE,26400.0,2026-02-10,412.9,
2026-01-07 13:15:32+05:30,NIFTY2621026400CE,26400.0,2026-02-10,412.9,
2026-01-07 13:15:33+05:30,NIFTY2621026400CE,26400.0,2026-02-10,412.9,
2026-01-07 13:15:34+05:30,NIFTY2621026400CE,26400.0,2026-02-10,412.9,
2026-01-07 13:15:35+05:30,NIFTY2621026400CE,26400.0,2026-02-10,412.9,
2026-01-07 13:15:36+05:30,NIFTY2621026400CE,26400.0,2026-02-10,412.9,
2026-01-07 13:15:37+05:30,NIFTY2621026400CE,26400.0,2026-02-10,412.9,
2026-01-07 13:15:38+05:30,NIFTY2621026400CE,26400.0,2026-02-10,412.9,
2026-01-07 13:15:39+05:30,NIFTY2621026400CE,26400.0,2026-02-10,412.9,
2026-01-07 13:15:40+05:30,NIFTY2621026400CE,26400.0,2026-02-10,412.9,
2026-01-07 13:15:41+05:30,NIFTY2621026400CE,26400.0,2026-02-10,412.9,
2026-01-07 13:15:42+05:30,NIFTY2621026400CE,26400.0,2026-02-10,412.9,
2026-01-07 13:15:43+05:30,NIFTY2621026400CE,26400.0,2026-02-10,412.9,
2026-01-07 13:15:44+05:30,NIFTY2621026400CE,26400.0,2026-02-10,412.9,
2026-01-07 13:15:45+05:30,NIFTY2621026400CE,26400.0,2026-02-10,412.9,
2026-01-07 13:15:46+05:30,NIFTY2621026400CE,26400.0,2026-02-10,412.9,
2026-01-07 13:15:47+05:30,NIFTY2621026400CE,26400.0,2026-02-10,412.9,
2026-01-07 13:15:48+05:30,NIFTY2621026400CE,26400.0,2026-02-10,412.9,
2026-01-07 13:15:49+05:30,NIFTY2621026400CE,26400.0,2026-02-10,412.9,
2026-01-07 13:15:50+05:30,NIFTY2621026400CE,26400.0,2026-02-10,412.9,
2026-01-07 13:15:51+05:30,NIFTY2621026400CE,26400.0,2026-02-10,412.9,
2026-01-07 13:15:52+05:30,NIFTY2621026400CE,26400.0,2026-02-10,412.9,
2026-01-07 13:15:53+05:30,NIFTY2621026400CE,26400.0,2026-02-10,412.9,
2026-01-07 13:15:54+05:30,NIFTY2621026400CE,26400.0,2026-02-10,412.9,
2026-01-07 13:15:55+05:30,NIFTY2621026400CE,26400.0,2026-02-10,412.9,
2026-01-07 13:15:56+05:30,NIFTY2621026400CE,26400.0,2026-02-10,412.9,
2026-01-07 13:15:57+05:30,NIFTY2621026400CE,26400.0,2026-02-10,412.9,
2026-01-07 13:15:58+05:30,NIFTY2621026400CE,26400.0,2026-02-10,412.9,
2026-01-07 13:15:59+05:30,NIFTY2621026400CE,26400.0,2026-02-10,412.9,
2026-01-07 13:16:00+05:30,NIFTY2621026400CE,26400.0,2026-02-10,412.9,
2026-01-07 13:16:01+05:30,NIFTY2621026400CE,26400.0,2026-02-10,412.9,
2026-01-07 13:16:02+05:30,NIFTY2621026400CE,26400.0,2026-02-10,412.9,
2026-01-07 13:16:03+05:30,NIFTY2621026400CE,26400.0,2026-02-10,412.9,
2026-01-07 13:16:04+05:30,NIFTY2621026400CE,26400.0,2026-02-10,412.9,
2026-01-07 13:16:05+05:30,NIFTY2621026400CE,26400.0,2026-02-10,412.9,
2026-01-07 13:16:06+05:30,NIFTY2621026400CE,26400.0,2026-02-10,412.9,
2026-01-07 13:16:07+05:30,NIFTY2621026400CE,26400.0,2026-02-10,412.9,
2026-01-07 13:16:08+05:30,NIFTY2621026400CE,26400.0,2026-02-10,412.9,
2026-01-07 13:16:09+05:30,NIFTY2621026400CE,26400.0,2026-02-10,412.9,
2026-01-07 13:16:10+05:30,NIFTY2621026400CE,26400.0,2026-02-10,412.9,
2026-01-07 13:16:11+05:30,NIFTY2621026400CE,26400.0,2026-02-10,412.9,
2026-01-07 13:16:12+05:30,NIFTY2621026400CE,26400.0,2026-02-10,412.9,
2026-01-07 13:16:13+05:30,NIFTY2621026400CE,26400.0,2026-02-10,412.9,
2026-01-07 13:16:14+05:30,NIFTY2621026400CE,26400.0,2026-02-10,412.9,
2026-01-07 13:16:15+05:30,NIFTY2621026400CE,26400.0,2026-02-10,412.9,
2026-01-07 13:16:16+05:30,NIFTY2621026400CE,26400.0,2026-02-10,412.9,
2026-01-07 13:16:17+05:30,NIFTY2621026400CE,26400.0,2026-02-10,412.9,
2026-01-07 13:16:18+05:30,NIFTY2621026400CE,26400.0,2026-02-10,412.9,
2026-01-07 13:16:19+05:30,NIFTY2621026400CE,26400.0,2026-02-10,412.9,
2026-01-07 13:16:20+05:30,NIFTY2621026400CE,26400.0,2026-02-10,412.9,
2026-01-07 13:16:21+05:30,NIFTY2621026400CE,26400.0,2026-02-10,412.9,
2026-01-07 13:16:22+05:30,NIFTY2621026400CE,26400.0,2026-02-10,412.9,
2026-01-07 13:16:23+05:30,NIFTY2621026400CE,26400.0,2026-02-10,412.9,
2026-01-07 13:16:24+05:30,NIFTY2621026400CE,26400.0,2026-02-10,412.9,
2026-01-07 13:16:25+05:30,NIFTY2621026400CE,26400.0,2026-02-10,412.9,
2026-01-07 13:16:26+05:30,NIFTY2621026400CE,26400.0,2026-02-10,412.9,
2026-01-07 13:16:27+05:30,NIFTY2621026400CE,26400.0,2026-02-10,412.9,
2026-01-07 13:16:28+05:30,NIFTY2621026400CE,26400.0,2026-02-10,412.9,
2026-01-07 13:16:29+05:30,NIFTY2621026400CE,26400.0,2026-02-10,412.9,
2026-01-07 13:16:30+05:30,NIFTY2621026400CE,26400.0,2026-02-10,412.9,
2026-01-07 13:16:31+05:30,NIFTY2621026400CE,26400.0,2026-02-10,412.9,
2026-01-07 13:16:32+05:30,NIFTY2621026400CE,26400.0,2026-02-10,412.9,
2026-01-07 13:16:33+05:30,NIFTY2621026400CE,26400.0,2026-02-10,412.9,
2026-01-07 13:16:34+05:30,NIFTY2621026400CE,26400.0,2026-02-10,412.9,
2026-01-07 13:16:35+05:30,NIFTY2621026400CE,26400.0,2026-02-10,412.9,
2026-01-07 13:16:36+05:30,NIFTY2621026400CE,26400.0,2026-02-10,412.9,
2026-01-07 13:16:37+05:30,NIFTY2621026400CE,26400.0,2026-02-10,412.9,
2026-01-07 13:16:38+05:30,NIFTY2621026400CE,26400.0,2026-02-10,412.9,
2026-01-07 13:16:39+05:30,NIFTY2621026400CE,26400.0,2026-02-10,412.9,
2026-01-07 13:16:40+05:30,NIFTY2621026400CE,26400.0,2026-02-10,412.9,
2026-01-07 13:16:41+05:30,NIFTY2621026400CE,26400.0,2026-02-10,412.9,
2026-01-07 13:16:42+05:30,NIFTY2621026400CE,26400.0,2026-02-10,412.9,
2026-01-07 13:16:43+05:30,NIFTY2621026400CE,26400.0,2026-02-10,412.9,
2026-01-07 13:16:44+05:30,NIFTY2621026400CE,26400.0,2026-02-10,412.9,
2026-01-07 13:16:45+05:30,NIFTY2621026400CE,26400.0,2026-02-10,412.9,
2026-01-07 13:16:46+05:30,NIFTY2621026400CE,26400.0,2026-02-10,412.9,
2026-01-07 13:16:47+05:30,NIFTY2621026400CE,26400.0,2026-02-10,412.9,
2026-01-07 13:16:48+05:30,NIFTY2621026400CE,26400.0,2026-02-10,412.9,
2026-01-07 13:16:49+05:30,NIFTY2621026400CE,26400.0,2026-02-10,412.9,
2026-01-07 13:16:50+05:30,NIFTY2621026400CE,26400.0,2026-02-10,412.9,
2026-01-07 13:16:51+05:30,NIFTY2621026400CE,26400.0,2026-02-10,412.9,
2026-01-07 13:16:52+05:30,NIFTY2621026400CE,26400.0,2026-02-10,412.9,
2026-01-07 13:16:53+05:30,NIFTY2621026400CE,26400.0,2026-02-10,412.9,
2026-01-07 13:16:54+05:30,NIFTY2621026400CE,26400.0,2026-02-10,412.9,
2026-01-07 13:16:55+05:30,NIFTY2621026400CE,26400.0,2026-02-10,412.9,
2026-01-07 13:16:56+05:30,NIFTY2621026400CE,26400.0,2026-02-10,412.9,
2026-01-07 13:16:57+05:30,NIFTY2621026400CE,26400.0,2026-02-10,412.9,
2026-01-07 13:16:58+05:30,NIFTY2621026400CE,26400.0,2026-02-10,412.9,
2026-01-07 13:16:59+05:30,NIFTY2621026400CE,26400.0,2026-02-10,412.9,
2026-01-07 13:17:00+05:30,NIFTY2621026400CE,26400.0,2026-02-10,412.9,
2026-01-07 13:17:01+05:30,NIFTY2621026400CE,26400.0,2026-02-10,412.9,
2026-01-07 13:17:02+05:30,NIFTY2621026400CE,26400.0,2026-02-10,412.9,
2026-01-07 13:17:03+05:30,NIFTY2621026400CE,26400.0,2026-02-10,412.9,
2026-01-07 13:17:04+05:30,NIFTY2621026400CE,26400.0,2026-02-10,412.9,
2026-01-07 13:17:05+05:30,NIFTY2621026400CE,26400.0,2026-02-10,412.9,
2026-01-07 13:17:06+05:30,NIFTY2621026400CE,26400.0,2026-02-10,412.9,
2026-01-07 13:17:07+05:30,NIFTY2621026400CE,26400.0,2026-02-10,412.9,
2026-01-07 13:17:08+05:30,NIFTY2621026400CE,26400.0,2026-02-10,412.9,
2026-01-07 13:17:09+05:30,NIFTY2621026400CE,26400.0,2026-02-10,412.9,
2026-01-07 13:17:10+05:30,NIFTY2621026400CE,26400.0,2026-02-10,412.9,
2026-01-07 13:17:11+05:30,NIFTY2621026400CE,26400.0,2026-02-10,412.9,
2026-01-07 13:17:12+05:30,NIFTY2621026400CE,26400.0,2026-02-10,412.9,
2026-01-07 13:17:13+05:30,NIFTY2621026400CE,26400.0,2026-02-10,412.9,
2026-01-07 13:17:14+05:30,NIFTY2621026400CE,26400.0,2026-02-10,412.9,
2026-01-07 13:17:15+05:30,NIFTY2621026400CE,26400.0,2026-02-10,412.9,
2026-01-07 13:17:16+05:30,NIFTY2621026400CE,26400.0,2026-02-10,412.9,
2026-01-07 13:17:17+05:30,NIFTY2621026400CE,26400.0,2026-02-10,412.9,
2026-01-07 13:17:18+05:30,NIFTY2621026400CE,26400.0,2026-02-10,412.9,
2026-01-07 13:17:19+05:30,NIFTY2621026400CE,26400.0,2026-02-10,412.9,
2026-01-07 13:17:20+05:30,NIFTY2621026400CE,26400.0,2026-02-10,412.9,
2026-01-07 13:17:21+05:30,NIFTY2621026400CE,26400.0,2026-02-10,412.9,
2026-01-07 13:17:22+05:30,NIFTY2621026400CE,26400.0,2026-02-10,412.9,
2026-01-07 13:17:23+05:30,NIFTY2621026400CE,26400.0,2026-02-10,412.9,
2026-01-07 13:17:24+05:30,NIFTY2621026400CE,26400.0,2026-02-10,412.9,
2026-01-07 13:17:25+05:30,NIFTY2621026400CE,26400.0,2026-02-10,412.9,
2026-01-07 13:17:26+05:30,NIFTY2621026400CE,26400.0,2026-02-10,412.9,
2026-01-07 13:17:27+05:30,NIFTY2621026400CE,26400.0,2026-02-10,412.9,
2026-01-07 13:17:28+05:30,NIFTY2621026400CE,26400.0,2026-02-10,412.9,
2026-01-07 13:17:29+05:30,NIFTY2621026400CE,26400.0,2026-02-10,412.9,
2026-01-07 13:17:30+05:30,NIFTY2621026400CE,26400.0,2026-02-10,412.9,
2026-01-07 13:17:31+05:30,NIFTY2621026400CE,26400.0,2026-02-10,412.9,
2026-01-07 13:17:32+05:30,NIFTY2621026400CE,26400.0,2026-02-10,412.9,
2026-01-07 13:17:33+05:30,NIFTY2621026400CE,26400.0,2026-02-10,412.9,
2026-01-07 13:17:34+05:30,NIFTY2621026400CE,26400.0,2026-02-10,412.9,
2026-01-07 13:17:35+05:30,NIFTY2621026400CE,26400.0,2026-02-10,412.9,
2026-01-07 13:17:36+05:30,NIFTY2621026400CE,26400.0,2026-02-10,412.9,
2026-01-07 13:17:37+05:30,NIFTY2621026400CE,26400.0,2026-02-10,412.9,
2026-01-07 13:17:38+05:30,NIFTY2621026400CE,26400.0,2026-02-10,412.9,
2026-01-07 13:17:39+05:30,NIFTY2621026400CE,26400.0,2026-02-10,412.9,
2026-01-07 13:17:40+05:30,NIFTY2621026400CE,26400.0,2026-02-10,412.9,
2026-01-07 13:17:41+05:30,NIFTY2621026400CE,26400.0,2026-02-10,412.9,
2026-01-07 13:17:42+05:30,NIFTY2621026400CE,26400.0,2026-02-10,412.9,
2026-01-07 13:17:43+05:30,NIFTY2621026400CE,26400.0,2026-02-10,412.9,
2026-01-07 13:17:44+05:30,NIFTY2621026400CE,26400.0,2026-02-10,412.9,
2026-01-07 13:17:45+05:30,NIFTY2621026400CE,26400.0,2026-02-10,412.9,
2026-01-07 13:17:46+05:30,NIFTY2621026400CE,26400.0,2026-02-10,412.9,
2026-01-07 13:17:47+05:30,NIFTY2621026400CE,26400.0,2026-02-10,412.9,
2026-01-07 13:17:48+05:30,NIFTY2621026400CE,26400.0,2026-02-10,412.9,
2026-01-07 13:17:49+05:30,NIFTY2621026400CE,26400.0,2026-02-10,412.9,
2026-01-07 13:17:50+05:30,NIFTY2621026400CE,26400.0,2026-02-10,412.9,
2026-01-07 13:17:51+05:30,NIFTY2621026400CE,26400.0,2026-02-10,412.9,
2026-01-07 13:17:52+05:30,NIFTY2621026400CE,26400.0,2026-02-10,412.9,
2026-01-07 13:17:53+05:30,NIFTY2621026400CE,26400.0,2026-02-10,412.9,
2026-01-07 13:17:54+05:30,NIFTY2621026400CE,26400.0,2026-02-10,412.9,
2026-01-07 13:17:55+05:30,NIFTY2621026400CE,26400.0,2026-02-10,412.9,
2026-01-07 13:17:56+05:30,NIFTY2621026400CE,26400.0,2026-02-10,412.9,
2026-01-07 13:17:57+05:30,NIFTY2621026400CE,26400.0,2026-02-10,412.9,
2026-01-07 13:17:58+05:30,NIFTY2621026400CE,26400.0,2026-02-10,412.9,
2026-01-07 13:17:59+05:30,NIFTY2621026400CE,26400.0,2026-02-10,412.9,
2026-01-07 13:18:00+05:30,NIFTY2621026400CE,26400.0,2026-02-10,412.9,
2026-01-07 13:18:01+05:30,NIFTY2621026400CE,26400.0,2026-02-10,412.9,
2026-01-07 13:18:02+05:30,NIFTY2621026400CE,26400.0,2026-02-10,412.9,
2026-01-07 13:18:03+05:30,NIFTY2621026400CE,26400.0,2026-02-10,412.9,
2026-01-07 13:18:04+05:30,NIFTY2621026400CE,26400.0,2026-02-10,412.9,
2026-01-07 13:18:05+05:30,NIFTY2621026400CE,26400.0,2026-02-10,412.9,
2026-01-07 13:18:06+05:30,NIFTY2621026400CE,26400.0,2026-02-10,412.9,
2026-01-07 13:18:07+05:30,NIFTY2621026400CE,26400.0,2026-02-10,412.9,
2026-01-07 13:18:08+05:30,NIFTY2621026400CE,26400.0,2026-02-10,412.9,
2026-01-07 13:18:09+05:30,NIFTY2621026400CE,26400.0,2026-02-10,412.9,
2026-01-07 13:18:10+05:30,NIFTY2621026400CE,26400.0,2026-02-10,412.9,
2026-01-07 13:18:11+05:30,NIFTY2621026400CE,26400.0,2026-02-10,412.9,
2026-01-07 13:18:12+05:30,NIFTY2621026400CE,26400.0,2026-02-10,412.9,
2026-01-07 13:18:13+05:30,NIFTY2621026400CE,26400.0,2026-02-10,412.9,
2026-01-07 13:18:14+05:30,NIFTY2621026400CE,26400.0,2026-02-10,412.9,
2026-01-07 13:18:15+05:30,NIFTY2621026400CE,26400.0,2026-02-10,412.9,
2026-01-07 13:18:16+05:30,NIFTY2621026400CE,26400.0,2026-02-10,412.9,
2026-01-07 13:18:17+05:30,NIFTY2621026400CE,26400.0,2026-02-10,412.9,
2026-01-07 13:18:18+05:30,NIFTY2621026400CE,26400.0,2026-02-10,412.9,
2026-01-07 13:18:19+05:30,NIFTY2621026400CE,26400.0,2026-02-10,412.9,
2026-01-07 13:18:20+05:30,NIFTY2621026400CE,26400.0,2026-02-10,412.9,
2026-01-07 13:18:21+05:30,NIFTY2621026400CE,26400.0,2026-02-10,412.9,
2026-01-07 13:18:22+05:30,NIFTY2621026400CE,26400.0,2026-02-10,412.9,
2026-01-07 13:18:23+05:30,NIFTY2621026400CE,26400.0,2026-02-10,412.9,
2026-01-07 13:18:24+05:30,NIFTY2621026400CE,26400.0,2026-02-10,412.9,
2026-01-07 13:18:25+05:30,NIFTY2621026400CE,26400.0,2026-02-10,412.9,
2026-01-07 13:18:26+05:30,NIFTY2621026400CE,26400.0,2026-02-10,412.9,
2026-01-07 13:18:27+05:30,NIFTY2621026400CE,26400.0,2026-02-10,412.9,
2026-01-07 13:18:28+05:30,NIFTY2621026400CE,26400.0,2026-02-10,412.9,
2026-01-07 13:18:29+05:30,NIFTY2621026400CE,26400.0,2026-02-10,412.9,
2026-01-07 13:18:30+05:30,NIFTY2621026400CE,26400.0,2026-02-10,412.9,
2026-01-07 13:18:31+05:30,NIFTY2621026400CE,26400.0,2026-02-10,412.9,
2026-01-07 13:18:32+05:30,NIFTY2621026400CE,26400.0,2026-02-10,412.9,
2026-01-07 13:18:33+05:30,NIFTY2621026400CE,26400.0,2026-02-10,412.9,
2026-01-07 13:18:34+05:30,NIFTY2621026400CE,26400.0,2026-02-10,412.9,
2026-01-07 13:18:35+05:30,NIFTY2621026400CE,26400.0,2026-02-10,412.9,
2026-01-07 13:18:36+05:30,NIFTY2621026400CE,26400.0,2026-02-10,412.9,
2026-01-07 13:18:37+05:30,NIFTY2621026400CE,26400.0,2026-02-10,412.9,
2026-01-07 13:18:38+05:30,NIFTY2621026400CE,26400.0,2026-02-10,412.9,
2026-01-07 13:18:39+05:30,NIFTY2621026400CE,26400.0,2026-02-10,412.9,
2026-01-07 13:18:40+05:30,NIFTY2621026400CE,26400.0,2026-02-10,412.9,
2026-01-07 13:18:41+05:30,NIFTY2621026400CE,26400.0,2026-02-10,412.9,
2026-01-07 13:18:42+05:30,NIFTY2621026400CE,26400.0,2026-02-10,412.9,
2026-01-07 13:18:43+05:30,NIFTY2621026400CE,26400.0,2026-02-10,412.9,
2026-01-07 13:18:44+05:30,NIFTY2621026400CE,26400.0,2026-02-10,412.9,
2026-01-07 13:18:45+05:30,NIFTY2621026400CE,26400.0,2026-02-10,412.9,
2026-01-07 13:18:46+05:30,NIFTY2621026400CE,26400.0,2026-02-10,412.9,
2026-01-07 13:18:47+05:30,NIFTY2621026400CE,26400.0,2026-02-10,412.9,
2026-01-07 13:18:48+05:30,NIFTY2621026400CE,26400.0,2026-02-10,412.9,
2026-01-07 13:18:49+05:30,NIFTY2621026400CE,26400.0,2026-02-10,412.9,
2026-01-07 13:18:50+05:30,NIFTY2621026400CE,26400.0,2026-02-10,412.9,
2026-01-07 13:18:51+05:30,NIFTY2621026400CE,26400.0,2026-02-10,412.9,
2026-01-07 13:18:52+05:30,NIFTY2621026400CE,26400.0,2026-02-10,412.9,
2026-01-07 13:18:53+05:30,NIFTY2621026400CE,26400.0,2026-02-10,412.9,
2026-01-07 13:18:54+05:30,NIFTY2621026400CE,26400.0,2026-02-10,412.9,
2026-01-07 13:18:55+05:30,NIFTY2621026400CE,26400.0,2026-02-10,412.9,
2026-01-07 13:18:56+05:30,NIFTY2621026400CE,26400.0,2026-02-10,412.9,
2026-01-07 13:18:57+05:30,NIFTY2621026400CE,26400.0,2026-02-10,412.9,
2026-01-07 13:18:58+05:30,NIFTY2621026400CE,26400.0,2026-02-10,412.9,
2026-01-07 13:18:59+05:30,NIFTY2621026400CE,26400.0,2026-02-10,412.9,
2026-01-07 13:19:00+05:30,NIFTY2621026400CE,26400.0,2026-02-10,412.9,
2026-01-07 13:19:01+05:30,NIFTY2621026400CE,26400.0,2026-02-10,412.9,
2026-01-07 13:19:02+05:30,NIFTY2621026400CE,26400.0,2026-02-10,412.9,
2026-01-07 13:19:03+05:30,NIFTY2621026400CE,26400.0,2026-02-10,412.9,
2026-01-07 13:19:04+05:30,NIFTY2621026400CE,26400.0,2026-02-10,412.9,
2026-01-07 13:19:05+05:30,NIFTY2621026400CE,26400.0,2026-02-10,412.9,
2026-01-07 13:19:06+05:30,NIFTY2621026400CE,26400.0,2026-02-10,412.9,
2026-01-07 13:19:07+05:30,NIFTY2621026400CE,26400.0,2026-02-10,412.9,
2026-01-07 13:19:08+05:30,NIFTY2621026400CE,26400.0,2026-02-10,412.9,
2026-01-07 13:19:09+05:30,NIFTY2621026400CE,26400.0,2026-02-10,412.9,
2026-01-07 13:19:10+05:30,NIFTY2621026400CE,26400.0,2026-02-10,412.9,
2026-01-07 13:19:11+05:30,NIFTY2621026400CE,26400.0,2026-02-10,412.9,
2026-01-07 13:19:12+05:30,NIFTY2621026400CE,26400.0,2026-02-10,412.9,
2026-01-07 13:19:13+05:30,NIFTY2621026400CE,26400.0,2026-02-10,412.9,
2026-01-07 13:19:14+05:30,NIFTY2621026400CE,26400.0,2026-02-10,412.9,
2026-01-07 13:19:15+05:30,NIFTY2621026400CE,26400.0,2026-02-10,412.9,
2026-01-07 13:19:16+05:30,NIFTY2621026400CE,26400.0,2026-02-10,412.9,
2026-01-07 13:19:17+05:30,NIFTY2621026400CE,26400.0,2026-02-10,412.9,
2026-01-07 13:19:18+05:30,NIFTY2621026400CE,26400.0,2026-02-10,412.9,
2026-01-07 13:19:19+05:30,NIFTY2621026400CE,26400.0,2026-02-10,412.9,
2026-01-07 13:19:20+05:30,NIFTY2621026400CE,26400.0,2026-02-10,412.9,
2026-01-07 13:19:21+05:30,NIFTY2621026400CE,26400.0,2026-02-10,412.9,
2026-01-07 13:19:22+05:30,NIFTY2621026400CE,26400.0,2026-02-10,412.9,
2026-01-07 13:19:23+05:30,NIFTY2621026400CE,26400.0,2026-02-10,412.9,
2026-01-07 13:19:24+05:30,NIFTY2621026400CE,26400.0,2026-02-10,412.9,
2026-01-07 13:19:25+05:30,NIFTY2621026400CE,26400.0,2026-02-10,412.9,
2026-01-07 13:19:26+05:30,NIFTY2621026400CE,26400.0,2026-02-10,412.9,
2026-01-07 13:19:27+05:30,NIFTY2621026400CE,26400.0,2026-02-10,412.9,
2026-01-07 13:19:28+05:30,NIFTY2621026400CE,26400.0,2026-02-10,412.9,
2026-01-07 13:19:29+05:30,NIFTY2621026400CE,26400.0,2026-02-10,412.9,
2026-01-07 13:19:30+05:30,NIFTY2621026400CE,26400.0,2026-02-10,412.9,
2026-01-07 13:19:31+05:30,NIFTY2621026400CE,26400.0,2026-02-10,412.9,
2026-01-07 13:19:32+05:30,NIFTY2621026400CE,26400.0,2026-02-10,412.9,
2026-01-07 13:19:33+05:30,NIFTY2621026400CE,26400.0,2026-02-10,412.9,
2026-01-07 13:19:34+05:30,NIFTY2621026400CE,26400.0,2026-02-10,412.9,
2026-01-07 13:19:35+05:30,NIFTY2621026400CE,26400.0,2026-02-10,412.9,
2026-01-07 13:19:36+05:30,NIFTY2621026400CE,26400.0,2026-02-10,412.9,
2026-01-07 13:19:37+05:30,NIFTY2621026400CE,26400.0,2026-02-10,412.9,
2026-01-07 13:19:38+05:30,NIFTY2621026400CE,26400.0,2026-02-10,412.9,
2026-01-07 13:19:39+05:30,NIFTY2621026400CE,26400.0,2026-02-10,412.9,
2026-01-07 13:19:40+05:30,NIFTY2621026400CE,26400.0,2026-02-10,412.9,
2026-01-07 13:19:41+05:30,NIFTY2621026400CE,26400.0,2026-02-10,412.9,
2026-01-07 13:19:42+05:30,NIFTY2621026400CE,26400.0,2026-02-10,412.9,
2026-01-07 13:19:43+05:30,NIFTY2621026400CE,26400.0,2026-02-10,412.9,
2026-01-07 13:19:44+05:30,NIFTY2621026400CE,26400.0,2026-02-10,412.9,
2026-01-07 13:19:45+05:30,NIFTY2621026400CE,26400.0,2026-02-10,412.9,
2026-01-07 13:19:46+05:30,NIFTY2621026400CE,26400.0,2026-02-10,412.9,
2026-01-07 13:19:47+05:30,NIFTY2621026400CE,26400.0,2026-02-10,412.9,
2026-01-07 13:19:48+05:30,NIFTY2621026400CE,26400.0,2026-02-10,412.9,
2026-01-07 13:19:49+05:30,NIFTY2621026400CE,26400.0,2026-02-10,412.9,
2026-01-07 13:19:50+05:30,NIFTY2621026400CE,26400.0,2026-02-10,412.9,
2026-01-07 13:19:51+05:30,NIFTY2621026400CE,26400.0,2026-02-10,412.9,
2026-01-07 13:19:52+05:30,NIFTY2621026400CE,26400.0,2026-02-10,412.9,
2026-01-07 13:19:53+05:30,NIFTY2621026400CE,26400.0,2026-02-10,412.9,
2026-01-07 13:19:54+05:30,NIFTY2621026400CE,26400.0,2026-02-10,412.9,
2026-01-07 13:19:55+05:30,NIFTY2621026400CE,26400.0,2026-02-10,412.9,
2026-01-07 13:19:56+05:30,NIFTY2621026400CE,26400.0,2026-02-10,412.9,
2026-01-07 13:19:57+05:30,NIFTY2621026400CE,26400.0,2026-02-10,412.9,
2026-01-07 13:19:58+05:30,NIFTY2621026400CE,26400.0,2026-02-10,412.9,
2026-01-07 13:19:59+05:30,NIFTY2621026400CE,26400.0,2026-02-10,412.9,
2026-01-07 13:20:00+05:30,NIFTY2621026400CE,26400.0,2026-02-10,412.9,
2026-01-07 13:20:01+05:30,NIFTY2621026400CE,26400.0,2026-02-10,412.9,
2026-01-07 13:20:02+05:30,NIFTY2621026400CE,26400.0,2026-02-10,412.9,
2026-01-07 13:20:03+05:30,NIFTY2621026400CE,26400.0,2026-02-10,412.9,
2026-01-07 13:20:04+05:30,NIFTY2621026400CE,26400.0,2026-02-10,412.9,
2026-01-07 13:20:05+05:30,NIFTY2621026400CE,26400.0,2026-02-10,412.9,
2026-01-07 13:20:06+05:30,NIFTY2621026400CE,26400.0,2026-02-10,412.9,
2026-01-07 13:20:07+05:30,NIFTY2621026400CE,26400.0,2026-02-10,412.9,
2026-01-07 13:20:08+05:30,NIFTY2621026400CE,26400.0,2026-02-10,412.9,
2026-01-07 13:20:09+05:30,NIFTY2621026400CE,26400.0,2026-02-10,412.9,
2026-01-07 13:20:10+05:30,NIFTY2621026400CE,26400.0,2026-02-10,412.9,
2026-01-07 13:20:11+05:30,NIFTY2621026400CE,26400.0,2026-02-10,412.9,
2026-01-07 13:20:12+05:30,NIFTY2621026400CE,26400.0,2026-02-10,412.9,
2026-01-07 13:20:13+05:30,NIFTY2621026400CE,26400.0,2026-02-10,412.9,
2026-01-07 13:20:14+05:30,NIFTY2621026400CE,26400.0,2026-02-10,412.9,
2026-01-07 13:20:15+05:30,NIFTY2621026400CE,26400.0,2026-02-10,412.9,
2026-01-07 13:20:16+05:30,NIFTY2621026400CE,26400.0,2026-02-10,412.9,
2026-01-07 13:20:17+05:30,NIFTY2621026400CE,26400.0,2026-02-10,412.9,
2026-01-07 13:20:18+05:30,NIFTY2621026400CE,26400.0,2026-02-10,412.9,
2026-01-07 13:20:19+05:30,NIFTY2621026400CE,26400.0,2026-02-10,412.9,
2026-01-07 13:20:20+05:30,NIFTY2621026400CE,26400.0,2026-02-10,412.9,
2026-01-07 13:20:21+05:30,NIFTY2621026400CE,26400.0,2026-02-10,412.9,
2026-01-07 13:20:22+05:30,NIFTY2621026400CE,26400.0,2026-02-10,412.9,
2026-01-07 13:20:23+05:30,NIFTY2621026400CE,26400.0,2026-02-10,412.9,
2026-01-07 13:20:24+05:30,NIFTY2621026400CE,26400.0,2026-02-10,412.9,
2026-01-07 13:20:25+05:30,NIFTY2621026400CE,26400.0,2026-02-10,412.9,
2026-01-07 13:20:26+05:30,NIFTY2621026400CE,26400.0,2026-02-10,412.9,
2026-01-07 13:20:27+05:30,NIFTY2621026400CE,26400.0,2026-02-10,412.9,
2026-01-07 13:20:28+05:30,NIFTY2621026400CE,26400.0,2026-02-10,412.9,
2026-01-07 13:20:29+05:30,NIFTY2621026400CE,26400.0,2026-02-10,412.9,
2026-01-07 13:20:30+05:30,NIFTY2621026400CE,26400.0,2026-02-10,412.9,
2026-01-07 13:20:31+05:30,NIFTY2621026400CE,26400.0,2026-02-10,412.9,
2026-01-07 13:20:32+05:30,NIFTY2621026400CE,26400.0,2026-02-10,412.9,
2026-01-07 13:20:33+05:30,NIFTY2621026400CE,26400.0,2026-02-10,412.9,
2026-01-07 13:20:34+05:30,NIFTY2621026400CE,26400.0,2026-02-10,412.9,
2026-01-07 13:20:35+05:30,NIFTY2621026400CE,26400.0,2026-02-10,412.9,
2026-01-07 13:20:36+05:30,NIFTY2621026400CE,26400.0,2026-02-10,412.9,
2026-01-07 13:20:37+05:30,NIFTY2621026400CE,26400.0,2026-02-10,412.9,
2026-01-07 13:20:38+05:30,NIFTY2621026400CE,26400.0,2026-02-10,412.9,
2026-01-07 13:20:39+05:30,NIFTY2621026400CE,26400.0,2026-02-10,412.9,
2026-01-07 13:20:40+05:30,NIFTY2621026400CE,26400.0,2026-02-10,412.9,
2026-01-07 13:20:41+05:30,NIFTY2621026400CE,26400.0,2026-02-10,412.9,
2026-01-07 13:20:42+05:30,NIFTY2621026400CE,26400.0,2026-02-10,412.9,
2026-01-07 13:20:43+05:30,NIFTY2621026400CE,26400.0,2026-02-10,412.9,
2026-01-07 13:20:44+05:30,NIFTY2621026400CE,26400.0,2026-02-10,412.9,
2026-01-07 13:20:45+05:30,NIFTY2621026400CE,26400.0,2026-02-10,412.9,
2026-01-07 13:20:46+05:30,NIFTY2621026400CE,26400.0,2026-02-10,412.9,
2026-01-07 13:20:47+05:30,NIFTY2621026400CE,26400.0,2026-02-10,412.9,
2026-01-07 13:20:48+05:30,NIFTY2621026400CE,26400.0,2026-02-10,412.9,
2026-01-07 13:20:49+05:30,NIFTY2621026400CE,26400.0,2026-02-10,412.9,
2026-01-07 13:20:50+05:30,NIFTY2621026400CE,26400.0,2026-02-10,412.9,
2026-01-07 13:20:51+05:30,NIFTY2621026400CE,26400.0,2026-02-10,412.9,
2026-01-07 13:20:52+05:30,NIFTY2621026400CE,26400.0,2026-02-10,412.9,
2026-01-07 13:20:53+05:30,NIFTY2621026400CE,26400.0,2026-02-10,412.9,
2026-01-07 13:20:54+05:30,NIFTY2621026400CE,26400.0,2026-02-10,412.9,
2026-01-07 13:20:55+05:30,NIFTY2621026400CE,26400.0,2026-02-10,412.9,
2026-01-07 13:20:56+05:30,NIFTY2621026400CE,26400.0,2026-02-10,412.9,
2026-01-07 13:20:57+05:30,NIFTY2621026400CE,26400.0,2026-02-10,412.9,
2026-01-07 13:20:58+05:30,NIFTY2621026400CE,26400.0,2026-02-10,412.9,
2026-01-07 13:20:59+05:30,NIFTY2621026400CE,26400.0,2026-02-10,412.9,
2026-01-07 13:21:00+05:30,NIFTY2621026400CE,26400.0,2026-02-10,412.9,
2026-01-07 13:21:01+05:30,NIFTY2621026400CE,26400.0,2026-02-10,412.9,
2026-01-07 13:21:02+05:30,NIFTY2621026400CE,26400.0,2026-02-10,412.9,
2026-01-07 13:21:03+05:30,NIFTY2621026400CE,26400.0,2026-02-10,412.9,
2026-01-07 13:21:04+05:30,NIFTY2621026400CE,26400.0,2026-02-10,412.9,
2026-01-07 13:21:05+05:30,NIFTY2621026400CE,26400.0,2026-02-10,412.9,
2026-01-07 13:21:06+05:30,NIFTY2621026400CE,26400.0,2026-02-10,412.9,
2026-01-07 13:21:07+05:30,NIFTY2621026400CE,26400.0,2026-02-10,412.9,
2026-01-07 13:21:08+05:30,NIFTY2621026400CE,26400.0,2026-02-10,412.9,
2026-01-07 13:21:09+05:30,NIFTY2621026400CE,26400.0,2026-02-10,412.9,
2026-01-07 13:21:10+05:30,NIFTY2621026400CE,26400.0,2026-02-10,412.9,
2026-01-07 13:21:11+05:30,NIFTY2621026400CE,26400.0,2026-02-10,412.9,
2026-01-07 13:21:12+05:30,NIFTY2621026400CE,26400.0,2026-02-10,412.9,
2026-01-07 13:21:13+05:30,NIFTY2621026400CE,26400.0,2026-02-10,412.9,
2026-01-07 13:21:14+05:30,NIFTY2621026400CE,26400.0,2026-02-10,412.9,
2026-01-07 13:21:15+05:30,NIFTY2621026400CE,26400.0,2026-02-10,412.9,
2026-01-07 13:21:16+05:30,NIFTY2621026400CE,26400.0,2026-02-10,412.9,
2026-01-07 13:21:17+05:30,NIFTY2621026400CE,26400.0,2026-02-10,412.9,
2026-01-07 13:21:18+05:30,NIFTY2621026400CE,26400.0,2026-02-10,412.9,
2026-01-07 13:21:19+05:30,NIFTY2621026400CE,26400.0,2026-02-10,412.9,
2026-01-07 13:21:20+05:30,NIFTY2621026400CE,26400.0,2026-02-10,412.9,
2026-01-07 13:21:21+05:30,NIFTY2621026400CE,26400.0,2026-02-10,412.9,
2026-01-07 13:21:22+05:30,NIFTY2621026400CE,26400.0,2026-02-10,412.9,
2026-01-07 13:21:23+05:30,NIFTY2621026400CE,26400.0,2026-02-10,412.9,
2026-01-07 13:21:24+05:30,NIFTY2621026400CE,26400.0,2026-02-10,412.9,
2026-01-07 13:21:25+05:30,NIFTY2621026400CE,26400.0,2026-02-10,412.9,
2026-01-07 13:21:26+05:30,NIFTY2621026400CE,26400.0,2026-02-10,412.9,
2026-01-07 13:21:27+05:30,NIFTY2621026400CE,26400.0,2026-02-10,412.9,
2026-01-07 13:21:28+05:30,NIFTY2621026400CE,26400.0,2026-02-10,412.9,
2026-01-07 13:21:29+05:30,NIFTY2621026400CE,26400.0,2026-02-10,412.9,
2026-01-07 13:21:30+05:30,NIFTY2621026400CE,26400.0,2026-02-10,412.9,
2026-01-07 13:21:31+05:30,NIFTY2621026400CE,26400.0,2026-02-10,412.9,
2026-01-07 13:21:32+05:30,NIFTY2621026400CE,26400.0,2026-02-10,412.9,
2026-01-07 13:21:33+05:30,NIFTY2621026400CE,26400.0,2026-02-10,412.9,
2026-01-07 13:21:34+05:30,NIFTY2621026400CE,26400.0,2026-02-10,412.9,
2026-01-07 13:21:35+05:30,NIFTY2621026400CE,26400.0,2026-02-10,412.9,
2026-01-07 13:21:36+05:30,NIFTY2621026400CE,26400.0,2026-02-10,412.9,
2026-01-07 13:21:37+05:30,NIFTY2621026400CE,26400.0,2026-02-10,412.9,
2026-01-07 13:21:38+05:30,NIFTY2621026400CE,26400.0,2026-02-10,412.9,
2026-01-07 13:21:39+05:30,NIFTY2621026400CE,26400.0,2026-02-10,412.9,
2026-01-07 13:21:40+05:30,NIFTY2621026400CE,26400.0,2026-02-10,412.9,
2026-01-07 13:21:41+05:30,NIFTY2621026400CE,26400.0,2026-02-10,412.9,
2026-01-07 13:21:42+05:30,NIFTY2621026400CE,26400.0,2026-02-10,412.9,
2026-01-07 13:21:43+05:30,NIFTY2621026400CE,26400.0,2026-02-10,412.9,
2026-01-07 13:21:44+05:30,NIFTY2621026400CE,26400.0,2026-02-10,412.9,
2026-01-07 13:21:45+05:30,NIFTY2621026400CE,26400.0,2026-02-10,412.9,
2026-01-07 13:21:46+05:30,NIFTY2621026400CE,26400.0,2026-02-10,412.9,
2026-01-07 13:21:47+05:30,NIFTY2621026400CE,26400.0,2026-02-10,412.9,
2026-01-07 13:21:48+05:30,NIFTY2621026400CE,26400.0,2026-02-10,412.9,
2026-01-07 13:21:49+05:30,NIFTY2621026400CE,26400.0,2026-02-10,412.9,
2026-01-07 13:21:50+05:30,NIFTY2621026400CE,26400.0,2026-02-10,412.9,
2026-01-07 13:21:51+05:30,NIFTY2621026400CE,26400.0,2026-02-10,412.9,
2026-01-07 13:21:52+05:30,NIFTY2621026400CE,26400.0,2026-02-10,412.9,
2026-01-07 13:21:53+05:30,NIFTY2621026400CE,26400.0,2026-02-10,412.9,
2026-01-07 13:21:54+05:30,NIFTY2621026400CE,26400.0,2026-02-10,412.9,
2026-01-07 13:21:55+05:30,NIFTY2621026400CE,26400.0,2026-02-10,412.9,
2026-01-07 13:21:56+05:30,NIFTY2621026400CE,26400.0,2026-02-10,412.9,
2026-01-07 13:21:57+05:30,NIFTY2621026400CE,26400.0,2026-02-10,412.9,
2026-01-07 13:21:58+05:30,NIFTY2621026400CE,26400.0,2026-02-10,412.9,
2026-01-07 13:21:59+05:30,NIFTY2621026400CE,26400.0,2026-02-10,412.9,
2026-01-07 13:22:00+05:30,NIFTY2621026400CE,26400.0,2026-02-10,412.9,
2026-01-07 13:22:01+05:30,NIFTY2621026400CE,26400.0,2026-02-10,412.9,
2026-01-07 13:22:02+05:30,NIFTY2621026400CE,26400.0,2026-02-10,412.9,
2026-01-07 13:22:03+05:30,NIFTY2621026400CE,26400.0,2026-02-10,412.9,
2026-01-07 13:22:04+05:30,NIFTY2621026400CE,26400.0,2026-02-10,412.9,
2026-01-07 13:22:05+05:30,NIFTY2621026400CE,26400.0,2026-02-10,412.9,
2026-01-07 13:22:06+05:30,NIFTY2621026400CE,26400.0,2026-02-10,412.9,
2026-01-07 13:22:07+05:30,NIFTY2621026400CE,26400.0,2026-02-10,412.9,
2026-01-07 13:22:08+05:30,NIFTY2621026400CE,26400.0,2026-02-10,412.9,
2026-01-07 13:22:09+05:30,NIFTY2621026400CE,26400.0,2026-02-10,412.9,
2026-01-07 13:22:10+05:30,NIFTY2621026400CE,26400.0,2026-02-10,412.9,
2026-01-07 13:22:11+05:30,NIFTY2621026400CE,26400.0,2026-02-10,412.9,
2026-01-07 13:22:12+05:30,NIFTY2621026400CE,26400.0,2026-02-10,412.9,
2026-01-07 13:22:13+05:30,NIFTY2621026400CE,26400.0,2026-02-10,412.9,
2026-01-07 13:22:14+05:30,NIFTY2621026400CE,26400.0,2026-02-10,412.9,
2026-01-07 13:22:15+05:30,NIFTY2621026400CE,26400.0,2026-02-10,412.9,
2026-01-07 13:22:16+05:30,NIFTY2621026400CE,26400.0,2026-02-10,412.9,
2026-01-07 13:22:17+05:30,NIFTY2621026400CE,26400.0,2026-02-10,412.9,
2026-01-07 13:22:18+05:30,NIFTY2621026400CE,26400.0,2026-02-10,412.9,
2026-01-07 13:22:19+05:30,NIFTY2621026400CE,26400.0,2026-02-10,412.9,
2026-01-07 13:22:20+05:30,NIFTY2621026400CE,26400.0,2026-02-10,412.9,
2026-01-07 13:22:21+05:30,NIFTY2621026400CE,26400.0,2026-02-10,412.9,
2026-01-07 13:22:22+05:30,NIFTY2621026400CE,26400.0,2026-02-10,412.9,
2026-01-07 13:22:23+05:30,NIFTY2621026400CE,26400.0,2026-02-10,412.9,
2026-01-07 13:22:24+05:30,NIFTY2621026400CE,26400.0,2026-02-10,412.9,
2026-01-07 13:22:25+05:30,NIFTY2621026400CE,26400.0,2026-02-10,412.9,
2026-01-07 13:22:26+05:30,NIFTY2621026400CE,26400.0,2026-02-10,412.9,
2026-01-07 13:22:27+05:30,NIFTY2621026400CE,26400.0,2026-02-10,412.9,
2026-01-07 13:22:28+05:30,NIFTY2621026400CE,26400.0,2026-02-10,412.9,
2026-01-07 13:22:29+05:30,NIFTY2621026400CE,26400.0,2026-02-10,412.9,
2026-01-07 13:22:30+05:30,NIFTY2621026400CE,26400.0,2026-02-10,412.9,
2026-01-07 13:22:31+05:30,NIFTY2621026400CE,26400.0,2026-02-10,412.9,
2026-01-07 13:22:32+05:30,NIFTY2621026400CE,26400.0,2026-02-10,412.9,
2026-01-07 13:22:33+05:30,NIFTY2621026400CE,26400.0,2026-02-10,412.9,
2026-01-07 13:22:34+05:30,NIFTY2621026400CE,26400.0,2026-02-10,412.9,
2026-01-07 13:22:35+05:30,NIFTY2621026400CE,26400.0,2026-02-10,412.9,
2026-01-07 13:22:36+05:30,NIFTY2621026400CE,26400.0,2026-02-10,412.9,
2026-01-07 13:22:37+05:30,NIFTY2621026400CE,26400.0,2026-02-10,412.9,
2026-01-07 13:22:38+05:30,NIFTY2621026400CE,26400.0,2026-02-10,412.9,
2026-01-07 13:22:39+05:30,NIFTY2621026400CE,26400.0,2026-02-10,412.9,
2026-01-07 13:22:40+05:30,NIFTY2621026400CE,26400.0,2026-02-10,412.9,
2026-01-07 13:22:41+05:30,NIFTY2621026400CE,26400.0,2026-02-10,412.9,
2026-01-07 13:22:42+05:30,NIFTY2621026400CE,26400.0,2026-02-10,412.9,
2026-01-07 13:22:43+05:30,NIFTY2621026400CE,26400.0,2026-02-10,412.9,
2026-01-07 13:22:44+05:30,NIFTY2621026400CE,26400.0,2026-02-10,412.9,
2026-01-07 13:22:45+05:30,NIFTY2621026400CE,26400.0,2026-02-10,412.9,
2026-01-07 13:22:46+05:30,NIFTY2621026400CE,26400.0,2026-02-10,412.9,
2026-01-07 13:22:47+05:30,NIFTY2621026400CE,26400.0,2026-02-10,412.9,
2026-01-07 13:22:48+05:30,NIFTY2621026400CE,26400.0,2026-02-10,412.9,
2026-01-07 13:22:49+05:30,NIFTY2621026400CE,26400.0,2026-02-10,412.9,
2026-01-07 13:22:50+05:30,NIFTY2621026400CE,26400.0,2026-02-10,412.9,
2026-01-07 13:22:51+05:30,NIFTY2621026400CE,26400.0,2026-02-10,412.9,
2026-01-07 13:22:52+05:30,NIFTY2621026400CE,26400.0,2026-02-10,412.9,
2026-01-07 13:22:53+05:30,NIFTY2621026400CE,26400.0,2026-02-10,412.9,
2026-01-07 13:22:54+05:30,NIFTY2621026400CE,26400.0,2026-02-10,412.9,
2026-01-07 13:22:55+05:30,NIFTY2621026400CE,26400.0,2026-02-10,412.9,
2026-01-07 13:22:56+05:30,NIFTY2621026400CE,26400.0,2026-02-10,412.9,
2026-01-07 13:22:57+05:30,NIFTY2621026400CE,26400.0,2026-02-10,412.9,
2026-01-07 13:22:58+05:30,NIFTY2621026400CE,26400.0,2026-02-10,412.9,
2026-01-07 13:22:59+05:30,NIFTY2621026400CE,26400.0,2026-02-10,412.9,
2026-01-07 13:23:00+05:30,NIFTY2621026400CE,26400.0,2026-02-10,412.9,
2026-01-07 13:23:01+05:30,NIFTY2621026400CE,26400.0,2026-02-10,412.9,
2026-01-07 13:23:02+05:30,NIFTY2621026400CE,26400.0,2026-02-10,412.9,
2026-01-07 13:23:03+05:30,NIFTY2621026400CE,26400.0,2026-02-10,412.9,
2026-01-07 13:23:04+05:30,NIFTY2621026400CE,26400.0,2026-02-10,412.9,
2026-01-07 13:23:05+05:30,NIFTY2621026400CE,26400.0,2026-02-10,412.9,
2026-01-07 13:23:06+05:30,NIFTY2621026400CE,26400.0,2026-02-10,412.9,
2026-01-07 13:23:07+05:30,NIFTY2621026400CE,26400.0,2026-02-10,412.9,
2026-01-07 13:23:08+05:30,NIFTY2621026400CE,26400.0,2026-02-10,412.9,
2026-01-07 13:23:09+05:30,NIFTY2621026400CE,26400.0,2026-02-10,412.9,
2026-01-07 13:23:10+05:30,NIFTY2621026400CE,26400.0,2026-02-10,412.9,
2026-01-07 13:23:11+05:30,NIFTY2621026400CE,26400.0,2026-02-10,412.9,
2026-01-07 13:23:12+05:30,NIFTY2621026400CE,26400.0,2026-02-10,412.9,
2026-01-07 13:23:13+05:30,NIFTY2621026400CE,26400.0,2026-02-10,412.9,
2026-01-07 13:23:14+05:30,NIFTY2621026400CE,26400.0,2026-02-10,412.9,
2026-01-07 13:23:15+05:30,NIFTY2621026400CE,26400.0,2026-02-10,412.9,
2026-01-07 13:23:16+05:30,NIFTY2621026400CE,26400.0,2026-02-10,412.9,
2026-01-07 13:23:17+05:30,NIFTY2621026400CE,26400.0,2026-02-10,412.9,
2026-01-07 13:23:18+05:30,NIFTY2621026400CE,26400.0,2026-02-10,412.9,
2026-01-07 13:23:19+05:30,NIFTY2621026400CE,26400.0,2026-02-10,412.9,
2026-01-07 13:23:20+05:30,NIFTY2621026400CE,26400.0,2026-02-10,412.9,
2026-01-07 13:23:21+05:30,NIFTY2621026400CE,26400.0,2026-02-10,412.9,
2026-01-07 13:23:22+05:30,NIFTY2621026400CE,26400.0,2026-02-10,412.9,
2026-01-07 13:23:23+05:30,NIFTY2621026400CE,26400.0,2026-02-10,412.9,
2026-01-07 13:23:24+05:30,NIFTY2621026400CE,26400.0,2026-02-10,412.9,
2026-01-07 13:23:25+05:30,NIFTY2621026400CE,26400.0,2026-02-10,412.9,
2026-01-07 13:23:26+05:30,NIFTY2621026400CE,26400.0,2026-02-10,412.9,
2026-01-07 13:23:27+05:30,NIFTY2621026400CE,26400.0,2026-02-10,412.9,
2026-01-07 13:23:28+05:30,NIFTY2621026400CE,26400.0,2026-02-10,412.9,
2026-01-07 13:23:29+05:30,NIFTY2621026400CE,26400.0,2026-02-10,412.9,
2026-01-07 13:23:30+05:30,NIFTY2621026400CE,26400.0,2026-02-10,412.9,
2026-01-07 13:23:31+05:30,NIFTY2621026400CE,26400.0,2026-02-10,412.9,
2026-01-07 13:23:32+05:30,NIFTY2621026400CE,26400.0,2026-02-10,412.9,
2026-01-07 13:23:33+05:30,NIFTY2621026400CE,26400.0,2026-02-10,412.9,
2026-01-07 13:23:34+05:30,NIFTY2621026400CE,26400.0,2026-02-10,412.9,
2026-01-07 13:23:35+05:30,NIFTY2621026400CE,26400.0,2026-02-10,412.9,
2026-01-07 13:23:36+05:30,NIFTY2621026400CE,26400.0,2026-02-10,412.9,
2026-01-07 13:23:37+05:30,NIFTY2621026400CE,26400.0,2026-02-10,412.9,
2026-01-07 13:23:38+05:30,NIFTY2621026400CE,26400.0,2026-02-10,412.9,
2026-01-07 13:23:39+05:30,NIFTY2621026400CE,26400.0,2026-02-10,412.9,
2026-01-07 13:23:40+05:30,NIFTY2621026400CE,26400.0,2026-02-10,412.9,
2026-01-07 13:23:41+05:30,NIFTY2621026400CE,26400.0,2026-02-10,412.9,
2026-01-07 13:23:42+05:30,NIFTY2621026400CE,26400.0,2026-02-10,412.9,
2026-01-07 13:23:43+05:30,NIFTY2621026400CE,26400.0,2026-02-10,412.9,
2026-01-07 13:23:44+05:30,NIFTY2621026400CE,26400.0,2026-02-10,412.9,
2026-01-07 13:23:45+05:30,NIFTY2621026400CE,26400.0,2026-02-10,412.9,
2026-01-07 13:23:46+05:30,NIFTY2621026400CE,26400.0,2026-02-10,412.9,
2026-01-07 13:23:47+05:30,NIFTY2621026400CE,26400.0,2026-02-10,412.9,
2026-01-07 13:23:48+05:30,NIFTY2621026400CE,26400.0,2026-02-10,412.9,
2026-01-07 13:23:49+05:30,NIFTY2621026400CE,26400.0,2026-02-10,412.9,
2026-01-07 13:23:50+05:30,NIFTY2621026400CE,26400.0,2026-02-10,412.9,
2026-01-07 13:23:51+05:30,NIFTY2621026400CE,26400.0,2026-02-10,412.9,
2026-01-07 13:23:52+05:30,NIFTY2621026400CE,26400.0,2026-02-10,412.9,
2026-01-07 13:23:53+05:30,NIFTY2621026400CE,26400.0,2026-02-10,412.9,
2026-01-07 13:23:54+05:30,NIFTY2621026400CE,26400.0,2026-02-10,412.9,
2026-01-07 13:23:55+05:30,NIFTY2621026400CE,26400.0,2026-02-10,412.9,
2026-01-07 13:23:56+05:30,NIFTY2621026400CE,26400.0,2026-02-10,412.9,
2026-01-07 13:23:57+05:30,NIFTY2621026400CE,26400.0,2026-02-10,412.9,
2026-01-07 13:23:58+05:30,NIFTY2621026400CE,26400.0,2026-02-10,412.9,
2026-01-07 13:23:59+05:30,NIFTY2621026400CE,26400.0,2026-02-10,412.9,
2026-01-07 13:24:00+05:30,NIFTY2621026400CE,26400.0,2026-02-10,412.9,
2026-01-07 13:24:01+05:30,NIFTY2621026400CE,26400.0,2026-02-10,412.9,
2026-01-07 13:24:02+05:30,NIFTY2621026400CE,26400.0,2026-02-10,412.9,
2026-01-07 13:24:03+05:30,NIFTY2621026400CE,26400.0,2026-02-10,412.9,
2026-01-07 13:24:04+05:30,NIFTY2621026400CE,26400.0,2026-02-10,412.9,
2026-01-07 13:24:05+05:30,NIFTY2621026400CE,26400.0,2026-02-10,412.9,
2026-01-07 13:24:06+05:30,NIFTY2621026400CE,26400.0,2026-02-10,412.9,
2026-01-07 13:24:07+05:30,NIFTY2621026400CE,26400.0,2026-02-10,412.9,
2026-01-07 13:24:08+05:30,NIFTY2621026400CE,26400.0,2026-02-10,412.9,
2026-01-07 13:24:09+05:30,NIFTY2621026400CE,26400.0,2026-02-10,412.9,
2026-01-07 13:24:10+05:30,NIFTY2621026400CE,26400.0,2026-02-10,412.9,
2026-01-07 13:24:11+05:30,NIFTY2621026400CE,26400.0,2026-02-10,412.9,
2026-01-07 13:24:12+05:30,NIFTY2621026400CE,26400.0,2026-02-10,412.9,
2026-01-07 13:24:13+05:30,NIFTY2621026400CE,26400.0,2026-02-10,412.9,
2026-01-07 13:24:14+05:30,NIFTY2621026400CE,26400.0,2026-02-10,412.9,
2026-01-07 13:24:15+05:30,NIFTY2621026400CE,26400.0,2026-02-10,412.9,
2026-01-07 13:24:16+05:30,NIFTY2621026400CE,26400.0,2026-02-10,412.9,
2026-01-07 13:24:17+05:30,NIFTY2621026400CE,26400.0,2026-02-10,412.9,
2026-01-07 13:24:18+05:30,NIFTY2621026400CE,26400.0,2026-02-10,412.9,
2026-01-07 13:24:19+05:30,NIFTY2621026400CE,26400.0,2026-02-10,412.9,
2026-01-07 13:24:20+05:30,NIFTY2621026400CE,26400.0,2026-02-10,412.9,
2026-01-07 13:24:21+05:30,NIFTY2621026400CE,26400.0,2026-02-10,412.9,
2026-01-07 13:24:22+05:30,NIFTY2621026400CE,26400.0,2026-02-10,412.9,
2026-01-07 13:24:23+05:30,NIFTY2621026400CE,26400.0,2026-02-10,412.9,
2026-01-07 13:24:24+05:30,NIFTY2621026400CE,26400.0,2026-02-10,412.9,
2026-01-07 13:24:25+05:30,NIFTY2621026400CE,26400.0,2026-02-10,412.9,
2026-01-07 13:24:26+05:30,NIFTY2621026400CE,26400.0,2026-02-10,412.9,
2026-01-07 13:24:27+05:30,NIFTY2621026400CE,26400.0,2026-02-10,412.9,
2026-01-07 13:24:28+05:30,NIFTY2621026400CE,26400.0,2026-02-10,412.9,
2026-01-07 13:24:29+05:30,NIFTY2621026400CE,26400.0,2026-02-10,412.9,
2026-01-07 13:24:30+05:30,NIFTY2621026400CE,26400.0,2026-02-10,412.9,
2026-01-07 13:24:31+05:30,NIFTY2621026400CE,26400.0,2026-02-10,412.9,
2026-01-07 13:24:32+05:30,NIFTY2621026400CE,26400.0,2026-02-10,412.9,
2026-01-07 13:24:33+05:30,NIFTY2621026400CE,26400.0,2026-02-10,412.9,
2026-01-07 13:24:34+05:30,NIFTY2621026400CE,26400.0,2026-02-10,412.9,
2026-01-07 13:24:35+05:30,NIFTY2621026400CE,26400.0,2026-02-10,412.9,
2026-01-07 13:24:36+05:30,NIFTY2621026400CE,26400.0,2026-02-10,412.9,
2026-01-07 13:24:37+05:30,NIFTY2621026400CE,26400.0,2026-02-10,412.9,
2026-01-07 13:24:38+05:30,NIFTY2621026400CE,26400.0,2026-02-10,412.9,
2026-01-07 13:24:39+05:30,NIFTY2621026400CE,26400.0,2026-02-10,412.9,
2026-01-07 13:24:40+05:30,NIFTY2621026400CE,26400.0,2026-02-10,412.9,
2026-01-07 13:24:41+05:30,NIFTY2621026400CE,26400.0,2026-02-10,412.9,
2026-01-07 13:24:42+05:30,NIFTY2621026400CE,26400.0,2026-02-10,412.9,
2026-01-07 13:24:43+05:30,NIFTY2621026400CE,26400.0,2026-02-10,412.9,
2026-01-07 13:24:44+05:30,NIFTY2621026400CE,26400.0,2026-02-10,412.9,
2026-01-07 13:24:45+05:30,NIFTY2621026400CE,26400.0,2026-02-10,412.9,
2026-01-07 13:24:46+05:30,NIFTY2621026400CE,26400.0,2026-02-10,412.9,
2026-01-07 13:24:47+05:30,NIFTY2621026400CE,26400.0,2026-02-10,412.9,
2026-01-07 13:24:48+05:30,NIFTY2621026400CE,26400.0,2026-02-10,412.9,
2026-01-07 13:24:49+05:30,NIFTY2621026400CE,26400.0,2026-02-10,412.9,
2026-01-07 13:24:50+05:30,NIFTY2621026400CE,26400.0,2026-02-10,412.9,
2026-01-07 13:24:51+05:30,NIFTY2621026400CE,26400.0,2026-02-10,412.9,
2026-01-07 13:24:52+05:30,NIFTY2621026400CE,26400.0,2026-02-10,412.9,
2026-01-07 13:24:53+05:30,NIFTY2621026400CE,26400.0,2026-02-10,412.9,
2026-01-07 13:24:54+05:30,NIFTY2621026400CE,26400.0,2026-02-10,412.9,
2026-01-07 13:24:55+05:30,NIFTY2621026400CE,26400.0,2026-02-10,412.9,
2026-01-07 13:24:56+05:30,NIFTY2621026400CE,26400.0,2026-02-10,412.9,
2026-01-07 13:24:57+05:30,NIFTY2621026400CE,26400.0,2026-02-10,412.9,
2026-01-07 13:24:58+05:30,NIFTY2621026400CE,26400.0,2026-02-10,412.9,
2026-01-07 13:24:59+05:30,NIFTY2621026400CE,26400.0,2026-02-10,412.9,
2026-01-07 13:25:00+05:30,NIFTY2621026400CE,26400.0,2026-02-10,412.9,
2026-01-07 13:25:01+05:30,NIFTY2621026400CE,26400.0,2026-02-10,412.9,
2026-01-07 13:25:02+05:30,NIFTY2621026400CE,26400.0,2026-02-10,412.9,
2026-01-07 13:25:03+05:30,NIFTY2621026400CE,26400.0,2026-02-10,412.9,
2026-01-07 13:25:04+05:30,NIFTY2621026400CE,26400.0,2026-02-10,412.9,
2026-01-07 13:25:05+05:30,NIFTY2621026400CE,26400.0,2026-02-10,412.9,
2026-01-07 13:25:06+05:30,NIFTY2621026400CE,26400.0,2026-02-10,412.9,
2026-01-07 13:25:07+05:30,NIFTY2621026400CE,26400.0,2026-02-10,412.9,
2026-01-07 13:25:08+05:30,NIFTY2621026400CE,26400.0,2026-02-10,412.9,
2026-01-07 13:25:09+05:30,NIFTY2621026400CE,26400.0,2026-02-10,412.9,
2026-01-07 13:25:10+05:30,NIFTY2621026400CE,26400.0,2026-02-10,412.9,
2026-01-07 13:25:11+05:30,NIFTY2621026400CE,26400.0,2026-02-10,412.9,
2026-01-07 13:25:12+05:30,NIFTY2621026400CE,26400.0,2026-02-10,412.9,
2026-01-07 13:25:13+05:30,NIFTY2621026400CE,26400.0,2026-02-10,412.9,
2026-01-07 13:25:14+05:30,NIFTY2621026400CE,26400.0,2026-02-10,412.9,
2026-01-07 13:25:15+05:30,NIFTY2621026400CE,26400.0,2026-02-10,412.9,
2026-01-07 13:25:16+05:30,NIFTY2621026400CE,26400.0,2026-02-10,412.9,
2026-01-07 13:25:17+05:30,NIFTY2621026400CE,26400.0,2026-02-10,412.9,
2026-01-07 13:25:18+05:30,NIFTY2621026400CE,26400.0,2026-02-10,412.9,
2026-01-07 13:25:19+05:30,NIFTY2621026400CE,26400.0,2026-02-10,412.9,
2026-01-07 13:25:20+05:30,NIFTY2621026400CE,26400.0,2026-02-10,412.9,
2026-01-07 13:25:21+05:30,NIFTY2621026400CE,26400.0,2026-02-10,412.9,
2026-01-07 13:25:22+05:30,NIFTY2621026400CE,26400.0,2026-02-10,412.9,
2026-01-07 13:25:23+05:30,NIFTY2621026400CE,26400.0,2026-02-10,412.9,
2026-01-07 13:25:24+05:30,NIFTY2621026400CE,26400.0,2026-02-10,412.9,
2026-01-07 13:25:25+05:30,NIFTY2621026400CE,26400.0,2026-02-10,412.9,
2026-01-07 13:25:26+05:30,NIFTY2621026400CE,26400.0,2026-02-10,412.9,
2026-01-07 13:25:27+05:30,NIFTY2621026400CE,26400.0,2026-02-10,412.9,
2026-01-07 13:25:28+05:30,NIFTY2621026400CE,26400.0,2026-02-10,412.9,
2026-01-07 13:25:29+05:30,NIFTY2621026400CE,26400.0,2026-02-10,412.9,
2026-01-07 13:25:30+05:30,NIFTY2621026400CE,26400.0,2026-02-10,412.9,
2026-01-07 13:25:31+05:30,NIFTY2621026400CE,26400.0,2026-02-10,412.9,
2026-01-07 13:25:32+05:30,NIFTY2621026400CE,26400.0,2026-02-10,412.9,
2026-01-07 13:25:33+05:30,NIFTY2621026400CE,26400.0,2026-02-10,412.9,
2026-01-07 13:25:34+05:30,NIFTY2621026400CE,26400.0,2026-02-10,412.9,
2026-01-07 13:25:35+05:30,NIFTY2621026400CE,26400.0,2026-02-10,412.9,
2026-01-07 13:25:36+05:30,NIFTY2621026400CE,26400.0,2026-02-10,412.9,
2026-01-07 13:25:37+05:30,NIFTY2621026400CE,26400.0,2026-02-10,412.9,
2026-01-07 13:25:38+05:30,NIFTY2621026400CE,26400.0,2026-02-10,412.9,
2026-01-07 13:25:39+05:30,NIFTY2621026400CE,26400.0,2026-02-10,412.9,
2026-01-07 13:25:40+05:30,NIFTY2621026400CE,26400.0,2026-02-10,412.9,
2026-01-07 13:25:41+05:30,NIFTY2621026400CE,26400.0,2026-02-10,412.9,
2026-01-07 13:25:42+05:30,NIFTY2621026400CE,26400.0,2026-02-10,412.9,
2026-01-07 13:25:43+05:30,NIFTY2621026400CE,26400.0,2026-02-10,412.9,
2026-01-07 13:25:44+05:30,NIFTY2621026400CE,26400.0,2026-02-10,412.9,
2026-01-07 13:25:45+05:30,NIFTY2621026400CE,26400.0,2026-02-10,412.9,
2026-01-07 13:25:46+05:30,NIFTY2621026400CE,26400.0,2026-02-10,412.9,
2026-01-07 13:25:47+05:30,NIFTY2621026400CE,26400.0,2026-02-10,412.9,
2026-01-07 13:25:48+05:30,NIFTY2621026400CE,26400.0,2026-02-10,412.9,
2026-01-07 13:25:49+05:30,NIFTY2621026400CE,26400.0,2026-02-10,412.9,
2026-01-07 13:25:50+05:30,NIFTY2621026400CE,26400.0,2026-02-10,412.9,
2026-01-07 13:25:51+05:30,NIFTY2621026400CE,26400.0,2026-02-10,412.9,
2026-01-07 13:25:52+05:30,NIFTY2621026400CE,26400.0,2026-02-10,412.9,
2026-01-07 13:25:53+05:30,NIFTY2621026400CE,26400.0,2026-02-10,412.9,
2026-01-07 13:25:54+05:30,NIFTY2621026400CE,26400.0,2026-02-10,412.9,
2026-01-07 13:25:55+05:30,NIFTY2621026400CE,26400.0,2026-02-10,412.9,
2026-01-07 13:25:56+05:30,NIFTY2621026400CE,26400.0,2026-02-10,412.9,
2026-01-07 13:25:57+05:30,NIFTY2621026400CE,26400.0,2026-02-10,412.9,
2026-01-07 13:25:58+05:30,NIFTY2621026400CE,26400.0,2026-02-10,412.9,
2026-01-07 13:25:59+05:30,NIFTY2621026400CE,26400.0,2026-02-10,412.9,
2026-01-07 13:26:00+05:30,NIFTY2621026400CE,26400.0,2026-02-10,412.9,
2026-01-07 13:26:01+05:30,NIFTY2621026400CE,26400.0,2026-02-10,412.9,
2026-01-07 13:26:02+05:30,NIFTY2621026400CE,26400.0,2026-02-10,412.9,
2026-01-07 13:26:03+05:30,NIFTY2621026400CE,26400.0,2026-02-10,412.9,
2026-01-07 13:26:04+05:30,NIFTY2621026400CE,26400.0,2026-02-10,412.9,
2026-01-07 13:26:05+05:30,NIFTY2621026400CE,26400.0,2026-02-10,412.9,
2026-01-07 13:26:06+05:30,NIFTY2621026400CE,26400.0,2026-02-10,412.9,
2026-01-07 13:26:07+05:30,NIFTY2621026400CE,26400.0,2026-02-10,412.9,
2026-01-07 13:26:08+05:30,NIFTY2621026400CE,26400.0,2026-02-10,412.9,
2026-01-07 13:26:09+05:30,NIFTY2621026400CE,26400.0,2026-02-10,412.9,
2026-01-07 13:26:10+05:30,NIFTY2621026400CE,26400.0,2026-02-10,412.9,
2026-01-07 13:26:11+05:30,NIFTY2621026400CE,26400.0,2026-02-10,412.9,
2026-01-07 13:26:12+05:30,NIFTY2621026400CE,26400.0,2026-02-10,412.9,
2026-01-07 13:26:13+05:30,NIFTY2621026400CE,26400.0,2026-02-10,412.9,
2026-01-07 13:26:14+05:30,NIFTY2621026400CE,26400.0,2026-02-10,412.9,
2026-01-07 13:26:15+05:30,NIFTY2621026400CE,26400.0,2026-02-10,412.9,
2026-01-07 13:26:16+05:30,NIFTY2621026400CE,26400.0,2026-02-10,412.9,
2026-01-07 13:26:17+05:30,NIFTY2621026400CE,26400.0,2026-02-10,412.9,
2026-01-07 13:26:18+05:30,NIFTY2621026400CE,26400.0,2026-02-10,412.9,
2026-01-07 13:26:19+05:30,NIFTY2621026400CE,26400.0,2026-02-10,412.9,
2026-01-07 13:26:20+05:30,NIFTY2621026400CE,26400.0,2026-02-10,412.9,
2026-01-07 13:26:21+05:30,NIFTY2621026400CE,26400.0,2026-02-10,412.9,
2026-01-07 13:26:22+05:30,NIFTY2621026400CE,26400.0,2026-02-10,412.9,
2026-01-07 13:26:23+05:30,NIFTY2621026400CE,26400.0,2026-02-10,412.9,
2026-01-07 13:26:24+05:30,NIFTY2621026400CE,26400.0,2026-02-10,412.9,
2026-01-07 13:26:25+05:30,NIFTY2621026400CE,26400.0,2026-02-10,412.9,
2026-01-07 13:26:26+05:30,NIFTY2621026400CE,26400.0,2026-02-10,412.9,
2026-01-07 13:26:27+05:30,NIFTY2621026400CE,26400.0,2026-02-10,412.9,
2026-01-07 13:26:28+05:30,NIFTY2621026400CE,26400.0,2026-02-10,412.9,
2026-01-07 13:26:29+05:30,NIFTY2621026400CE,26400.0,2026-02-10,412.9,
2026-01-07 13:26:30+05:30,NIFTY2621026400CE,26400.0,2026-02-10,412.9,
2026-01-07 13:26:31+05:30,NIFTY2621026400CE,26400.0,2026-02-10,412.9,
2026-01-07 13:26:32+05:30,NIFTY2621026400CE,26400.0,2026-02-10,412.9,
2026-01-07 13:26:33+05:30,NIFTY2621026400CE,26400.0,2026-02-10,412.9,
2026-01-07 13:26:34+05:30,NIFTY2621026400CE,26400.0,2026-02-10,412.9,
2026-01-07 13:26:35+05:30,NIFTY2621026400CE,26400.0,2026-02-10,412.9,
2026-01-07 13:26:36+05:30,NIFTY2621026400CE,26400.0,2026-02-10,412.9,
2026-01-07 13:26:37+05:30,NIFTY2621026400CE,26400.0,2026-02-10,412.9,
2026-01-07 13:26:38+05:30,NIFTY2621026400CE,26400.0,2026-02-10,412.9,
2026-01-07 13:26:39+05:30,NIFTY2621026400CE,26400.0,2026-02-10,412.9,
2026-01-07 13:26:40+05:30,NIFTY2621026400CE,26400.0,2026-02-10,412.9,
2026-01-07 13:26:41+05:30,NIFTY2621026400CE,26400.0,2026-02-10,412.9,
2026-01-07 13:26:42+05:30,NIFTY2621026400CE,26400.0,2026-02-10,412.9,
2026-01-07 13:26:43+05:30,NIFTY2621026400CE,26400.0,2026-02-10,412.9,
2026-01-07 13:26:44+05:30,NIFTY2621026400CE,26400.0,2026-02-10,412.9,
2026-01-07 13:26:45+05:30,NIFTY2621026400CE,26400.0,2026-02-10,412.9,
2026-01-07 13:26:46+05:30,NIFTY2621026400CE,26400.0,2026-02-10,412.9,
2026-01-07 13:26:47+05:30,NIFTY2621026400CE,26400.0,2026-02-10,412.9,
2026-01-07 13:26:48+05:30,NIFTY2621026400CE,26400.0,2026-02-10,412.9,
2026-01-07 13:26:49+05:30,NIFTY2621026400CE,26400.0,2026-02-10,412.9,
2026-01-07 13:26:50+05:30,NIFTY2621026400CE,26400.0,2026-02-10,412.9,
2026-01-07 13:26:51+05:30,NIFTY2621026400CE,26400.0,2026-02-10,412.9,
2026-01-07 13:26:52+05:30,NIFTY2621026400CE,26400.0,2026-02-10,412.9,
2026-01-07 13:26:53+05:30,NIFTY2621026400CE,26400.0,2026-02-10,412.9,
2026-01-07 13:26:54+05:30,NIFTY2621026400CE,26400.0,2026-02-10,412.9,
2026-01-07 13:26:55+05:30,NIFTY2621026400CE,26400.0,2026-02-10,412.9,
2026-01-07 13:26:56+05:30,NIFTY2621026400CE,26400.0,2026-02-10,412.9,
2026-01-07 13:26:57+05:30,NIFTY2621026400CE,26400.0,2026-02-10,412.9,
2026-01-07 13:26:58+05:30,NIFTY2621026400CE,26400.0,2026-02-10,412.9,
2026-01-07 13:26:59+05:30,NIFTY2621026400CE,26400.0,2026-02-10,412.9,
2026-01-07 13:27:00+05:30,NIFTY2621026400CE,26400.0,2026-02-10,412.9,
2026-01-07 13:27:01+05:30,NIFTY2621026400CE,26400.0,2026-02-10,412.9,
2026-01-07 13:27:02+05:30,NIFTY2621026400CE,26400.0,2026-02-10,412.9,
2026-01-07 13:27:03+05:30,NIFTY2621026400CE,26400.0,2026-02-10,412.9,
2026-01-07 13:27:04+05:30,NIFTY2621026400CE,26400.0,2026-02-10,412.9,
2026-01-07 13:27:05+05:30,NIFTY2621026400CE,26400.0,2026-02-10,412.9,
2026-01-07 13:27:06+05:30,NIFTY2621026400CE,26400.0,2026-02-10,412.9,
2026-01-07 13:27:07+05:30,NIFTY2621026400CE,26400.0,2026-02-10,412.9,
2026-01-07 13:27:08+05:30,NIFTY2621026400CE,26400.0,2026-02-10,412.9,
2026-01-07 13:27:09+05:30,NIFTY2621026400CE,26400.0,2026-02-10,412.9,
2026-01-07 13:27:10+05:30,NIFTY2621026400CE,26400.0,2026-02-10,412.9,
2026-01-07 13:27:11+05:30,NIFTY2621026400CE,26400.0,2026-02-10,412.9,
2026-01-07 13:27:12+05:30,NIFTY2621026400CE,26400.0,2026-02-10,412.9,
2026-01-07 13:27:13+05:30,NIFTY2621026400CE,26400.0,2026-02-10,412.9,
2026-01-07 13:27:14+05:30,NIFTY2621026400CE,26400.0,2026-02-10,412.9,
2026-01-07 13:27:15+05:30,NIFTY2621026400CE,26400.0,2026-02-10,412.9,
2026-01-07 13:27:16+05:30,NIFTY2621026400CE,26400.0,2026-02-10,412.9,
2026-01-07 13:27:17+05:30,NIFTY2621026400CE,26400.0,2026-02-10,412.9,
2026-01-07 13:27:18+05:30,NIFTY2621026400CE,26400.0,2026-02-10,412.9,
2026-01-07 13:27:19+05:30,NIFTY2621026400CE,26400.0,2026-02-10,412.9,
2026-01-07 13:27:20+05:30,NIFTY2621026400CE,26400.0,2026-02-10,412.9,
2026-01-07 13:27:21+05:30,NIFTY2621026400CE,26400.0,2026-02-10,412.9,
2026-01-07 13:27:22+05:30,NIFTY2621026400CE,26400.0,2026-02-10,412.9,
2026-01-07 13:27:23+05:30,NIFTY2621026400CE,26400.0,2026-02-10,412.9,
2026-01-07 13:27:24+05:30,NIFTY2621026400CE,26400.0,2026-02-10,412.9,
2026-01-07 13:27:25+05:30,NIFTY2621026400CE,26400.0,2026-02-10,412.9,
2026-01-07 13:27:26+05:30,NIFTY2621026400CE,26400.0,2026-02-10,412.9,
2026-01-07 13:27:27+05:30,NIFTY2621026400CE,26400.0,2026-02-10,412.9,
2026-01-07 13:27:28+05:30,NIFTY2621026400CE,26400.0,2026-02-10,412.9,
2026-01-07 13:27:29+05:30,NIFTY2621026400CE,26400.0,2026-02-10,412.9,
2026-01-07 13:27:30+05:30,NIFTY2621026400CE,26400.0,2026-02-10,412.9,
2026-01-07 13:27:31+05:30,NIFTY2621026400CE,26400.0,2026-02-10,412.9,
2026-01-07 13:27:32+05:30,NIFTY2621026400CE,26400.0,2026-02-10,412.9,
2026-01-07 13:27:33+05:30,NIFTY2621026400CE,26400.0,2026-02-10,412.9,
2026-01-07 13:27:34+05:30,NIFTY2621026400CE,26400.0,2026-02-10,412.9,
2026-01-07 13:27:35+05:30,NIFTY2621026400CE,26400.0,2026-02-10,412.9,
2026-01-07 13:27:36+05:30,NIFTY2621026400CE,26400.0,2026-02-10,412.9,
2026-01-07 13:27:37+05:30,NIFTY2621026400CE,26400.0,2026-02-10,412.9,
2026-01-07 13:27:38+05:30,NIFTY2621026400CE,26400.0,2026-02-10,412.9,
2026-01-07 13:27:39+05:30,NIFTY2621026400CE,26400.0,2026-02-10,412.9,
2026-01-07 13:27:40+05:30,NIFTY2621026400CE,26400.0,2026-02-10,412.9,
2026-01-07 13:27:41+05:30,NIFTY2621026400CE,26400.0,2026-02-10,412.9,
2026-01-07 13:27:42+05:30,NIFTY2621026400CE,26400.0,2026-02-10,412.9,
2026-01-07 13:27:43+05:30,NIFTY2621026400CE,26400.0,2026-02-10,412.9,
2026-01-07 13:27:44+05:30,NIFTY2621026400CE,26400.0,2026-02-10,412.9,
2026-01-07 13:27:45+05:30,NIFTY2621026400CE,26400.0,2026-02-10,412.9,
2026-01-07 13:27:46+05:30,NIFTY2621026400CE,26400.0,2026-02-10,412.9,
2026-01-07 13:27:47+05:30,NIFTY2621026400CE,26400.0,2026-02-10,412.9,
2026-01-07 13:27:48+05:30,NIFTY2621026400CE,26400.0,2026-02-10,412.9,
2026-01-07 13:27:49+05:30,NIFTY2621026400CE,26400.0,2026-02-10,412.9,
2026-01-07 13:27:50+05:30,NIFTY2621026400CE,26400.0,2026-02-10,412.9,
2026-01-07 13:27:51+05:30,NIFTY2621026400CE,26400.0,2026-02-10,412.9,
2026-01-07 13:27:52+05:30,NIFTY2621026400CE,26400.0,2026-02-10,412.9,
2026-01-07 13:27:53+05:30,NIFTY2621026400CE,26400.0,2026-02-10,412.9,
2026-01-07 13:27:54+05:30,NIFTY2621026400CE,26400.0,2026-02-10,412.9,
2026-01-07 13:27:55+05:30,NIFTY2621026400CE,26400.0,2026-02-10,412.9,
2026-01-07 13:27:56+05:30,NIFTY2621026400CE,26400.0,2026-02-10,412.9,
2026-01-07 13:27:57+05:30,NIFTY2621026400CE,26400.0,2026-02-10,412.9,
2026-01-07 13:27:58+05:30,NIFTY2621026400CE,26400.0,2026-02-10,412.9,
2026-01-07 13:27:59+05:30,NIFTY2621026400CE,26400.0,2026-02-10,412.9,
2026-01-07 13:28:00+05:30,NIFTY2621026400CE,26400.0,2026-02-10,412.9,
2026-01-07 13:28:01+05:30,NIFTY2621026400CE,26400.0,2026-02-10,412.9,
2026-01-07 13:28:02+05:30,NIFTY2621026400CE,26400.0,2026-02-10,412.9,
2026-01-07 13:28:03+05:30,NIFTY2621026400CE,26400.0,2026-02-10,412.9,
2026-01-07 13:28:04+05:30,NIFTY2621026400CE,26400.0,2026-02-10,412.9,
2026-01-07 13:28:05+05:30,NIFTY2621026400CE,26400.0,2026-02-10,412.9,
2026-01-07 13:28:06+05:30,NIFTY2621026400CE,26400.0,2026-02-10,412.9,
2026-01-07 13:28:07+05:30,NIFTY2621026400CE,26400.0,2026-02-10,412.9,
2026-01-07 13:28:08+05:30,NIFTY2621026400CE,26400.0,2026-02-10,412.9,
2026-01-07 13:28:09+05:30,NIFTY2621026400CE,26400.0,2026-02-10,412.9,
2026-01-07 13:28:10+05:30,NIFTY2621026400CE,26400.0,2026-02-10,412.9,
2026-01-07 13:28:11+05:30,NIFTY2621026400CE,26400.0,2026-02-10,412.9,
2026-01-07 13:28:12+05:30,NIFTY2621026400CE,26400.0,2026-02-10,412.9,
2026-01-07 13:28:13+05:30,NIFTY2621026400CE,26400.0,2026-02-10,412.9,
2026-01-07 13:28:14+05:30,NIFTY2621026400CE,26400.0,2026-02-10,412.9,
2026-01-07 13:28:15+05:30,NIFTY2621026400CE,26400.0,2026-02-10,412.9,
2026-01-07 13:28:16+05:30,NIFTY2621026400CE,26400.0,2026-02-10,412.9,
2026-01-07 13:28:17+05:30,NIFTY2621026400CE,26400.0,2026-02-10,412.9,
2026-01-07 13:28:18+05:30,NIFTY2621026400CE,26400.0,2026-02-10,412.9,
2026-01-07 13:28:19+05:30,NIFTY2621026400CE,26400.0,2026-02-10,412.9,
2026-01-07 13:28:20+05:30,NIFTY2621026400CE,26400.0,2026-02-10,412.9,
2026-01-07 13:28:21+05:30,NIFTY2621026400CE,26400.0,2026-02-10,412.9,
2026-01-07 13:28:22+05:30,NIFTY2621026400CE,26400.0,2026-02-10,412.9,
2026-01-07 13:28:23+05:30,NIFTY2621026400CE,26400.0,2026-02-10,412.9,
2026-01-07 13:28:24+05:30,NIFTY2621026400CE,26400.0,2026-02-10,412.9,
2026-01-07 13:28:25+05:30,NIFTY2621026400CE,26400.0,2026-02-10,412.9,
2026-01-07 13:28:26+05:30,NIFTY2621026400CE,26400.0,2026-02-10,412.9,
2026-01-07 13:28:27+05:30,NIFTY2621026400CE,26400.0,2026-02-10,412.9,
2026-01-07 13:28:28+05:30,NIFTY2621026400CE,26400.0,2026-02-10,412.9,
2026-01-07 13:28:29+05:30,NIFTY2621026400CE,26400.0,2026-02-10,412.9,
2026-01-07 13:28:30+05:30,NIFTY2621026400CE,26400.0,2026-02-10,412.9,
2026-01-07 13:28:31+05:30,NIFTY2621026400CE,26400.0,2026-02-10,412.9,
2026-01-07 13:28:32+05:30,NIFTY2621026400CE,26400.0,2026-02-10,412.9,
2026-01-07 13:28:33+05:30,NIFTY2621026400CE,26400.0,2026-02-10,412.9,
2026-01-07 13:28:34+05:30,NIFTY2621026400CE,26400.0,2026-02-10,412.9,
2026-01-07 13:28:35+05:30,NIFTY2621026400CE,26400.0,2026-02-10,412.9,
2026-01-07 13:28:36+05:30,NIFTY2621026400CE,26400.0,2026-02-10,412.9,
2026-01-07 13:28:37+05:30,NIFTY2621026400CE,26400.0,2026-02-10,412.9,
2026-01-07 13:28:38+05:30,NIFTY2621026400CE,26400.0,2026-02-10,412.9,
2026-01-07 13:28:39+05:30,NIFTY2621026400CE,26400.0,2026-02-10,412.9,
2026-01-07 13:28:40+05:30,NIFTY2621026400CE,26400.0,2026-02-10,412.9,
2026-01-07 13:28:41+05:30,NIFTY2621026400CE,26400.0,2026-02-10,412.9,
2026-01-07 13:28:42+05:30,NIFTY2621026400CE,26400.0,2026-02-10,412.9,
2026-01-07 13:28:43+05:30,NIFTY2621026400CE,26400.0,2026-02-10,412.9,
2026-01-07 13:28:44+05:30,NIFTY2621026400CE,26400.0,2026-02-10,412.9,
2026-01-07 13:28:45+05:30,NIFTY2621026400CE,26400.0,2026-02-10,412.9,
2026-01-07 13:28:46+05:30,NIFTY2621026400CE,26400.0,2026-02-10,412.9,
2026-01-07 13:28:47+05:30,NIFTY2621026400CE,26400.0,2026-02-10,412.9,
2026-01-07 13:28:48+05:30,NIFTY2621026400CE,26400.0,2026-02-10,412.9,
2026-01-07 13:28:49+05:30,NIFTY2621026400CE,26400.0,2026-02-10,412.9,
2026-01-07 13:28:50+05:30,NIFTY2621026400CE,26400.0,2026-02-10,412.9,
2026-01-07 13:28:51+05:30,NIFTY2621026400CE,26400.0,2026-02-10,412.9,
2026-01-07 13:28:52+05:30,NIFTY2621026400CE,26400.0,2026-02-10,412.9,
2026-01-07 13:28:53+05:30,NIFTY2621026400CE,26400.0,2026-02-10,412.9,
2026-01-07 13:28:54+05:30,NIFTY2621026400CE,26400.0,2026-02-10,412.9,
2026-01-07 13:28:55+05:30,NIFTY2621026400CE,26400.0,2026-02-10,412.9,
2026-01-07 13:28:56+05:30,NIFTY2621026400CE,26400.0,2026-02-10,412.9,
2026-01-07 13:28:57+05:30,NIFTY2621026400CE,26400.0,2026-02-10,412.9,
2026-01-07 13:28:58+05:30,NIFTY2621026400CE,26400.0,2026-02-10,412.9,
2026-01-07 13:28:59+05:30,NIFTY2621026400CE,26400.0,2026-02-10,412.9,
2026-01-07 13:29:00+05:30,NIFTY2621026400CE,26400.0,2026-02-10,412.9,
2026-01-07 13:29:01+05:30,NIFTY2621026400CE,26400.0,2026-02-10,412.9,
2026-01-07 13:29:02+05:30,NIFTY2621026400CE,26400.0,2026-02-10,412.9,
2026-01-07 13:29:03+05:30,NIFTY2621026400CE,26400.0,2026-02-10,412.9,
2026-01-07 13:29:04+05:30,NIFTY2621026400CE,26400.0,2026-02-10,412.9,
2026-01-07 13:29:05+05:30,NIFTY2621026400CE,26400.0,2026-02-10,412.9,
2026-01-07 13:29:06+05:30,NIFTY2621026400CE,26400.0,2026-02-10,412.9,
2026-01-07 13:29:07+05:30,NIFTY2621026400CE,26400.0,2026-02-10,412.9,
2026-01-07 13:29:08+05:30,NIFTY2621026400CE,26400.0,2026-02-10,412.9,
2026-01-07 13:29:09+05:30,NIFTY2621026400CE,26400.0,2026-02-10,412.9,
2026-01-07 13:29:10+05:30,NIFTY2621026400CE,26400.0,2026-02-10,412.9,
2026-01-07 13:29:11+05:30,NIFTY2621026400CE,26400.0,2026-02-10,412.9,
2026-01-07 13:29:12+05:30,NIFTY2621026400CE,26400.0,2026-02-10,412.9,
2026-01-07 13:29:13+05:30,NIFTY2621026400CE,26400.0,2026-02-10,412.9,
2026-01-07 13:29:14+05:30,NIFTY2621026400CE,26400.0,2026-02-10,412.9,
2026-01-07 13:29:15+05:30,NIFTY2621026400CE,26400.0,2026-02-10,412.9,
2026-01-07 13:29:16+05:30,NIFTY2621026400CE,26400.0,2026-02-10,412.9,
2026-01-07 13:29:17+05:30,NIFTY2621026400CE,26400.0,2026-02-10,412.9,
2026-01-07 13:29:18+05:30,NIFTY2621026400CE,26400.0,2026-02-10,412.9,
2026-01-07 13:29:19+05:30,NIFTY2621026400CE,26400.0,2026-02-10,412.9,
2026-01-07 13:29:20+05:30,NIFTY2621026400CE,26400.0,2026-02-10,412.9,
2026-01-07 13:29:21+05:30,NIFTY2621026400CE,26400.0,2026-02-10,412.9,
2026-01-07 13:29:22+05:30,NIFTY2621026400CE,26400.0,2026-02-10,412.9,
2026-01-07 13:29:23+05:30,NIFTY2621026400CE,26400.0,2026-02-10,412.9,
2026-01-07 13:29:24+05:30,NIFTY2621026400CE,26400.0,2026-02-10,412.9,
2026-01-07 13:29:25+05:30,NIFTY2621026400CE,26400.0,2026-02-10,412.9,
2026-01-07 13:29:26+05:30,NIFTY2621026400CE,26400.0,2026-02-10,412.9,
2026-01-07 13:29:27+05:30,NIFTY2621026400CE,26400.0,2026-02-10,412.9,
2026-01-07 13:29:28+05:30,NIFTY2621026400CE,26400.0,2026-02-10,412.9,
2026-01-07 13:29:29+05:30,NIFTY2621026400CE,26400.0,2026-02-10,412.9,
2026-01-07 13:29:30+05:30,NIFTY2621026400CE,26400.0,2026-02-10,412.9,
2026-01-07 13:29:31+05:30,NIFTY2621026400CE,26400.0,2026-02-10,412.9,
2026-01-07 13:29:32+05:30,NIFTY2621026400CE,26400.0,2026-02-10,412.9,
2026-01-07 13:29:33+05:30,NIFTY2621026400CE,26400.0,2026-02-10,412.9,
2026-01-07 13:29:34+05:30,NIFTY2621026400CE,26400.0,2026-02-10,412.9,
2026-01-07 13:29:35+05:30,NIFTY2621026400CE,26400.0,2026-02-10,412.9,
2026-01-07 13:29:36+05:30,NIFTY2621026400CE,26400.0,2026-02-10,412.9,
2026-01-07 13:29:37+05:30,NIFTY2621026400CE,26400.0,2026-02-10,412.9,
2026-01-07 13:29:38+05:30,NIFTY2621026400CE,26400.0,2026-02-10,412.9,
2026-01-07 13:29:39+05:30,NIFTY2621026400CE,26400.0,2026-02-10,412.9,
2026-01-07 13:29:40+05:30,NIFTY2621026400CE,26400.0,2026-02-10,412.9,
2026-01-07 13:29:41+05:30,NIFTY2621026400CE,26400.0,2026-02-10,412.9,
2026-01-07 13:29:42+05:30,NIFTY2621026400CE,26400.0,2026-02-10,412.9,
2026-01-07 13:29:43+05:30,NIFTY2621026400CE,26400.0,2026-02-10,412.9,
2026-01-07 13:29:44+05:30,NIFTY2621026400CE,26400.0,2026-02-10,412.9,
2026-01-07 13:29:45+05:30,NIFTY2621026400CE,26400.0,2026-02-10,412.9,
2026-01-07 13:29:46+05:30,NIFTY2621026400CE,26400.0,2026-02-10,412.9,
2026-01-07 13:29:47+05:30,NIFTY2621026400CE,26400.0,2026-02-10,412.9,
2026-01-07 13:29:48+05:30,NIFTY2621026400CE,26400.0,2026-02-10,412.9,
2026-01-07 13:29:49+05:30,NIFTY2621026400CE,26400.0,2026-02-10,412.9,
2026-01-07 13:29:50+05:30,NIFTY2621026400CE,26400.0,2026-02-10,412.9,
2026-01-07 13:29:51+05:30,NIFTY2621026400CE,26400.0,2026-02-10,412.9,
2026-01-07 13:29:52+05:30,NIFTY2621026400CE,26400.0,2026-02-10,412.9,
2026-01-07 13:29:53+05:30,NIFTY2621026400CE,26400.0,2026-02-10,412.9,
2026-01-07 13:29:54+05:30,NIFTY2621026400CE,26400.0,2026-02-10,412.9,
2026-01-07 13:29:55+05:30,NIFTY2621026400CE,26400.0,2026-02-10,412.9,
2026-01-07 13:29:56+05:30,NIFTY2621026400CE,26400.0,2026-02-10,412.9,
2026-01-07 13:29:57+05:30,NIFTY2621026400CE,26400.0,2026-02-10,412.9,
2026-01-07 13:29:58+05:30,NIFTY2621026400CE,26400.0,2026-02-10,412.9,
2026-01-07 13:29:59+05:30,NIFTY2621026400CE,26400.0,2026-02-10,412.9,
2026-01-07 13:30:00+05:30,NIFTY2621026400CE,26400.0,2026-02-10,412.9,
2026-01-07 13:30:01+05:30,NIFTY2621026400CE,26400.0,2026-02-10,412.9,
2026-01-07 13:30:02+05:30,NIFTY2621026400CE,26400.0,2026-02-10,412.9,
2026-01-07 13:30:03+05:30,NIFTY2621026400CE,26400.0,2026-02-10,412.9,
2026-01-07 13:30:04+05:30,NIFTY2621026400CE,26400.0,2026-02-10,412.9,
2026-01-07 13:30:05+05:30,NIFTY2621026400CE,26400.0,2026-02-10,412.9,
2026-01-07 13:30:06+05:30,NIFTY2621026400CE,26400.0,2026-02-10,412.9,
2026-01-07 13:30:07+05:30,NIFTY2621026400CE,26400.0,2026-02-10,412.9,
2026-01-07 13:30:08+05:30,NIFTY2621026400CE,26400.0,2026-02-10,412.9,
2026-01-07 13:30:09+05:30,NIFTY2621026400CE,26400.0,2026-02-10,412.9,
2026-01-07 13:30:10+05:30,NIFTY2621026400CE,26400.0,2026-02-10,412.9,
2026-01-07 13:30:11+05:30,NIFTY2621026400CE,26400.0,2026-02-10,412.9,
2026-01-07 13:30:12+05:30,NIFTY2621026400CE,26400.0,2026-02-10,412.9,
2026-01-07 13:30:13+05:30,NIFTY2621026400CE,26400.0,2026-02-10,412.9,
2026-01-07 13:30:14+05:30,NIFTY2621026400CE,26400.0,2026-02-10,412.9,
2026-01-07 13:30:15+05:30,NIFTY2621026400CE,26400.0,2026-02-10,412.9,
2026-01-07 13:30:16+05:30,NIFTY2621026400CE,26400.0,2026-02-10,412.9,
2026-01-07 13:30:17+05:30,NIFTY2621026400CE,26400.0,2026-02-10,412.9,
2026-01-07 13:30:18+05:30,NIFTY2621026400CE,26400.0,2026-02-10,412.9,
2026-01-07 13:30:19+05:30,NIFTY2621026400CE,26400.0,2026-02-10,412.9,
2026-01-07 13:30:20+05:30,NIFTY2621026400CE,26400.0,2026-02-10,412.9,
2026-01-07 13:30:21+05:30,NIFTY2621026400CE,26400.0,2026-02-10,412.9,
2026-01-07 13:30:22+05:30,NIFTY2621026400CE,26400.0,2026-02-10,412.9,
2026-01-07 13:30:23+05:30,NIFTY2621026400CE,26400.0,2026-02-10,412.9,
2026-01-07 13:30:24+05:30,NIFTY2621026400CE,26400.0,2026-02-10,412.9,
2026-01-07 13:30:25+05:30,NIFTY2621026400CE,26400.0,2026-02-10,412.9,
2026-01-07 13:30:26+05:30,NIFTY2621026400CE,26400.0,2026-02-10,412.9,
2026-01-07 13:30:27+05:30,NIFTY2621026400CE,26400.0,2026-02-10,412.9,
2026-01-07 13:30:28+05:30,NIFTY2621026400CE,26400.0,2026-02-10,412.9,
2026-01-07 13:30:29+05:30,NIFTY2621026400CE,26400.0,2026-02-10,412.9,
2026-01-07 13:30:30+05:30,NIFTY2621026400CE,26400.0,2026-02-10,412.9,
2026-01-07 13:30:31+05:30,NIFTY2621026400CE,26400.0,2026-02-10,412.9,
2026-01-07 13:30:32+05:30,NIFTY2621026400CE,26400.0,2026-02-10,412.9,
2026-01-07 13:30:33+05:30,NIFTY2621026400CE,26400.0,2026-02-10,412.9,
2026-01-07 13:30:34+05:30,NIFTY2621026400CE,26400.0,2026-02-10,412.9,
2026-01-07 13:30:35+05:30,NIFTY2621026400CE,26400.0,2026-02-10,412.9,
2026-01-07 13:30:36+05:30,NIFTY2621026400CE,26400.0,2026-02-10,412.9,
2026-01-07 13:30:37+05:30,NIFTY2621026400CE,26400.0,2026-02-10,412.9,
2026-01-07 13:30:38+05:30,NIFTY2621026400CE,26400.0,2026-02-10,412.9,
2026-01-07 13:30:39+05:30,NIFTY2621026400CE,26400.0,2026-02-10,412.9,
2026-01-07 13:30:40+05:30,NIFTY2621026400CE,26400.0,2026-02-10,412.9,
2026-01-07 13:30:41+05:30,NIFTY2621026400CE,26400.0,2026-02-10,412.9,
2026-01-07 13:30:42+05:30,NIFTY2621026400CE,26400.0,2026-02-10,412.9,
2026-01-07 13:30:43+05:30,NIFTY2621026400CE,26400.0,2026-02-10,412.9,
2026-01-07 13:30:44+05:30,NIFTY2621026400CE,26400.0,2026-02-10,412.9,
2026-01-07 13:30:45+05:30,NIFTY2621026400CE,26400.0,2026-02-10,412.9,
2026-01-07 13:30:46+05:30,NIFTY2621026400CE,26400.0,2026-02-10,412.9,
2026-01-07 13:30:47+05:30,NIFTY2621026400CE,26400.0,2026-02-10,412.9,
2026-01-07 13:30:48+05:30,NIFTY2621026400CE,26400.0,2026-02-10,412.9,
2026-01-07 13:30:49+05:30,NIFTY2621026400CE,26400.0,2026-02-10,412.9,
2026-01-07 13:30:50+05:30,NIFTY2621026400CE,26400.0,2026-02-10,412.9,
2026-01-07 13:30:51+05:30,NIFTY2621026400CE,26400.0,2026-02-10,412.9,
2026-01-07 13:30:52+05:30,NIFTY2621026400CE,26400.0,2026-02-10,412.9,
2026-01-07 13:30:53+05:30,NIFTY2621026400CE,26400.0,2026-02-10,412.9,
2026-01-07 13:30:54+05:30,NIFTY2621026400CE,26400.0,2026-02-10,412.9,
2026-01-07 13:30:55+05:30,NIFTY2621026400CE,26400.0,2026-02-10,412.9,
2026-01-07 13:30:56+05:30,NIFTY2621026400CE,26400.0,2026-02-10,412.9,
2026-01-07 13:30:57+05:30,NIFTY2621026400CE,26400.0,2026-02-10,412.9,
2026-01-07 13:30:58+05:30,NIFTY2621026400CE,26400.0,2026-02-10,412.9,
2026-01-07 13:30:59+05:30,NIFTY2621026400CE,26400.0,2026-02-10,412.9,
2026-01-07 13:31:00+05:30,NIFTY2621026400CE,26400.0,2026-02-10,412.9,
2026-01-07 13:31:01+05:30,NIFTY2621026400CE,26400.0,2026-02-10,412.9,
2026-01-07 13:31:02+05:30,NIFTY2621026400CE,26400.0,2026-02-10,412.9,
2026-01-07 13:31:03+05:30,NIFTY2621026400CE,26400.0,2026-02-10,412.9,
2026-01-07 13:31:04+05:30,NIFTY2621026400CE,26400.0,2026-02-10,412.9,
2026-01-07 13:31:05+05:30,NIFTY2621026400CE,26400.0,2026-02-10,412.9,
2026-01-07 13:31:06+05:30,NIFTY2621026400CE,26400.0,2026-02-10,412.9,
2026-01-07 13:31:07+05:30,NIFTY2621026400CE,26400.0,2026-02-10,412.9,
2026-01-07 13:31:08+05:30,NIFTY2621026400CE,26400.0,2026-02-10,412.9,
2026-01-07 13:31:09+05:30,NIFTY2621026400CE,26400.0,2026-02-10,412.9,
2026-01-07 13:31:10+05:30,NIFTY2621026400CE,26400.0,2026-02-10,412.9,
2026-01-07 13:31:11+05:30,NIFTY2621026400CE,26400.0,2026-02-10,412.9,
2026-01-07 13:31:12+05:30,NIFTY2621026400CE,26400.0,2026-02-10,412.9,
2026-01-07 13:31:13+05:30,NIFTY2621026400CE,26400.0,2026-02-10,412.9,
2026-01-07 13:31:14+05:30,NIFTY2621026400CE,26400.0,2026-02-10,412.9,
2026-01-07 13:31:15+05:30,NIFTY2621026400CE,26400.0,2026-02-10,412.9,
2026-01-07 13:31:16+05:30,NIFTY2621026400CE,26400.0,2026-02-10,412.9,
2026-01-07 13:31:17+05:30,NIFTY2621026400CE,26400.0,2026-02-10,412.9,
2026-01-07 13:31:18+05:30,NIFTY2621026400CE,26400.0,2026-02-10,412.9,
2026-01-07 13:31:19+05:30,NIFTY2621026400CE,26400.0,2026-02-10,412.9,
2026-01-07 13:31:20+05:30,NIFTY2621026400CE,26400.0,2026-02-10,412.9,
2026-01-07 13:31:21+05:30,NIFTY2621026400CE,26400.0,2026-02-10,412.9,
2026-01-07 13:31:22+05:30,NIFTY2621026400CE,26400.0,2026-02-10,412.9,
2026-01-07 13:31:23+05:30,NIFTY2621026400CE,26400.0,2026-02-10,412.9,
2026-01-07 13:31:24+05:30,NIFTY2621026400CE,26400.0,2026-02-10,412.9,
2026-01-07 13:31:25+05:30,NIFTY2621026400CE,26400.0,2026-02-10,412.9,
2026-01-07 13:31:26+05:30,NIFTY2621026400CE,26400.0,2026-02-10,412.9,
2026-01-07 13:31:27+05:30,NIFTY2621026400CE,26400.0,2026-02-10,412.9,
2026-01-07 13:31:28+05:30,NIFTY2621026400CE,26400.0,2026-02-10,412.9,
2026-01-07 13:31:29+05:30,NIFTY2621026400CE,26400.0,2026-02-10,412.9,
2026-01-07 13:31:30+05:30,NIFTY2621026400CE,26400.0,2026-02-10,412.9,
2026-01-07 13:31:31+05:30,NIFTY2621026400CE,26400.0,2026-02-10,412.9,
2026-01-07 13:31:32+05:30,NIFTY2621026400CE,26400.0,2026-02-10,412.9,
2026-01-07 13:31:33+05:30,NIFTY2621026400CE,26400.0,2026-02-10,412.9,
2026-01-07 13:31:34+05:30,NIFTY2621026400CE,26400.0,2026-02-10,412.9,
2026-01-07 13:31:35+05:30,NIFTY2621026400CE,26400.0,2026-02-10,412.9,
2026-01-07 13:31:36+05:30,NIFTY2621026400CE,26400.0,2026-02-10,412.9,
2026-01-07 13:31:37+05:30,NIFTY2621026400CE,26400.0,2026-02-10,412.9,
2026-01-07 13:31:38+05:30,NIFTY2621026400CE,26400.0,2026-02-10,412.9,
2026-01-07 13:31:39+05:30,NIFTY2621026400CE,26400.0,2026-02-10,412.9,
2026-01-07 13:31:40+05:30,NIFTY2621026400CE,26400.0,2026-02-10,412.9,
2026-01-07 13:31:41+05:30,NIFTY2621026400CE,26400.0,2026-02-10,412.9,
2026-01-07 13:31:42+05:30,NIFTY2621026400CE,26400.0,2026-02-10,412.9,
2026-01-07 13:31:43+05:30,NIFTY2621026400CE,26400.0,2026-02-10,412.9,
2026-01-07 13:31:44+05:30,NIFTY2621026400CE,26400.0,2026-02-10,412.9,
2026-01-07 13:31:45+05:30,NIFTY2621026400CE,26400.0,2026-02-10,412.9,
2026-01-07 13:31:46+05:30,NIFTY2621026400CE,26400.0,2026-02-10,412.9,
2026-01-07 13:31:47+05:30,NIFTY2621026400CE,26400.0,2026-02-10,412.9,
2026-01-07 13:31:48+05:30,NIFTY2621026400CE,26400.0,2026-02-10,412.9,
2026-01-07 13:31:49+05:30,NIFTY2621026400CE,26400.0,2026-02-10,412.9,
2026-01-07 13:31:50+05:30,NIFTY2621026400CE,26400.0,2026-02-10,412.9,
2026-01-07 13:31:51+05:30,NIFTY2621026400CE,26400.0,2026-02-10,412.9,
2026-01-07 13:31:52+05:30,NIFTY2621026400CE,26400.0,2026-02-10,412.9,
2026-01-07 13:31:53+05:30,NIFTY2621026400CE,26400.0,2026-02-10,412.9,
2026-01-07 13:31:54+05:30,NIFTY2621026400CE,26400.0,2026-02-10,412.9,
2026-01-07 13:31:55+05:30,NIFTY2621026400CE,26400.0,2026-02-10,412.9,
2026-01-07 13:31:56+05:30,NIFTY2621026400CE,26400.0,2026-02-10,412.9,
2026-01-07 13:31:57+05:30,NIFTY2621026400CE,26400.0,2026-02-10,412.9,
2026-01-07 13:31:58+05:30,NIFTY2621026400CE,26400.0,2026-02-10,412.9,
2026-01-07 13:31:59+05:30,NIFTY2621026400CE,26400.0,2026-02-10,412.9,
2026-01-07 13:32:00+05:30,NIFTY2621026400CE,26400.0,2026-02-10,412.9,
2026-01-07 13:32:01+05:30,NIFTY2621026400CE,26400.0,2026-02-10,412.9,
2026-01-07 13:32:02+05:30,NIFTY2621026400CE,26400.0,2026-02-10,412.9,
2026-01-07 13:32:03+05:30,NIFTY2621026400CE,26400.0,2026-02-10,412.9,
2026-01-07 13:32:04+05:30,NIFTY2621026400CE,26400.0,2026-02-10,412.9,
2026-01-07 13:32:05+05:30,NIFTY2621026400CE,26400.0,2026-02-10,412.9,
2026-01-07 13:32:06+05:30,NIFTY2621026400CE,26400.0,2026-02-10,412.9,
2026-01-07 13:32:07+05:30,NIFTY2621026400CE,26400.0,2026-02-10,412.9,
2026-01-07 13:32:08+05:30,NIFTY2621026400CE,26400.0,2026-02-10,412.9,
2026-01-07 13:32:09+05:30,NIFTY2621026400CE,26400.0,2026-02-10,412.9,
2026-01-07 13:32:10+05:30,NIFTY2621026400CE,26400.0,2026-02-10,412.9,
2026-01-07 13:32:11+05:30,NIFTY2621026400CE,26400.0,2026-02-10,412.9,
2026-01-07 13:32:12+05:30,NIFTY2621026400CE,26400.0,2026-02-10,412.9,
2026-01-07 13:32:13+05:30,NIFTY2621026400CE,26400.0,2026-02-10,412.9,
2026-01-07 13:32:14+05:30,NIFTY2621026400CE,26400.0,2026-02-10,412.9,
2026-01-07 13:32:15+05:30,NIFTY2621026400CE,26400.0,2026-02-10,412.9,
2026-01-07 13:32:16+05:30,NIFTY2621026400CE,26400.0,2026-02-10,412.9,
2026-01-07 13:32:17+05:30,NIFTY2621026400CE,26400.0,2026-02-10,412.9,
2026-01-07 13:32:18+05:30,NIFTY2621026400CE,26400.0,2026-02-10,412.9,
2026-01-07 13:32:19+05:30,NIFTY2621026400CE,26400.0,2026-02-10,412.9,
2026-01-07 13:32:20+05:30,NIFTY2621026400CE,26400.0,2026-02-10,412.9,
2026-01-07 13:32:21+05:30,NIFTY2621026400CE,26400.0,2026-02-10,412.9,
2026-01-07 13:32:22+05:30,NIFTY2621026400CE,26400.0,2026-02-10,412.9,
2026-01-07 13:32:23+05:30,NIFTY2621026400CE,26400.0,2026-02-10,412.9,
2026-01-07 13:32:24+05:30,NIFTY2621026400CE,26400.0,2026-02-10,412.9,
2026-01-07 13:32:25+05:30,NIFTY2621026400CE,26400.0,2026-02-10,412.9,
2026-01-07 13:32:26+05:30,NIFTY2621026400CE,26400.0,2026-02-10,412.9,
2026-01-07 13:32:27+05:30,NIFTY2621026400CE,26400.0,2026-02-10,412.9,
2026-01-07 13:32:28+05:30,NIFTY2621026400CE,26400.0,2026-02-10,412.9,
2026-01-07 13:32:29+05:30,NIFTY2621026400CE,26400.0,2026-02-10,412.9,
2026-01-07 13:32:30+05:30,NIFTY2621026400CE,26400.0,2026-02-10,412.9,
2026-01-07 13:32:31+05:30,NIFTY2621026400CE,26400.0,2026-02-10,412.9,
2026-01-07 13:32:32+05:30,NIFTY2621026400CE,26400.0,2026-02-10,412.9,
2026-01-07 13:32:33+05:30,NIFTY2621026400CE,26400.0,2026-02-10,412.9,
2026-01-07 13:32:34+05:30,NIFTY2621026400CE,26400.0,2026-02-10,412.9,
2026-01-07 13:32:35+05:30,NIFTY2621026400CE,26400.0,2026-02-10,412.9,
2026-01-07 13:32:36+05:30,NIFTY2621026400CE,26400.0,2026-02-10,412.9,
2026-01-07 13:32:37+05:30,NIFTY2621026400CE,26400.0,2026-02-10,412.9,
2026-01-07 13:32:38+05:30,NIFTY2621026400CE,26400.0,2026-02-10,412.9,
2026-01-07 13:32:39+05:30,NIFTY2621026400CE,26400.0,2026-02-10,412.9,
2026-01-07 13:32:40+05:30,NIFTY2621026400CE,26400.0,2026-02-10,412.9,
2026-01-07 13:32:41+05:30,NIFTY2621026400CE,26400.0,2026-02-10,412.9,
2026-01-07 13:32:42+05:30,NIFTY2621026400CE,26400.0,2026-02-10,412.9,
2026-01-07 13:32:43+05:30,NIFTY2621026400CE,26400.0,2026-02-10,412.9,
2026-01-07 13:32:44+05:30,NIFTY2621026400CE,26400.0,2026-02-10,412.9,
2026-01-07 13:32:45+05:30,NIFTY2621026400CE,26400.0,2026-02-10,412.9,
2026-01-07 13:32:46+05:30,NIFTY2621026400CE,26400.0,2026-02-10,412.9,
2026-01-07 13:32:47+05:30,NIFTY2621026400CE,26400.0,2026-02-10,412.9,
2026-01-07 13:32:48+05:30,NIFTY2621026400CE,26400.0,2026-02-10,412.9,
2026-01-07 13:32:49+05:30,NIFTY2621026400CE,26400.0,2026-02-10,412.9,
2026-01-07 13:32:50+05:30,NIFTY2621026400CE,26400.0,2026-02-10,412.9,
2026-01-07 13:32:51+05:30,NIFTY2621026400CE,26400.0,2026-02-10,412.9,
2026-01-07 13:32:52+05:30,NIFTY2621026400CE,26400.0,2026-02-10,412.9,
2026-01-07 13:32:53+05:30,NIFTY2621026400CE,26400.0,2026-02-10,412.9,
2026-01-07 13:32:54+05:30,NIFTY2621026400CE,26400.0,2026-02-10,412.9,
2026-01-07 13:32:55+05:30,NIFTY2621026400CE,26400.0,2026-02-10,412.9,
2026-01-07 13:32:56+05:30,NIFTY2621026400CE,26400.0,2026-02-10,412.9,
2026-01-07 13:32:57+05:30,NIFTY2621026400CE,26400.0,2026-02-10,412.9,
2026-01-07 13:32:58+05:30,NIFTY2621026400CE,26400.0,2026-02-10,412.9,
2026-01-07 13:32:59+05:30,NIFTY2621026400CE,26400.0,2026-02-10,412.9,
2026-01-07 13:33:00+05:30,NIFTY2621026400CE,26400.0,2026-02-10,412.9,
2026-01-07 13:33:01+05:30,NIFTY2621026400CE,26400.0,2026-02-10,412.9,
2026-01-07 13:33:02+05:30,NIFTY2621026400CE,26400.0,2026-02-10,412.9,
2026-01-07 13:33:03+05:30,NIFTY2621026400CE,26400.0,2026-02-10,412.9,
2026-01-07 13:33:04+05:30,NIFTY2621026400CE,26400.0,2026-02-10,412.9,
2026-01-07 13:33:05+05:30,NIFTY2621026400CE,26400.0,2026-02-10,412.9,
2026-01-07 13:33:06+05:30,NIFTY2621026400CE,26400.0,2026-02-10,412.9,
2026-01-07 13:33:07+05:30,NIFTY2621026400CE,26400.0,2026-02-10,412.9,
2026-01-07 13:33:08+05:30,NIFTY2621026400CE,26400.0,2026-02-10,412.9,
2026-01-07 13:33:09+05:30,NIFTY2621026400CE,26400.0,2026-02-10,412.9,
2026-01-07 13:33:10+05:30,NIFTY2621026400CE,26400.0,2026-02-10,412.9,
2026-01-07 13:33:11+05:30,NIFTY2621026400CE,26400.0,2026-02-10,412.9,
2026-01-07 13:33:12+05:30,NIFTY2621026400CE,26400.0,2026-02-10,412.9,
2026-01-07 13:33:13+05:30,NIFTY2621026400CE,26400.0,2026-02-10,412.9,
2026-01-07 13:33:14+05:30,NIFTY2621026400CE,26400.0,2026-02-10,412.9,
2026-01-07 13:33:15+05:30,NIFTY2621026400CE,26400.0,2026-02-10,412.9,
2026-01-07 13:33:16+05:30,NIFTY2621026400CE,26400.0,2026-02-10,412.9,
2026-01-07 13:33:17+05:30,NIFTY2621026400CE,26400.0,2026-02-10,412.9,
2026-01-07 13:33:18+05:30,NIFTY2621026400CE,26400.0,2026-02-10,412.9,
2026-01-07 13:33:19+05:30,NIFTY2621026400CE,26400.0,2026-02-10,412.9,
2026-01-07 13:33:20+05:30,NIFTY2621026400CE,26400.0,2026-02-10,412.9,
2026-01-07 13:33:21+05:30,NIFTY2621026400CE,26400.0,2026-02-10,412.9,
2026-01-07 13:33:22+05:30,NIFTY2621026400CE,26400.0,2026-02-10,412.9,
2026-01-07 13:33:23+05:30,NIFTY2621026400CE,26400.0,2026-02-10,412.9,
2026-01-07 13:33:24+05:30,NIFTY2621026400CE,26400.0,2026-02-10,412.9,
2026-01-07 13:33:25+05:30,NIFTY2621026400CE,26400.0,2026-02-10,412.9,
2026-01-07 13:33:26+05:30,NIFTY2621026400CE,26400.0,2026-02-10,412.9,
2026-01-07 13:33:27+05:30,NIFTY2621026400CE,26400.0,2026-02-10,412.9,
2026-01-07 13:33:28+05:30,NIFTY2621026400CE,26400.0,2026-02-10,412.9,
2026-01-07 13:33:29+05:30,NIFTY2621026400CE,26400.0,2026-02-10,412.9,
2026-01-07 13:33:30+05:30,NIFTY2621026400CE,26400.0,2026-02-10,412.9,
2026-01-07 13:33:31+05:30,NIFTY2621026400CE,26400.0,2026-02-10,412.9,
2026-01-07 13:33:32+05:30,NIFTY2621026400CE,26400.0,2026-02-10,412.9,
2026-01-07 13:33:33+05:30,NIFTY2621026400CE,26400.0,2026-02-10,412.9,
2026-01-07 13:33:34+05:30,NIFTY2621026400CE,26400.0,2026-02-10,412.9,
2026-01-07 13:33:35+05:30,NIFTY2621026400CE,26400.0,2026-02-10,412.9,
2026-01-07 13:33:36+05:30,NIFTY2621026400CE,26400.0,2026-02-10,412.9,
2026-01-07 13:33:37+05:30,NIFTY2621026400CE,26400.0,2026-02-10,412.9,
2026-01-07 13:33:38+05:30,NIFTY2621026400CE,26400.0,2026-02-10,412.9,
2026-01-07 13:33:39+05:30,NIFTY2621026400CE,26400.0,2026-02-10,412.9,
2026-01-07 13:33:40+05:30,NIFTY2621026400CE,26400.0,2026-02-10,412.9,
2026-01-07 13:33:41+05:30,NIFTY2621026400CE,26400.0,2026-02-10,412.9,
2026-01-07 13:33:42+05:30,NIFTY2621026400CE,26400.0,2026-02-10,412.9,
2026-01-07 13:33:43+05:30,NIFTY2621026400CE,26400.0,2026-02-10,412.9,
2026-01-07 13:33:44+05:30,NIFTY2621026400CE,26400.0,2026-02-10,412.9,
2026-01-07 13:33:45+05:30,NIFTY2621026400CE,26400.0,2026-02-10,412.9,
2026-01-07 13:33:46+05:30,NIFTY2621026400CE,26400.0,2026-02-10,412.9,
2026-01-07 13:33:47+05:30,NIFTY2621026400CE,26400.0,2026-02-10,412.9,
2026-01-07 13:33:48+05:30,NIFTY2621026400CE,26400.0,2026-02-10,412.9,
2026-01-07 13:33:49+05:30,NIFTY2621026400CE,26400.0,2026-02-10,412.9,
2026-01-07 13:33:50+05:30,NIFTY2621026400CE,26400.0,2026-02-10,412.9,
2026-01-07 13:33:51+05:30,NIFTY2621026400CE,26400.0,2026-02-10,412.9,
2026-01-07 13:33:52+05:30,NIFTY2621026400CE,26400.0,2026-02-10,412.9,
2026-01-07 13:33:53+05:30,NIFTY2621026400CE,26400.0,2026-02-10,412.9,
2026-01-07 13:33:54+05:30,NIFTY2621026400CE,26400.0,2026-02-10,412.9,
2026-01-07 13:33:55+05:30,NIFTY2621026400CE,26400.0,2026-02-10,412.9,
2026-01-07 13:33:56+05:30,NIFTY2621026400CE,26400.0,2026-02-10,412.9,
2026-01-07 13:33:57+05:30,NIFTY2621026400CE,26400.0,2026-02-10,412.9,
2026-01-07 13:33:58+05:30,NIFTY2621026400CE,26400.0,2026-02-10,412.9,
2026-01-07 13:33:59+05:30,NIFTY2621026400CE,26400.0,2026-02-10,412.9,
2026-01-07 13:34:00+05:30,NIFTY2621026400CE,26400.0,2026-02-10,412.9,
2026-01-07 13:34:01+05:30,NIFTY2621026400CE,26400.0,2026-02-10,412.9,
2026-01-07 13:34:02+05:30,NIFTY2621026400CE,26400.0,2026-02-10,412.9,
2026-01-07 13:34:03+05:30,NIFTY2621026400CE,26400.0,2026-02-10,412.9,
2026-01-07 13:34:04+05:30,NIFTY2621026400CE,26400.0,2026-02-10,412.9,
2026-01-07 13:34:05+05:30,NIFTY2621026400CE,26400.0,2026-02-10,412.9,
2026-01-07 13:34:06+05:30,NIFTY2621026400CE,26400.0,2026-02-10,412.9,
2026-01-07 13:34:07+05:30,NIFTY2621026400CE,26400.0,2026-02-10,412.9,
2026-01-07 13:34:08+05:30,NIFTY2621026400CE,26400.0,2026-02-10,412.9,
2026-01-07 13:34:09+05:30,NIFTY2621026400CE,26400.0,2026-02-10,412.9,
2026-01-07 13:34:10+05:30,NIFTY2621026400CE,26400.0,2026-02-10,412.9,
2026-01-07 13:34:11+05:30,NIFTY2621026400CE,26400.0,2026-02-10,412.9,
2026-01-07 13:34:12+05:30,NIFTY2621026400CE,26400.0,2026-02-10,412.9,
2026-01-07 13:34:13+05:30,NIFTY2621026400CE,26400.0,2026-02-10,412.9,
2026-01-07 13:34:14+05:30,NIFTY2621026400CE,26400.0,2026-02-10,412.9,
2026-01-07 13:34:15+05:30,NIFTY2621026400CE,26400.0,2026-02-10,412.9,
2026-01-07 13:34:16+05:30,NIFTY2621026400CE,26400.0,2026-02-10,412.9,
2026-01-07 13:34:17+05:30,NIFTY2621026400CE,26400.0,2026-02-10,412.9,
2026-01-07 13:34:18+05:30,NIFTY2621026400CE,26400.0,2026-02-10,412.9,
2026-01-07 13:34:19+05:30,NIFTY2621026400CE,26400.0,2026-02-10,412.9,
2026-01-07 13:34:20+05:30,NIFTY2621026400CE,26400.0,2026-02-10,412.9,
2026-01-07 13:34:21+05:30,NIFTY2621026400CE,26400.0,2026-02-10,412.9,
2026-01-07 13:34:22+05:30,NIFTY2621026400CE,26400.0,2026-02-10,412.9,
2026-01-07 13:34:23+05:30,NIFTY2621026400CE,26400.0,2026-02-10,412.9,
2026-01-07 13:34:24+05:30,NIFTY2621026400CE,26400.0,2026-02-10,412.9,
2026-01-07 13:34:25+05:30,NIFTY2621026400CE,26400.0,2026-02-10,412.9,
2026-01-07 13:34:26+05:30,NIFTY2621026400CE,26400.0,2026-02-10,412.9,
2026-01-07 13:34:27+05:30,NIFTY2621026400CE,26400.0,2026-02-10,412.9,
2026-01-07 13:34:28+05:30,NIFTY2621026400CE,26400.0,2026-02-10,412.9,
2026-01-07 13:34:29+05:30,NIFTY2621026400CE,26400.0,2026-02-10,412.9,
2026-01-07 13:34:30+05:30,NIFTY2621026400CE,26400.0,2026-02-10,412.9,
2026-01-07 13:34:31+05:30,NIFTY2621026400CE,26400.0,2026-02-10,412.9,
2026-01-07 13:34:32+05:30,NIFTY2621026400CE,26400.0,2026-02-10,412.9,
2026-01-07 13:34:33+05:30,NIFTY2621026400CE,26400.0,2026-02-10,412.9,
2026-01-07 13:34:34+05:30,NIFTY2621026400CE,26400.0,2026-02-10,412.9,
2026-01-07 13:34:35+05:30,NIFTY2621026400CE,26400.0,2026-02-10,412.9,
2026-01-07 13:34:36+05:30,NIFTY2621026400CE,26400.0,2026-02-10,412.9,
2026-01-07 13:34:37+05:30,NIFTY2621026400CE,26400.0,2026-02-10,412.9,
2026-01-07 13:34:38+05:30,NIFTY2621026400CE,26400.0,2026-02-10,412.9,
2026-01-07 13:34:39+05:30,NIFTY2621026400CE,26400.0,2026-02-10,412.9,
2026-01-07 13:34:40+05:30,NIFTY2621026400CE,26400.0,2026-02-10,412.9,
2026-01-07 13:34:41+05:30,NIFTY2621026400CE,26400.0,2026-02-10,412.9,
2026-01-07 13:34:42+05:30,NIFTY2621026400CE,26400.0,2026-02-10,412.9,
2026-01-07 13:34:43+05:30,NIFTY2621026400CE,26400.0,2026-02-10,412.9,
2026-01-07 13:34:44+05:30,NIFTY2621026400CE,26400.0,2026-02-10,412.9,
2026-01-07 13:34:45+05:30,NIFTY2621026400CE,26400.0,2026-02-10,412.9,
2026-01-07 13:34:46+05:30,NIFTY2621026400CE,26400.0,2026-02-10,412.9,
2026-01-07 13:34:47+05:30,NIFTY2621026400CE,26400.0,2026-02-10,412.9,
2026-01-07 13:34:48+05:30,NIFTY2621026400CE,26400.0,2026-02-10,412.9,
2026-01-07 13:34:49+05:30,NIFTY2621026400CE,26400.0,2026-02-10,412.9,
2026-01-07 13:34:50+05:30,NIFTY2621026400CE,26400.0,2026-02-10,412.9,
2026-01-07 13:34:51+05:30,NIFTY2621026400CE,26400.0,2026-02-10,412.9,
2026-01-07 13:34:52+05:30,NIFTY2621026400CE,26400.0,2026-02-10,412.9,
2026-01-07 13:34:53+05:30,NIFTY2621026400CE,26400.0,2026-02-10,412.9,
2026-01-07 13:34:54+05:30,NIFTY2621026400CE,26400.0,2026-02-10,412.9,
2026-01-07 13:34:55+05:30,NIFTY2621026400CE,26400.0,2026-02-10,412.9,
2026-01-07 13:34:56+05:30,NIFTY2621026400CE,26400.0,2026-02-10,412.9,
2026-01-07 13:34:57+05:30,NIFTY2621026400CE,26400.0,2026-02-10,412.9,
2026-01-07 13:34:58+05:30,NIFTY2621026400CE,26400.0,2026-02-10,412.9,
2026-01-07 13:34:59+05:30,NIFTY2621026400CE,26400.0,2026-02-10,412.9,
2026-01-07 13:35:00+05:30,NIFTY2621026400CE,26400.0,2026-02-10,412.9,
2026-01-07 13:35:01+05:30,NIFTY2621026400CE,26400.0,2026-02-10,412.9,
2026-01-07 13:35:02+05:30,NIFTY2621026400CE,26400.0,2026-02-10,412.9,
2026-01-07 13:35:03+05:30,NIFTY2621026400CE,26400.0,2026-02-10,412.9,
2026-01-07 13:35:04+05:30,NIFTY2621026400CE,26400.0,2026-02-10,412.9,
2026-01-07 13:35:05+05:30,NIFTY2621026400CE,26400.0,2026-02-10,412.9,
2026-01-07 13:35:06+05:30,NIFTY2621026400CE,26400.0,2026-02-10,412.9,
2026-01-07 13:35:07+05:30,NIFTY2621026400CE,26400.0,2026-02-10,412.9,
2026-01-07 13:35:08+05:30,NIFTY2621026400CE,26400.0,2026-02-10,412.9,
2026-01-07 13:35:09+05:30,NIFTY2621026400CE,26400.0,2026-02-10,412.9,
2026-01-07 13:35:10+05:30,NIFTY2621026400CE,26400.0,2026-02-10,412.9,
2026-01-07 13:35:11+05:30,NIFTY2621026400CE,26400.0,2026-02-10,412.9,
2026-01-07 13:35:12+05:30,NIFTY2621026400CE,26400.0,2026-02-10,412.9,
2026-01-07 13:35:13+05:30,NIFTY2621026400CE,26400.0,2026-02-10,412.9,
2026-01-07 13:35:14+05:30,NIFTY2621026400CE,26400.0,2026-02-10,412.9,
2026-01-07 13:35:15+05:30,NIFTY2621026400CE,26400.0,2026-02-10,412.9,
2026-01-07 13:35:16+05:30,NIFTY2621026400CE,26400.0,2026-02-10,412.9,
2026-01-07 13:35:17+05:30,NIFTY2621026400CE,26400.0,2026-02-10,412.9,
2026-01-07 13:35:18+05:30,NIFTY2621026400CE,26400.0,2026-02-10,412.9,
2026-01-07 13:35:19+05:30,NIFTY2621026400CE,26400.0,2026-02-10,412.9,
2026-01-07 13:35:20+05:30,NIFTY2621026400CE,26400.0,2026-02-10,412.9,
2026-01-07 13:35:21+05:30,NIFTY2621026400CE,26400.0,2026-02-10,412.9,
2026-01-07 13:35:22+05:30,NIFTY2621026400CE,26400.0,2026-02-10,412.9,
2026-01-07 13:35:23+05:30,NIFTY2621026400CE,26400.0,2026-02-10,412.9,
2026-01-07 13:35:24+05:30,NIFTY2621026400CE,26400.0,2026-02-10,412.9,
2026-01-07 13:35:25+05:30,NIFTY2621026400CE,26400.0,2026-02-10,412.9,
2026-01-07 13:35:26+05:30,NIFTY2621026400CE,26400.0,2026-02-10,412.9,
2026-01-07 13:35:27+05:30,NIFTY2621026400CE,26400.0,2026-02-10,412.9,
2026-01-07 13:35:28+05:30,NIFTY2621026400CE,26400.0,2026-02-10,412.9,
2026-01-07 13:35:29+05:30,NIFTY2621026400CE,26400.0,2026-02-10,412.9,
2026-01-07 13:35:30+05:30,NIFTY2621026400CE,26400.0,2026-02-10,412.9,
2026-01-07 13:35:31+05:30,NIFTY2621026400CE,26400.0,2026-02-10,412.9,
2026-01-07 13:35:32+05:30,NIFTY2621026400CE,26400.0,2026-02-10,412.9,
2026-01-07 13:35:33+05:30,NIFTY2621026400CE,26400.0,2026-02-10,412.9,
2026-01-07 13:35:34+05:30,NIFTY2621026400CE,26400.0,2026-02-10,412.9,
2026-01-07 13:35:35+05:30,NIFTY2621026400CE,26400.0,2026-02-10,412.9,
2026-01-07 13:35:36+05:30,NIFTY2621026400CE,26400.0,2026-02-10,412.9,
2026-01-07 13:35:37+05:30,NIFTY2621026400CE,26400.0,2026-02-10,412.9,
2026-01-07 13:35:38+05:30,NIFTY2621026400CE,26400.0,2026-02-10,412.9,
2026-01-07 13:35:39+05:30,NIFTY2621026400CE,26400.0,2026-02-10,412.9,
2026-01-07 13:35:40+05:30,NIFTY2621026400CE,26400.0,2026-02-10,412.9,
2026-01-07 13:35:41+05:30,NIFTY2621026400CE,26400.0,2026-02-10,412.9,
2026-01-07 13:35:42+05:30,NIFTY2621026400CE,26400.0,2026-02-10,412.9,
2026-01-07 13:35:43+05:30,NIFTY2621026400CE,26400.0,2026-02-10,412.9,
2026-01-07 13:35:44+05:30,NIFTY2621026400CE,26400.0,2026-02-10,412.9,
2026-01-07 13:35:45+05:30,NIFTY2621026400CE,26400.0,2026-02-10,412.9,
2026-01-07 13:35:46+05:30,NIFTY2621026400CE,26400.0,2026-02-10,412.9,
2026-01-07 13:35:47+05:30,NIFTY2621026400CE,26400.0,2026-02-10,412.9,
2026-01-07 13:35:48+05:30,NIFTY2621026400CE,26400.0,2026-02-10,412.9,
2026-01-07 13:35:49+05:30,NIFTY2621026400CE,26400.0,2026-02-10,412.9,
2026-01-07 13:35:50+05:30,NIFTY2621026400CE,26400.0,2026-02-10,412.9,
2026-01-07 13:35:51+05:30,NIFTY2621026400CE,26400.0,2026-02-10,412.9,
2026-01-07 13:35:52+05:30,NIFTY2621026400CE,26400.0,2026-02-10,412.9,
2026-01-07 13:35:53+05:30,NIFTY2621026400CE,26400.0,2026-02-10,412.9,
2026-01-07 13:35:54+05:30,NIFTY2621026400CE,26400.0,2026-02-10,412.9,
2026-01-07 13:35:55+05:30,NIFTY2621026400CE,26400.0,2026-02-10,412.9,
2026-01-07 13:35:56+05:30,NIFTY2621026400CE,26400.0,2026-02-10,412.9,
2026-01-07 13:35:57+05:30,NIFTY2621026400CE,26400.0,2026-02-10,412.9,
2026-01-07 13:35:58+05:30,NIFTY2621026400CE,26400.0,2026-02-10,412.9,
2026-01-07 13:35:59+05:30,NIFTY2621026400CE,26400.0,2026-02-10,412.9,
2026-01-07 13:36:00+05:30,NIFTY2621026400CE,26400.0,2026-02-10,412.9,
2026-01-07 13:36:01+05:30,NIFTY2621026400CE,26400.0,2026-02-10,412.9,
2026-01-07 13:36:02+05:30,NIFTY2621026400CE,26400.0,2026-02-10,412.9,
2026-01-07 13:36:03+05:30,NIFTY2621026400CE,26400.0,2026-02-10,412.9,
2026-01-07 13:36:04+05:30,NIFTY2621026400CE,26400.0,2026-02-10,412.9,
2026-01-07 13:36:05+05:30,NIFTY2621026400CE,26400.0,2026-02-10,412.9,
2026-01-07 13:36:06+05:30,NIFTY2621026400CE,26400.0,2026-02-10,412.9,
2026-01-07 13:36:07+05:30,NIFTY2621026400CE,26400.0,2026-02-10,412.9,
2026-01-07 13:36:08+05:30,NIFTY2621026400CE,26400.0,2026-02-10,412.9,
2026-01-07 13:36:09+05:30,NIFTY2621026400CE,26400.0,2026-02-10,412.9,
2026-01-07 13:36:10+05:30,NIFTY2621026400CE,26400.0,2026-02-10,412.9,
2026-01-07 13:36:11+05:30,NIFTY2621026400CE,26400.0,2026-02-10,412.9,
2026-01-07 13:36:12+05:30,NIFTY2621026400CE,26400.0,2026-02-10,412.9,
2026-01-07 13:36:13+05:30,NIFTY2621026400CE,26400.0,2026-02-10,412.9,
2026-01-07 13:36:14+05:30,NIFTY2621026400CE,26400.0,2026-02-10,412.9,
2026-01-07 13:36:15+05:30,NIFTY2621026400CE,26400.0,2026-02-10,412.9,
2026-01-07 13:36:16+05:30,NIFTY2621026400CE,26400.0,2026-02-10,412.9,
2026-01-07 13:36:17+05:30,NIFTY2621026400CE,26400.0,2026-02-10,412.9,
2026-01-07 13:36:18+05:30,NIFTY2621026400CE,26400.0,2026-02-10,412.9,
2026-01-07 13:36:19+05:30,NIFTY2621026400CE,26400.0,2026-02-10,412.9,
2026-01-07 13:36:20+05:30,NIFTY2621026400CE,26400.0,2026-02-10,412.9,
2026-01-07 13:36:21+05:30,NIFTY2621026400CE,26400.0,2026-02-10,412.9,
2026-01-07 13:36:22+05:30,NIFTY2621026400CE,26400.0,2026-02-10,412.9,
2026-01-07 13:36:23+05:30,NIFTY2621026400CE,26400.0,2026-02-10,412.9,
2026-01-07 13:36:24+05:30,NIFTY2621026400CE,26400.0,2026-02-10,412.9,
2026-01-07 13:36:25+05:30,NIFTY2621026400CE,26400.0,2026-02-10,412.9,
2026-01-07 13:36:26+05:30,NIFTY2621026400CE,26400.0,2026-02-10,412.9,
2026-01-07 13:36:27+05:30,NIFTY2621026400CE,26400.0,2026-02-10,412.9,
2026-01-07 13:36:28+05:30,NIFTY2621026400CE,26400.0,2026-02-10,412.9,
2026-01-07 13:36:29+05:30,NIFTY2621026400CE,26400.0,2026-02-10,412.9,
2026-01-07 13:36:30+05:30,NIFTY2621026400CE,26400.0,2026-02-10,412.9,
2026-01-07 13:36:31+05:30,NIFTY2621026400CE,26400.0,2026-02-10,412.9,
2026-01-07 13:36:32+05:30,NIFTY2621026400CE,26400.0,2026-02-10,412.9,
2026-01-07 13:36:33+05:30,NIFTY2621026400CE,26400.0,2026-02-10,412.9,
2026-01-07 13:36:34+05:30,NIFTY2621026400CE,26400.0,2026-02-10,412.9,
2026-01-07 13:36:35+05:30,NIFTY2621026400CE,26400.0,2026-02-10,412.9,
2026-01-07 13:36:36+05:30,NIFTY2621026400CE,26400.0,2026-02-10,412.9,
2026-01-07 13:36:37+05:30,NIFTY2621026400CE,26400.0,2026-02-10,412.9,
2026-01-07 13:36:38+05:30,NIFTY2621026400CE,26400.0,2026-02-10,412.9,
2026-01-07 13:36:39+05:30,NIFTY2621026400CE,26400.0,2026-02-10,412.9,
2026-01-07 13:36:40+05:30,NIFTY2621026400CE,26400.0,2026-02-10,412.9,
2026-01-07 13:36:41+05:30,NIFTY2621026400CE,26400.0,2026-02-10,412.9,
2026-01-07 13:36:42+05:30,NIFTY2621026400CE,26400.0,2026-02-10,412.9,
2026-01-07 13:36:43+05:30,NIFTY2621026400CE,26400.0,2026-02-10,412.9,
2026-01-07 13:36:44+05:30,NIFTY2621026400CE,26400.0,2026-02-10,412.9,
2026-01-07 13:36:45+05:30,NIFTY2621026400CE,26400.0,2026-02-10,412.9,
2026-01-07 13:36:46+05:30,NIFTY2621026400CE,26400.0,2026-02-10,412.9,
2026-01-07 13:36:47+05:30,NIFTY2621026400CE,26400.0,2026-02-10,412.9,
2026-01-07 13:36:48+05:30,NIFTY2621026400CE,26400.0,2026-02-10,412.9,
2026-01-07 13:36:49+05:30,NIFTY2621026400CE,26400.0,2026-02-10,412.9,
2026-01-07 13:36:50+05:30,NIFTY2621026400CE,26400.0,2026-02-10,412.9,
2026-01-07 13:36:51+05:30,NIFTY2621026400CE,26400.0,2026-02-10,412.9,
2026-01-07 13:36:52+05:30,NIFTY2621026400CE,26400.0,2026-02-10,412.9,
2026-01-07 13:36:53+05:30,NIFTY2621026400CE,26400.0,2026-02-10,412.9,
2026-01-07 13:36:54+05:30,NIFTY2621026400CE,26400.0,2026-02-10,412.9,
2026-01-07 13:36:55+05:30,NIFTY2621026400CE,26400.0,2026-02-10,412.9,
2026-01-07 13:36:56+05:30,NIFTY2621026400CE,26400.0,2026-02-10,412.9,
2026-01-07 13:36:57+05:30,NIFTY2621026400CE,26400.0,2026-02-10,412.9,
2026-01-07 13:36:58+05:30,NIFTY2621026400CE,26400.0,2026-02-10,412.9,
2026-01-07 13:36:59+05:30,NIFTY2621026400CE,26400.0,2026-02-10,412.9,
2026-01-07 13:37:00+05:30,NIFTY2621026400CE,26400.0,2026-02-10,412.9,
2026-01-07 13:37:01+05:30,NIFTY2621026400CE,26400.0,2026-02-10,412.9,
2026-01-07 13:37:02+05:30,NIFTY2621026400CE,26400.0,2026-02-10,412.9,
2026-01-07 13:37:03+05:30,NIFTY2621026400CE,26400.0,2026-02-10,412.9,
2026-01-07 13:37:04+05:30,NIFTY2621026400CE,26400.0,2026-02-10,412.9,
2026-01-07 13:37:05+05:30,NIFTY2621026400CE,26400.0,2026-02-10,412.9,
2026-01-07 13:37:06+05:30,NIFTY2621026400CE,26400.0,2026-02-10,412.9,
2026-01-07 13:37:07+05:30,NIFTY2621026400CE,26400.0,2026-02-10,412.9,
2026-01-07 13:37:08+05:30,NIFTY2621026400CE,26400.0,2026-02-10,412.9,
2026-01-07 13:37:09+05:30,NIFTY2621026400CE,26400.0,2026-02-10,412.9,
2026-01-07 13:37:10+05:30,NIFTY2621026400CE,26400.0,2026-02-10,412.9,
2026-01-07 13:37:11+05:30,NIFTY2621026400CE,26400.0,2026-02-10,412.9,
2026-01-07 13:37:12+05:30,NIFTY2621026400CE,26400.0,2026-02-10,412.9,
2026-01-07 13:37:13+05:30,NIFTY2621026400CE,26400.0,2026-02-10,412.9,
2026-01-07 13:37:14+05:30,NIFTY2621026400CE,26400.0,2026-02-10,412.9,
2026-01-07 13:37:15+05:30,NIFTY2621026400CE,26400.0,2026-02-10,412.9,
2026-01-07 13:37:16+05:30,NIFTY2621026400CE,26400.0,2026-02-10,412.9,
2026-01-07 13:37:17+05:30,NIFTY2621026400CE,26400.0,2026-02-10,412.9,
2026-01-07 13:37:18+05:30,NIFTY2621026400CE,26400.0,2026-02-10,412.9,
2026-01-07 13:37:19+05:30,NIFTY2621026400CE,26400.0,2026-02-10,412.9,
2026-01-07 13:37:20+05:30,NIFTY2621026400CE,26400.0,2026-02-10,412.9,
2026-01-07 13:37:21+05:30,NIFTY2621026400CE,26400.0,2026-02-10,412.9,
2026-01-07 13:37:22+05:30,NIFTY2621026400CE,26400.0,2026-02-10,412.9,
2026-01-07 13:37:23+05:30,NIFTY2621026400CE,26400.0,2026-02-10,412.9,
2026-01-07 13:37:24+05:30,NIFTY2621026400CE,26400.0,2026-02-10,412.9,
2026-01-07 13:37:25+05:30,NIFTY2621026400CE,26400.0,2026-02-10,412.9,
2026-01-07 13:37:26+05:30,NIFTY2621026400CE,26400.0,2026-02-10,412.9,
2026-01-07 13:37:27+05:30,NIFTY2621026400CE,26400.0,2026-02-10,412.9,
2026-01-07 13:37:28+05:30,NIFTY2621026400CE,26400.0,2026-02-10,412.9,
2026-01-07 13:37:29+05:30,NIFTY2621026400CE,26400.0,2026-02-10,412.9,
2026-01-07 13:37:30+05:30,NIFTY2621026400CE,26400.0,2026-02-10,412.9,
2026-01-07 13:37:31+05:30,NIFTY2621026400CE,26400.0,2026-02-10,412.9,
2026-01-07 13:37:32+05:30,NIFTY2621026400CE,26400.0,2026-02-10,412.9,
2026-01-07 13:37:33+05:30,NIFTY2621026400CE,26400.0,2026-02-10,412.9,
2026-01-07 13:37:34+05:30,NIFTY2621026400CE,26400.0,2026-02-10,412.9,
2026-01-07 13:37:35+05:30,NIFTY2621026400CE,26400.0,2026-02-10,412.9,
2026-01-07 13:37:36+05:30,NIFTY2621026400CE,26400.0,2026-02-10,412.9,
2026-01-07 13:37:37+05:30,NIFTY2621026400CE,26400.0,2026-02-10,412.9,
2026-01-07 13:37:38+05:30,NIFTY2621026400CE,26400.0,2026-02-10,412.9,
2026-01-07 13:37:39+05:30,NIFTY2621026400CE,26400.0,2026-02-10,412.9,
2026-01-07 13:37:40+05:30,NIFTY2621026400CE,26400.0,2026-02-10,412.9,
2026-01-07 13:37:41+05:30,NIFTY2621026400CE,26400.0,2026-02-10,412.9,
2026-01-07 13:37:42+05:30,NIFTY2621026400CE,26400.0,2026-02-10,412.9,
2026-01-07 13:37:43+05:30,NIFTY2621026400CE,26400.0,2026-02-10,412.9,
2026-01-07 13:37:44+05:30,NIFTY2621026400CE,26400.0,2026-02-10,412.9,
2026-01-07 13:37:45+05:30,NIFTY2621026400CE,26400.0,2026-02-10,412.9,
2026-01-07 13:37:46+05:30,NIFTY2621026400CE,26400.0,2026-02-10,412.9,
2026-01-07 13:37:47+05:30,NIFTY2621026400CE,26400.0,2026-02-10,412.9,
2026-01-07 13:37:48+05:30,NIFTY2621026400CE,26400.0,2026-02-10,412.9,
2026-01-07 13:37:49+05:30,NIFTY2621026400CE,26400.0,2026-02-10,412.9,
2026-01-07 13:37:50+05:30,NIFTY2621026400CE,26400.0,2026-02-10,412.9,
2026-01-07 13:37:51+05:30,NIFTY2621026400CE,26400.0,2026-02-10,412.9,
2026-01-07 13:37:52+05:30,NIFTY2621026400CE,26400.0,2026-02-10,412.9,
2026-01-07 13:37:53+05:30,NIFTY2621026400CE,26400.0,2026-02-10,412.9,
2026-01-07 13:37:54+05:30,NIFTY2621026400CE,26400.0,2026-02-10,412.9,
2026-01-07 13:37:55+05:30,NIFTY2621026400CE,26400.0,2026-02-10,412.9,
2026-01-07 13:37:56+05:30,NIFTY2621026400CE,26400.0,2026-02-10,412.9,
2026-01-07 13:37:57+05:30,NIFTY2621026400CE,26400.0,2026-02-10,412.9,
2026-01-07 13:37:58+05:30,NIFTY2621026400CE,26400.0,2026-02-10,412.9,
2026-01-07 13:37:59+05:30,NIFTY2621026400CE,26400.0,2026-02-10,412.9,
2026-01-07 13:38:00+05:30,NIFTY2621026400CE,26400.0,2026-02-10,412.9,
2026-01-07 13:38:01+05:30,NIFTY2621026400CE,26400.0,2026-02-10,412.9,
2026-01-07 13:38:02+05:30,NIFTY2621026400CE,26400.0,2026-02-10,412.9,
2026-01-07 13:38:03+05:30,NIFTY2621026400CE,26400.0,2026-02-10,412.9,
2026-01-07 13:38:04+05:30,NIFTY2621026400CE,26400.0,2026-02-10,412.9,
2026-01-07 13:38:05+05:30,NIFTY2621026400CE,26400.0,2026-02-10,412.9,
2026-01-07 13:38:06+05:30,NIFTY2621026400CE,26400.0,2026-02-10,412.9,
2026-01-07 13:38:07+05:30,NIFTY2621026400CE,26400.0,2026-02-10,412.9,
2026-01-07 13:38:08+05:30,NIFTY2621026400CE,26400.0,2026-02-10,412.9,
2026-01-07 13:38:09+05:30,NIFTY2621026400CE,26400.0,2026-02-10,412.9,
2026-01-07 13:38:10+05:30,NIFTY2621026400CE,26400.0,2026-02-10,412.9,
2026-01-07 13:38:11+05:30,NIFTY2621026400CE,26400.0,2026-02-10,412.9,
2026-01-07 13:38:12+05:30,NIFTY2621026400CE,26400.0,2026-02-10,412.9,
2026-01-07 13:38:13+05:30,NIFTY2621026400CE,26400.0,2026-02-10,412.9,
2026-01-07 13:38:14+05:30,NIFTY2621026400CE,26400.0,2026-02-10,412.9,
2026-01-07 13:38:15+05:30,NIFTY2621026400CE,26400.0,2026-02-10,412.9,
2026-01-07 13:38:16+05:30,NIFTY2621026400CE,26400.0,2026-02-10,412.9,
2026-01-07 13:38:17+05:30,NIFTY2621026400CE,26400.0,2026-02-10,412.9,
2026-01-07 13:38:18+05:30,NIFTY2621026400CE,26400.0,2026-02-10,412.9,
2026-01-07 13:38:19+05:30,NIFTY2621026400CE,26400.0,2026-02-10,412.9,
2026-01-07 13:38:20+05:30,NIFTY2621026400CE,26400.0,2026-02-10,412.9,
2026-01-07 13:38:21+05:30,NIFTY2621026400CE,26400.0,2026-02-10,412.9,
2026-01-07 13:38:22+05:30,NIFTY2621026400CE,26400.0,2026-02-10,412.9,
2026-01-07 13:38:23+05:30,NIFTY2621026400CE,26400.0,2026-02-10,412.9,
2026-01-07 13:38:24+05:30,NIFTY2621026400CE,26400.0,2026-02-10,412.9,
2026-01-07 13:38:25+05:30,NIFTY2621026400CE,26400.0,2026-02-10,412.9,
2026-01-07 13:38:26+05:30,NIFTY2621026400CE,26400.0,2026-02-10,412.9,
2026-01-07 13:38:27+05:30,NIFTY2621026400CE,26400.0,2026-02-10,412.9,
2026-01-07 13:38:28+05:30,NIFTY2621026400CE,26400.0,2026-02-10,412.9,
2026-01-07 13:38:29+05:30,NIFTY2621026400CE,26400.0,2026-02-10,412.9,
2026-01-07 13:38:30+05:30,NIFTY2621026400CE,26400.0,2026-02-10,412.9,
2026-01-07 13:38:31+05:30,NIFTY2621026400CE,26400.0,2026-02-10,412.9,
2026-01-07 13:38:32+05:30,NIFTY2621026400CE,26400.0,2026-02-10,412.9,
2026-01-07 13:38:33+05:30,NIFTY2621026400CE,26400.0,2026-02-10,412.9,
2026-01-07 13:38:34+05:30,NIFTY2621026400CE,26400.0,2026-02-10,412.9,
2026-01-07 13:38:35+05:30,NIFTY2621026400CE,26400.0,2026-02-10,412.9,
2026-01-07 13:38:36+05:30,NIFTY2621026400CE,26400.0,2026-02-10,412.9,
2026-01-07 13:38:37+05:30,NIFTY2621026400CE,26400.0,2026-02-10,412.9,
2026-01-07 13:38:38+05:30,NIFTY2621026400CE,26400.0,2026-02-10,412.9,
2026-01-07 13:38:39+05:30,NIFTY2621026400CE,26400.0,2026-02-10,412.9,
2026-01-07 13:38:40+05:30,NIFTY2621026400CE,26400.0,2026-02-10,412.9,
2026-01-07 13:38:41+05:30,NIFTY2621026400CE,26400.0,2026-02-10,412.9,
2026-01-07 13:38:42+05:30,NIFTY2621026400CE,26400.0,2026-02-10,412.9,
2026-01-07 13:38:43+05:30,NIFTY2621026400CE,26400.0,2026-02-10,412.9,
2026-01-07 13:38:44+05:30,NIFTY2621026400CE,26400.0,2026-02-10,412.9,
2026-01-07 13:38:45+05:30,NIFTY2621026400CE,26400.0,2026-02-10,412.9,
2026-01-07 13:38:46+05:30,NIFTY2621026400CE,26400.0,2026-02-10,412.9,
2026-01-07 13:38:47+05:30,NIFTY2621026400CE,26400.0,2026-02-10,412.9,
2026-01-07 13:38:48+05:30,NIFTY2621026400CE,26400.0,2026-02-10,412.9,
2026-01-07 13:38:49+05:30,NIFTY2621026400CE,26400.0,2026-02-10,412.9,
2026-01-07 13:38:50+05:30,NIFTY2621026400CE,26400.0,2026-02-10,412.9,
2026-01-07 13:38:51+05:30,NIFTY2621026400CE,26400.0,2026-02-10,412.9,
2026-01-07 13:38:52+05:30,NIFTY2621026400CE,26400.0,2026-02-10,412.9,
2026-01-07 13:38:53+05:30,NIFTY2621026400CE,26400.0,2026-02-10,412.9,
2026-01-07 13:38:54+05:30,NIFTY2621026400CE,26400.0,2026-02-10,412.9,
2026-01-07 13:38:55+05:30,NIFTY2621026400CE,26400.0,2026-02-10,412.9,
2026-01-07 13:38:56+05:30,NIFTY2621026400CE,26400.0,2026-02-10,412.9,
2026-01-07 13:38:57+05:30,NIFTY2621026400CE,26400.0,2026-02-10,412.9,
2026-01-07 13:38:58+05:30,NIFTY2621026400CE,26400.0,2026-02-10,412.9,
2026-01-07 13:38:59+05:30,NIFTY2621026400CE,26400.0,2026-02-10,412.9,
2026-01-07 13:39:00+05:30,NIFTY2621026400CE,26400.0,2026-02-10,412.9,
2026-01-07 13:39:01+05:30,NIFTY2621026400CE,26400.0,2026-02-10,412.9,
2026-01-07 13:39:02+05:30,NIFTY2621026400CE,26400.0,2026-02-10,412.9,
2026-01-07 13:39:03+05:30,NIFTY2621026400CE,26400.0,2026-02-10,412.9,
2026-01-07 13:39:04+05:30,NIFTY2621026400CE,26400.0,2026-02-10,412.9,
2026-01-07 13:39:05+05:30,NIFTY2621026400CE,26400.0,2026-02-10,412.9,
2026-01-07 13:39:06+05:30,NIFTY2621026400CE,26400.0,2026-02-10,412.9,
2026-01-07 13:39:07+05:30,NIFTY2621026400CE,26400.0,2026-02-10,412.9,
2026-01-07 13:39:08+05:30,NIFTY2621026400CE,26400.0,2026-02-10,412.9,
2026-01-07 13:39:09+05:30,NIFTY2621026400CE,26400.0,2026-02-10,412.9,
2026-01-07 13:39:10+05:30,NIFTY2621026400CE,26400.0,2026-02-10,412.9,
2026-01-07 13:39:11+05:30,NIFTY2621026400CE,26400.0,2026-02-10,412.9,
2026-01-07 13:39:12+05:30,NIFTY2621026400CE,26400.0,2026-02-10,412.9,
2026-01-07 13:39:13+05:30,NIFTY2621026400CE,26400.0,2026-02-10,412.9,
2026-01-07 13:39:14+05:30,NIFTY2621026400CE,26400.0,2026-02-10,412.9,
2026-01-07 13:39:15+05:30,NIFTY2621026400CE,26400.0,2026-02-10,412.9,
2026-01-07 13:39:16+05:30,NIFTY2621026400CE,26400.0,2026-02-10,412.9,
2026-01-07 13:39:17+05:30,NIFTY2621026400CE,26400.0,2026-02-10,412.9,
2026-01-07 13:39:18+05:30,NIFTY2621026400CE,26400.0,2026-02-10,412.9,
2026-01-07 13:39:19+05:30,NIFTY2621026400CE,26400.0,2026-02-10,412.9,
2026-01-07 13:39:20+05:30,NIFTY2621026400CE,26400.0,2026-02-10,412.9,
2026-01-07 13:39:21+05:30,NIFTY2621026400CE,26400.0,2026-02-10,412.9,
2026-01-07 13:39:22+05:30,NIFTY2621026400CE,26400.0,2026-02-10,412.9,
2026-01-07 13:39:23+05:30,NIFTY2621026400CE,26400.0,2026-02-10,412.9,
2026-01-07 13:39:24+05:30,NIFTY2621026400CE,26400.0,2026-02-10,412.9,
2026-01-07 13:39:25+05:30,NIFTY2621026400CE,26400.0,2026-02-10,412.9,
2026-01-07 13:39:26+05:30,NIFTY2621026400CE,26400.0,2026-02-10,412.9,
2026-01-07 13:39:27+05:30,NIFTY2621026400CE,26400.0,2026-02-10,412.9,
2026-01-07 13:39:28+05:30,NIFTY2621026400CE,26400.0,2026-02-10,412.9,
2026-01-07 13:39:29+05:30,NIFTY2621026400CE,26400.0,2026-02-10,412.9,
2026-01-07 13:39:30+05:30,NIFTY2621026400CE,26400.0,2026-02-10,412.9,
2026-01-07 13:39:31+05:30,NIFTY2621026400CE,26400.0,2026-02-10,412.9,
2026-01-07 13:39:32+05:30,NIFTY2621026400CE,26400.0,2026-02-10,412.9,
2026-01-07 13:39:33+05:30,NIFTY2621026400CE,26400.0,2026-02-10,412.9,
2026-01-07 13:39:34+05:30,NIFTY2621026400CE,26400.0,2026-02-10,412.9,
2026-01-07 13:39:35+05:30,NIFTY2621026400CE,26400.0,2026-02-10,412.9,
2026-01-07 13:39:36+05:30,NIFTY2621026400CE,26400.0,2026-02-10,412.9,
2026-01-07 13:39:37+05:30,NIFTY2621026400CE,26400.0,2026-02-10,412.9,
2026-01-07 13:39:38+05:30,NIFTY2621026400CE,26400.0,2026-02-10,412.9,
2026-01-07 13:39:39+05:30,NIFTY2621026400CE,26400.0,2026-02-10,412.9,
2026-01-07 13:39:40+05:30,NIFTY2621026400CE,26400.0,2026-02-10,412.9,
2026-01-07 13:39:41+05:30,NIFTY2621026400CE,26400.0,2026-02-10,412.9,
2026-01-07 13:39:42+05:30,NIFTY2621026400CE,26400.0,2026-02-10,412.9,
2026-01-07 13:39:43+05:30,NIFTY2621026400CE,26400.0,2026-02-10,412.9,
2026-01-07 13:39:44+05:30,NIFTY2621026400CE,26400.0,2026-02-10,412.9,
2026-01-07 13:39:45+05:30,NIFTY2621026400CE,26400.0,2026-02-10,412.9,
2026-01-07 13:39:46+05:30,NIFTY2621026400CE,26400.0,2026-02-10,412.9,
2026-01-07 13:39:47+05:30,NIFTY2621026400CE,26400.0,2026-02-10,412.9,
2026-01-07 13:39:48+05:30,NIFTY2621026400CE,26400.0,2026-02-10,412.9,
2026-01-07 13:39:49+05:30,NIFTY2621026400CE,26400.0,2026-02-10,412.9,
2026-01-07 13:39:50+05:30,NIFTY2621026400CE,26400.0,2026-02-10,412.9,
2026-01-07 13:39:51+05:30,NIFTY2621026400CE,26400.0,2026-02-10,412.9,
2026-01-07 13:39:52+05:30,NIFTY2621026400CE,26400.0,2026-02-10,412.9,
2026-01-07 13:39:53+05:30,NIFTY2621026400CE,26400.0,2026-02-10,412.9,
2026-01-07 13:39:54+05:30,NIFTY2621026400CE,26400.0,2026-02-10,412.9,
2026-01-07 13:39:55+05:30,NIFTY2621026400CE,26400.0,2026-02-10,412.9,
2026-01-07 13:39:56+05:30,NIFTY2621026400CE,26400.0,2026-02-10,412.9,
2026-01-07 13:39:57+05:30,NIFTY2621026400CE,26400.0,2026-02-10,412.9,
2026-01-07 13:39:58+05:30,NIFTY2621026400CE,26400.0,2026-02-10,412.9,
2026-01-07 13:39:59+05:30,NIFTY2621026400CE,26400.0,2026-02-10,412.9,
2026-01-07 13:40:00+05:30,NIFTY2621026400CE,26400.0,2026-02-10,412.9,
2026-01-07 13:40:01+05:30,NIFTY2621026400CE,26400.0,2026-02-10,412.9,
2026-01-07 13:40:02+05:30,NIFTY2621026400CE,26400.0,2026-02-10,412.9,
2026-01-07 13:40:03+05:30,NIFTY2621026400CE,26400.0,2026-02-10,412.9,
2026-01-07 13:40:04+05:30,NIFTY2621026400CE,26400.0,2026-02-10,412.9,
2026-01-07 13:40:05+05:30,NIFTY2621026400CE,26400.0,2026-02-10,412.9,
2026-01-07 13:40:06+05:30,NIFTY2621026400CE,26400.0,2026-02-10,412.9,
2026-01-07 13:40:07+05:30,NIFTY2621026400CE,26400.0,2026-02-10,412.9,
2026-01-07 13:40:08+05:30,NIFTY2621026400CE,26400.0,2026-02-10,412.9,
2026-01-07 13:40:09+05:30,NIFTY2621026400CE,26400.0,2026-02-10,412.9,
2026-01-07 13:40:10+05:30,NIFTY2621026400CE,26400.0,2026-02-10,412.9,
2026-01-07 13:40:11+05:30,NIFTY2621026400CE,26400.0,2026-02-10,412.9,
2026-01-07 13:40:12+05:30,NIFTY2621026400CE,26400.0,2026-02-10,412.9,
2026-01-07 13:40:13+05:30,NIFTY2621026400CE,26400.0,2026-02-10,412.9,
2026-01-07 13:40:14+05:30,NIFTY2621026400CE,26400.0,2026-02-10,412.9,
2026-01-07 13:40:15+05:30,NIFTY2621026400CE,26400.0,2026-02-10,412.9,
2026-01-07 13:40:16+05:30,NIFTY2621026400CE,26400.0,2026-02-10,412.9,
2026-01-07 13:40:17+05:30,NIFTY2621026400CE,26400.0,2026-02-10,412.9,
2026-01-07 13:40:18+05:30,NIFTY2621026400CE,26400.0,2026-02-10,412.9,
2026-01-07 13:40:19+05:30,NIFTY2621026400CE,26400.0,2026-02-10,412.9,
2026-01-07 13:40:20+05:30,NIFTY2621026400CE,26400.0,2026-02-10,412.9,
2026-01-07 13:40:21+05:30,NIFTY2621026400CE,26400.0,2026-02-10,412.9,
2026-01-07 13:40:22+05:30,NIFTY2621026400CE,26400.0,2026-02-10,412.9,
2026-01-07 13:40:23+05:30,NIFTY2621026400CE,26400.0,2026-02-10,412.9,
2026-01-07 13:40:24+05:30,NIFTY2621026400CE,26400.0,2026-02-10,412.9,
2026-01-07 13:40:25+05:30,NIFTY2621026400CE,26400.0,2026-02-10,412.9,
2026-01-07 13:40:26+05:30,NIFTY2621026400CE,26400.0,2026-02-10,412.9,
2026-01-07 13:40:27+05:30,NIFTY2621026400CE,26400.0,2026-02-10,412.9,
2026-01-07 13:40:28+05:30,NIFTY2621026400CE,26400.0,2026-02-10,412.9,
2026-01-07 13:40:29+05:30,NIFTY2621026400CE,26400.0,2026-02-10,412.9,
2026-01-07 13:40:30+05:30,NIFTY2621026400CE,26400.0,2026-02-10,412.9,
2026-01-07 13:40:31+05:30,NIFTY2621026400CE,26400.0,2026-02-10,412.9,
2026-01-07 13:40:32+05:30,NIFTY2621026400CE,26400.0,2026-02-10,412.9,
2026-01-07 13:40:33+05:30,NIFTY2621026400CE,26400.0,2026-02-10,412.9,
2026-01-07 13:40:34+05:30,NIFTY2621026400CE,26400.0,2026-02-10,412.9,
2026-01-07 13:40:35+05:30,NIFTY2621026400CE,26400.0,2026-02-10,412.9,
2026-01-07 13:40:36+05:30,NIFTY2621026400CE,26400.0,2026-02-10,412.9,
2026-01-07 13:40:37+05:30,NIFTY2621026400CE,26400.0,2026-02-10,412.9,
2026-01-07 13:40:38+05:30,NIFTY2621026400CE,26400.0,2026-02-10,412.9,
2026-01-07 13:40:39+05:30,NIFTY2621026400CE,26400.0,2026-02-10,412.9,
2026-01-07 13:40:40+05:30,NIFTY2621026400CE,26400.0,2026-02-10,412.9,
2026-01-07 13:40:41+05:30,NIFTY2621026400CE,26400.0,2026-02-10,412.9,
2026-01-07 13:40:42+05:30,NIFTY2621026400CE,26400.0,2026-02-10,412.9,
2026-01-07 13:40:43+05:30,NIFTY2621026400CE,26400.0,2026-02-10,412.9,
2026-01-07 13:40:44+05:30,NIFTY2621026400CE,26400.0,2026-02-10,412.9,
2026-01-07 13:40:45+05:30,NIFTY2621026400CE,26400.0,2026-02-10,412.9,
2026-01-07 13:40:46+05:30,NIFTY2621026400CE,26400.0,2026-02-10,412.9,
2026-01-07 13:40:47+05:30,NIFTY2621026400CE,26400.0,2026-02-10,412.9,
2026-01-07 13:40:48+05:30,NIFTY2621026400CE,26400.0,2026-02-10,412.9,
2026-01-07 13:40:49+05:30,NIFTY2621026400CE,26400.0,2026-02-10,412.9,
2026-01-07 13:40:50+05:30,NIFTY2621026400CE,26400.0,2026-02-10,412.9,
2026-01-07 13:40:51+05:30,NIFTY2621026400CE,26400.0,2026-02-10,412.9,
2026-01-07 13:40:52+05:30,NIFTY2621026400CE,26400.0,2026-02-10,412.9,
2026-01-07 13:40:53+05:30,NIFTY2621026400CE,26400.0,2026-02-10,412.9,
2026-01-07 13:40:54+05:30,NIFTY2621026400CE,26400.0,2026-02-10,412.9,
2026-01-07 13:40:55+05:30,NIFTY2621026400CE,26400.0,2026-02-10,412.9,
2026-01-07 13:40:56+05:30,NIFTY2621026400CE,26400.0,2026-02-10,412.9,
2026-01-07 13:40:57+05:30,NIFTY2621026400CE,26400.0,2026-02-10,412.9,
2026-01-07 13:40:58+05:30,NIFTY2621026400CE,26400.0,2026-02-10,412.9,
2026-01-07 13:40:59+05:30,NIFTY2621026400CE,26400.0,2026-02-10,412.9,
2026-01-07 13:41:00+05:30,NIFTY2621026400CE,26400.0,2026-02-10,412.9,
2026-01-07 13:41:01+05:30,NIFTY2621026400CE,26400.0,2026-02-10,412.9,
2026-01-07 13:41:02+05:30,NIFTY2621026400CE,26400.0,2026-02-10,412.9,
2026-01-07 13:41:03+05:30,NIFTY2621026400CE,26400.0,2026-02-10,412.9,
2026-01-07 13:41:04+05:30,NIFTY2621026400CE,26400.0,2026-02-10,412.9,
2026-01-07 13:41:05+05:30,NIFTY2621026400CE,26400.0,2026-02-10,412.9,
2026-01-07 13:41:06+05:30,NIFTY2621026400CE,26400.0,2026-02-10,412.9,
2026-01-07 13:41:07+05:30,NIFTY2621026400CE,26400.0,2026-02-10,412.9,
2026-01-07 13:41:08+05:30,NIFTY2621026400CE,26400.0,2026-02-10,412.9,
2026-01-07 13:41:09+05:30,NIFTY2621026400CE,26400.0,2026-02-10,412.9,
2026-01-07 13:41:10+05:30,NIFTY2621026400CE,26400.0,2026-02-10,412.9,
2026-01-07 13:41:11+05:30,NIFTY2621026400CE,26400.0,2026-02-10,412.9,
2026-01-07 13:41:12+05:30,NIFTY2621026400CE,26400.0,2026-02-10,412.9,
2026-01-07 13:41:13+05:30,NIFTY2621026400CE,26400.0,2026-02-10,412.9,
2026-01-07 13:41:14+05:30,NIFTY2621026400CE,26400.0,2026-02-10,412.9,
2026-01-07 13:41:15+05:30,NIFTY2621026400CE,26400.0,2026-02-10,412.9,
2026-01-07 13:41:16+05:30,NIFTY2621026400CE,26400.0,2026-02-10,412.9,
2026-01-07 13:41:17+05:30,NIFTY2621026400CE,26400.0,2026-02-10,412.9,
2026-01-07 13:41:18+05:30,NIFTY2621026400CE,26400.0,2026-02-10,412.9,
2026-01-07 13:41:19+05:30,NIFTY2621026400CE,26400.0,2026-02-10,412.9,
2026-01-07 13:41:20+05:30,NIFTY2621026400CE,26400.0,2026-02-10,412.9,
2026-01-07 13:41:21+05:30,NIFTY2621026400CE,26400.0,2026-02-10,412.9,
2026-01-07 13:41:22+05:30,NIFTY2621026400CE,26400.0,2026-02-10,412.9,
2026-01-07 13:41:23+05:30,NIFTY2621026400CE,26400.0,2026-02-10,412.9,
2026-01-07 13:41:24+05:30,NIFTY2621026400CE,26400.0,2026-02-10,412.9,
2026-01-07 13:41:25+05:30,NIFTY2621026400CE,26400.0,2026-02-10,412.9,
2026-01-07 13:41:26+05:30,NIFTY2621026400CE,26400.0,2026-02-10,412.9,
2026-01-07 13:41:27+05:30,NIFTY2621026400CE,26400.0,2026-02-10,412.9,
2026-01-07 13:41:28+05:30,NIFTY2621026400CE,26400.0,2026-02-10,412.9,
2026-01-07 13:41:29+05:30,NIFTY2621026400CE,26400.0,2026-02-10,412.9,
2026-01-07 13:41:30+05:30,NIFTY2621026400CE,26400.0,2026-02-10,412.9,
2026-01-07 13:41:31+05:30,NIFTY2621026400CE,26400.0,2026-02-10,412.9,
2026-01-07 13:41:32+05:30,NIFTY2621026400CE,26400.0,2026-02-10,412.9,
2026-01-07 13:41:33+05:30,NIFTY2621026400CE,26400.0,2026-02-10,412.9,
2026-01-07 13:41:34+05:30,NIFTY2621026400CE,26400.0,2026-02-10,412.9,
2026-01-07 13:41:35+05:30,NIFTY2621026400CE,26400.0,2026-02-10,412.9,
2026-01-07 13:41:36+05:30,NIFTY2621026400CE,26400.0,2026-02-10,412.9,
2026-01-07 13:41:37+05:30,NIFTY2621026400CE,26400.0,2026-02-10,412.9,
2026-01-07 13:41:38+05:30,NIFTY2621026400CE,26400.0,2026-02-10,412.9,
2026-01-07 13:41:39+05:30,NIFTY2621026400CE,26400.0,2026-02-10,412.9,
2026-01-07 13:41:40+05:30,NIFTY2621026400CE,26400.0,2026-02-10,412.9,
2026-01-07 13:41:41+05:30,NIFTY2621026400CE,26400.0,2026-02-10,412.9,
2026-01-07 13:41:42+05:30,NIFTY2621026400CE,26400.0,2026-02-10,412.9,
2026-01-07 13:41:43+05:30,NIFTY2621026400CE,26400.0,2026-02-10,412.9,
2026-01-07 13:41:44+05:30,NIFTY2621026400CE,26400.0,2026-02-10,412.9,
2026-01-07 13:41:45+05:30,NIFTY2621026400CE,26400.0,2026-02-10,412.9,
2026-01-07 13:41:46+05:30,NIFTY2621026400CE,26400.0,2026-02-10,412.9,
2026-01-07 13:41:47+05:30,NIFTY2621026400CE,26400.0,2026-02-10,412.9,
2026-01-07 13:41:48+05:30,NIFTY2621026400CE,26400.0,2026-02-10,412.9,
2026-01-07 13:41:49+05:30,NIFTY2621026400CE,26400.0,2026-02-10,412.9,
2026-01-07 13:41:50+05:30,NIFTY2621026400CE,26400.0,2026-02-10,412.9,
2026-01-07 13:41:51+05:30,NIFTY2621026400CE,26400.0,2026-02-10,412.9,
2026-01-07 13:41:52+05:30,NIFTY2621026400CE,26400.0,2026-02-10,412.9,
2026-01-07 13:41:53+05:30,NIFTY2621026400CE,26400.0,2026-02-10,412.9,
2026-01-07 13:41:54+05:30,NIFTY2621026400CE,26400.0,2026-02-10,412.9,
2026-01-07 13:41:55+05:30,NIFTY2621026400CE,26400.0,2026-02-10,412.9,
2026-01-07 13:41:56+05:30,NIFTY2621026400CE,26400.0,2026-02-10,412.9,
2026-01-07 13:41:57+05:30,NIFTY2621026400CE,26400.0,2026-02-10,412.9,
2026-01-07 13:41:58+05:30,NIFTY2621026400CE,26400.0,2026-02-10,412.9,
2026-01-07 13:41:59+05:30,NIFTY2621026400CE,26400.0,2026-02-10,412.9,
2026-01-07 13:42:00+05:30,NIFTY2621026400CE,26400.0,2026-02-10,412.9,
2026-01-07 13:42:01+05:30,NIFTY2621026400CE,26400.0,2026-02-10,412.9,
2026-01-07 13:42:02+05:30,NIFTY2621026400CE,26400.0,2026-02-10,412.9,
2026-01-07 13:42:03+05:30,NIFTY2621026400CE,26400.0,2026-02-10,412.9,
2026-01-07 13:42:04+05:30,NIFTY2621026400CE,26400.0,2026-02-10,412.9,
2026-01-07 13:42:05+05:30,NIFTY2621026400CE,26400.0,2026-02-10,412.9,
2026-01-07 13:42:06+05:30,NIFTY2621026400CE,26400.0,2026-02-10,412.9,
2026-01-07 13:42:07+05:30,NIFTY2621026400CE,26400.0,2026-02-10,412.9,
2026-01-07 13:42:08+05:30,NIFTY2621026400CE,26400.0,2026-02-10,412.9,
2026-01-07 13:42:09+05:30,NIFTY2621026400CE,26400.0,2026-02-10,412.9,
2026-01-07 13:42:10+05:30,NIFTY2621026400CE,26400.0,2026-02-10,412.9,
2026-01-07 13:42:11+05:30,NIFTY2621026400CE,26400.0,2026-02-10,412.9,
2026-01-07 13:42:12+05:30,NIFTY2621026400CE,26400.0,2026-02-10,412.9,
2026-01-07 13:42:13+05:30,NIFTY2621026400CE,26400.0,2026-02-10,412.9,
2026-01-07 13:42:14+05:30,NIFTY2621026400CE,26400.0,2026-02-10,412.9,
2026-01-07 13:42:15+05:30,NIFTY2621026400CE,26400.0,2026-02-10,412.9,
2026-01-07 13:42:16+05:30,NIFTY2621026400CE,26400.0,2026-02-10,412.9,
2026-01-07 13:42:17+05:30,NIFTY2621026400CE,26400.0,2026-02-10,412.9,
2026-01-07 13:42:18+05:30,NIFTY2621026400CE,26400.0,2026-02-10,412.9,
2026-01-07 13:42:19+05:30,NIFTY2621026400CE,26400.0,2026-02-10,412.9,
2026-01-07 13:42:20+05:30,NIFTY2621026400CE,26400.0,2026-02-10,412.9,
2026-01-07 13:42:21+05:30,NIFTY2621026400CE,26400.0,2026-02-10,412.9,
2026-01-07 13:42:22+05:30,NIFTY2621026400CE,26400.0,2026-02-10,412.9,
2026-01-07 13:42:23+05:30,NIFTY2621026400CE,26400.0,2026-02-10,412.9,
2026-01-07 13:42:24+05:30,NIFTY2621026400CE,26400.0,2026-02-10,412.9,
2026-01-07 13:42:25+05:30,NIFTY2621026400CE,26400.0,2026-02-10,412.9,
2026-01-07 13:42:26+05:30,NIFTY2621026400CE,26400.0,2026-02-10,412.9,
2026-01-07 13:42:27+05:30,NIFTY2621026400CE,26400.0,2026-02-10,412.9,
2026-01-07 13:42:28+05:30,NIFTY2621026400CE,26400.0,2026-02-10,412.9,
2026-01-07 13:42:29+05:30,NIFTY2621026400CE,26400.0,2026-02-10,412.9,
2026-01-07 13:42:30+05:30,NIFTY2621026400CE,26400.0,2026-02-10,412.9,
2026-01-07 13:42:31+05:30,NIFTY2621026400CE,26400.0,2026-02-10,412.9,
2026-01-07 13:42:32+05:30,NIFTY2621026400CE,26400.0,2026-02-10,412.9,
2026-01-07 13:42:33+05:30,NIFTY2621026400CE,26400.0,2026-02-10,412.9,
2026-01-07 13:42:34+05:30,NIFTY2621026400CE,26400.0,2026-02-10,412.9,
2026-01-07 13:42:35+05:30,NIFTY2621026400CE,26400.0,2026-02-10,412.9,
2026-01-07 13:42:36+05:30,NIFTY2621026400CE,26400.0,2026-02-10,412.9,
2026-01-07 13:42:37+05:30,NIFTY2621026400CE,26400.0,2026-02-10,412.9,
2026-01-07 13:42:38+05:30,NIFTY2621026400CE,26400.0,2026-02-10,412.9,
2026-01-07 13:42:39+05:30,NIFTY2621026400CE,26400.0,2026-02-10,412.9,
2026-01-07 13:42:40+05:30,NIFTY2621026400CE,26400.0,2026-02-10,412.9,
2026-01-07 13:42:41+05:30,NIFTY2621026400CE,26400.0,2026-02-10,412.9,
2026-01-07 13:42:42+05:30,NIFTY2621026400CE,26400.0,2026-02-10,412.9,
2026-01-07 13:42:43+05:30,NIFTY2621026400CE,26400.0,2026-02-10,412.9,
2026-01-07 13:42:44+05:30,NIFTY2621026400CE,26400.0,2026-02-10,412.9,
2026-01-07 13:42:45+05:30,NIFTY2621026400CE,26400.0,2026-02-10,412.9,
2026-01-07 13:42:46+05:30,NIFTY2621026400CE,26400.0,2026-02-10,412.9,
2026-01-07 13:42:47+05:30,NIFTY2621026400CE,26400.0,2026-02-10,412.9,
2026-01-07 13:42:48+05:30,NIFTY2621026400CE,26400.0,2026-02-10,412.9,
2026-01-07 13:42:49+05:30,NIFTY2621026400CE,26400.0,2026-02-10,412.9,
2026-01-07 13:42:50+05:30,NIFTY2621026400CE,26400.0,2026-02-10,412.9,
2026-01-07 13:42:51+05:30,NIFTY2621026400CE,26400.0,2026-02-10,412.9,
2026-01-07 13:42:52+05:30,NIFTY2621026400CE,26400.0,2026-02-10,412.9,
2026-01-07 13:42:53+05:30,NIFTY2621026400CE,26400.0,2026-02-10,412.9,
2026-01-07 13:42:54+05:30,NIFTY2621026400CE,26400.0,2026-02-10,412.9,
2026-01-07 13:42:55+05:30,NIFTY2621026400CE,26400.0,2026-02-10,412.9,
2026-01-07 13:42:56+05:30,NIFTY2621026400CE,26400.0,2026-02-10,412.9,
2026-01-07 13:42:57+05:30,NIFTY2621026400CE,26400.0,2026-02-10,412.9,
2026-01-07 13:42:58+05:30,NIFTY2621026400CE,26400.0,2026-02-10,412.9,
2026-01-07 13:42:59+05:30,NIFTY2621026400CE,26400.0,2026-02-10,412.9,
2026-01-07 13:43:00+05:30,NIFTY2621026400CE,26400.0,2026-02-10,412.9,
2026-01-07 13:43:01+05:30,NIFTY2621026400CE,26400.0,2026-02-10,412.9,
2026-01-07 13:43:02+05:30,NIFTY2621026400CE,26400.0,2026-02-10,412.9,
2026-01-07 13:43:03+05:30,NIFTY2621026400CE,26400.0,2026-02-10,412.9,
2026-01-07 13:43:04+05:30,NIFTY2621026400CE,26400.0,2026-02-10,412.9,
2026-01-07 13:43:05+05:30,NIFTY2621026400CE,26400.0,2026-02-10,412.9,
2026-01-07 13:43:06+05:30,NIFTY2621026400CE,26400.0,2026-02-10,412.9,
2026-01-07 13:43:07+05:30,NIFTY2621026400CE,26400.0,2026-02-10,412.9,
2026-01-07 13:43:08+05:30,NIFTY2621026400CE,26400.0,2026-02-10,412.9,
2026-01-07 13:43:09+05:30,NIFTY2621026400CE,26400.0,2026-02-10,412.9,
2026-01-07 13:43:10+05:30,NIFTY2621026400CE,26400.0,2026-02-10,412.9,
2026-01-07 13:43:11+05:30,NIFTY2621026400CE,26400.0,2026-02-10,412.9,
2026-01-07 13:43:12+05:30,NIFTY2621026400CE,26400.0,2026-02-10,412.9,
2026-01-07 13:43:13+05:30,NIFTY2621026400CE,26400.0,2026-02-10,412.9,
2026-01-07 13:43:14+05:30,NIFTY2621026400CE,26400.0,2026-02-10,412.9,
2026-01-07 13:43:15+05:30,NIFTY2621026400CE,26400.0,2026-02-10,412.9,
2026-01-07 13:43:16+05:30,NIFTY2621026400CE,26400.0,2026-02-10,412.9,
2026-01-07 13:43:17+05:30,NIFTY2621026400CE,26400.0,2026-02-10,412.9,
2026-01-07 13:43:18+05:30,NIFTY2621026400CE,26400.0,2026-02-10,412.9,
2026-01-07 13:43:19+05:30,NIFTY2621026400CE,26400.0,2026-02-10,412.9,
2026-01-07 13:43:20+05:30,NIFTY2621026400CE,26400.0,2026-02-10,412.9,
2026-01-07 13:43:21+05:30,NIFTY2621026400CE,26400.0,2026-02-10,412.9,
2026-01-07 13:43:22+05:30,NIFTY2621026400CE,26400.0,2026-02-10,412.9,
2026-01-07 13:43:23+05:30,NIFTY2621026400CE,26400.0,2026-02-10,412.9,
2026-01-07 13:43:24+05:30,NIFTY2621026400CE,26400.0,2026-02-10,412.9,
2026-01-07 13:43:25+05:30,NIFTY2621026400CE,26400.0,2026-02-10,412.9,
2026-01-07 13:43:26+05:30,NIFTY2621026400CE,26400.0,2026-02-10,412.9,
2026-01-07 13:43:27+05:30,NIFTY2621026400CE,26400.0,2026-02-10,412.9,
2026-01-07 13:43:28+05:30,NIFTY2621026400CE,26400.0,2026-02-10,412.9,
2026-01-07 13:43:29+05:30,NIFTY2621026400CE,26400.0,2026-02-10,412.9,
2026-01-07 13:43:30+05:30,NIFTY2621026400CE,26400.0,2026-02-10,412.9,
2026-01-07 13:43:31+05:30,NIFTY2621026400CE,26400.0,2026-02-10,412.9,
2026-01-07 13:43:32+05:30,NIFTY2621026400CE,26400.0,2026-02-10,412.9,
2026-01-07 13:43:33+05:30,NIFTY2621026400CE,26400.0,2026-02-10,412.9,
2026-01-07 13:43:34+05:30,NIFTY2621026400CE,26400.0,2026-02-10,412.9,
2026-01-07 13:43:35+05:30,NIFTY2621026400CE,26400.0,2026-02-10,412.9,
2026-01-07 13:43:36+05:30,NIFTY2621026400CE,26400.0,2026-02-10,412.9,
2026-01-07 13:43:37+05:30,NIFTY2621026400CE,26400.0,2026-02-10,412.9,
2026-01-07 13:43:38+05:30,NIFTY2621026400CE,26400.0,2026-02-10,412.9,
2026-01-07 13:43:39+05:30,NIFTY2621026400CE,26400.0,2026-02-10,412.9,
2026-01-07 13:43:40+05:30,NIFTY2621026400CE,26400.0,2026-02-10,412.9,
2026-01-07 13:43:41+05:30,NIFTY2621026400CE,26400.0,2026-02-10,412.9,
2026-01-07 13:43:42+05:30,NIFTY2621026400CE,26400.0,2026-02-10,412.9,
2026-01-07 13:43:43+05:30,NIFTY2621026400CE,26400.0,2026-02-10,412.9,
2026-01-07 13:43:44+05:30,NIFTY2621026400CE,26400.0,2026-02-10,412.9,
2026-01-07 13:43:45+05:30,NIFTY2621026400CE,26400.0,2026-02-10,412.9,
2026-01-07 13:43:46+05:30,NIFTY2621026400CE,26400.0,2026-02-10,412.9,
2026-01-07 13:43:47+05:30,NIFTY2621026400CE,26400.0,2026-02-10,412.9,
2026-01-07 13:43:48+05:30,NIFTY2621026400CE,26400.0,2026-02-10,412.9,
2026-01-07 13:43:49+05:30,NIFTY2621026400CE,26400.0,2026-02-10,412.9,
2026-01-07 13:43:50+05:30,NIFTY2621026400CE,26400.0,2026-02-10,412.9,
2026-01-07 13:43:51+05:30,NIFTY2621026400CE,26400.0,2026-02-10,412.9,
2026-01-07 13:43:52+05:30,NIFTY2621026400CE,26400.0,2026-02-10,412.9,
2026-01-07 13:43:53+05:30,NIFTY2621026400CE,26400.0,2026-02-10,412.9,
2026-01-07 13:43:54+05:30,NIFTY2621026400CE,26400.0,2026-02-10,412.9,
2026-01-07 13:43:55+05:30,NIFTY2621026400CE,26400.0,2026-02-10,412.9,
2026-01-07 13:43:56+05:30,NIFTY2621026400CE,26400.0,2026-02-10,412.9,
2026-01-07 13:43:57+05:30,NIFTY2621026400CE,26400.0,2026-02-10,412.9,
2026-01-07 13:43:58+05:30,NIFTY2621026400CE,26400.0,2026-02-10,412.9,
2026-01-07 13:43:59+05:30,NIFTY2621026400CE,26400.0,2026-02-10,412.9,
2026-01-07 13:44:00+05:30,NIFTY2621026400CE,26400.0,2026-02-10,412.9,
2026-01-07 13:44:01+05:30,NIFTY2621026400CE,26400.0,2026-02-10,412.9,
2026-01-07 13:44:02+05:30,NIFTY2621026400CE,26400.0,2026-02-10,412.9,
2026-01-07 13:44:03+05:30,NIFTY2621026400CE,26400.0,2026-02-10,412.9,
2026-01-07 13:44:04+05:30,NIFTY2621026400CE,26400.0,2026-02-10,412.9,
2026-01-07 13:44:05+05:30,NIFTY2621026400CE,26400.0,2026-02-10,412.9,
2026-01-07 13:44:06+05:30,NIFTY2621026400CE,26400.0,2026-02-10,412.9,
2026-01-07 13:44:07+05:30,NIFTY2621026400CE,26400.0,2026-02-10,412.9,
2026-01-07 13:44:08+05:30,NIFTY2621026400CE,26400.0,2026-02-10,412.9,
2026-01-07 13:44:09+05:30,NIFTY2621026400CE,26400.0,2026-02-10,412.9,
2026-01-07 13:44:10+05:30,NIFTY2621026400CE,26400.0,2026-02-10,412.9,
2026-01-07 13:44:11+05:30,NIFTY2621026400CE,26400.0,2026-02-10,412.9,
2026-01-07 13:44:12+05:30,NIFTY2621026400CE,26400.0,2026-02-10,412.9,
2026-01-07 13:44:13+05:30,NIFTY2621026400CE,26400.0,2026-02-10,412.9,
2026-01-07 13:44:14+05:30,NIFTY2621026400CE,26400.0,2026-02-10,412.9,
2026-01-07 13:44:15+05:30,NIFTY2621026400CE,26400.0,2026-02-10,412.9,
2026-01-07 13:44:16+05:30,NIFTY2621026400CE,26400.0,2026-02-10,412.9,
2026-01-07 13:44:17+05:30,NIFTY2621026400CE,26400.0,2026-02-10,412.9,
2026-01-07 13:44:18+05:30,NIFTY2621026400CE,26400.0,2026-02-10,412.9,
2026-01-07 13:44:19+05:30,NIFTY2621026400CE,26400.0,2026-02-10,412.9,
2026-01-07 13:44:20+05:30,NIFTY2621026400CE,26400.0,2026-02-10,412.9,
2026-01-07 13:44:21+05:30,NIFTY2621026400CE,26400.0,2026-02-10,412.9,
2026-01-07 13:44:22+05:30,NIFTY2621026400CE,26400.0,2026-02-10,412.9,
2026-01-07 13:44:23+05:30,NIFTY2621026400CE,26400.0,2026-02-10,412.9,
2026-01-07 13:44:24+05:30,NIFTY2621026400CE,26400.0,2026-02-10,412.9,
2026-01-07 13:44:25+05:30,NIFTY2621026400CE,26400.0,2026-02-10,412.9,
2026-01-07 13:44:26+05:30,NIFTY2621026400CE,26400.0,2026-02-10,412.9,
2026-01-07 13:44:27+05:30,NIFTY2621026400CE,26400.0,2026-02-10,412.9,
2026-01-07 13:44:28+05:30,NIFTY2621026400CE,26400.0,2026-02-10,412.9,
2026-01-07 13:44:29+05:30,NIFTY2621026400CE,26400.0,2026-02-10,412.9,
2026-01-07 13:44:30+05:30,NIFTY2621026400CE,26400.0,2026-02-10,412.9,
2026-01-07 13:44:31+05:30,NIFTY2621026400CE,26400.0,2026-02-10,412.9,
2026-01-07 13:44:32+05:30,NIFTY2621026400CE,26400.0,2026-02-10,412.9,
2026-01-07 13:44:33+05:30,NIFTY2621026400CE,26400.0,2026-02-10,412.9,
2026-01-07 13:44:34+05:30,NIFTY2621026400CE,26400.0,2026-02-10,412.9,
2026-01-07 13:44:35+05:30,NIFTY2621026400CE,26400.0,2026-02-10,412.9,
2026-01-07 13:44:36+05:30,NIFTY2621026400CE,26400.0,2026-02-10,412.9,
2026-01-07 13:44:37+05:30,NIFTY2621026400CE,26400.0,2026-02-10,412.9,
2026-01-07 13:44:38+05:30,NIFTY2621026400CE,26400.0,2026-02-10,412.9,
2026-01-07 13:44:39+05:30,NIFTY2621026400CE,26400.0,2026-02-10,412.9,
2026-01-07 13:44:40+05:30,NIFTY2621026400CE,26400.0,2026-02-10,412.9,
2026-01-07 13:44:41+05:30,NIFTY2621026400CE,26400.0,2026-02-10,412.9,
2026-01-07 13:44:42+05:30,NIFTY2621026400CE,26400.0,2026-02-10,412.9,
2026-01-07 13:44:43+05:30,NIFTY2621026400CE,26400.0,2026-02-10,412.9,
2026-01-07 13:44:44+05:30,NIFTY2621026400CE,26400.0,2026-02-10,412.9,
2026-01-07 13:44:45+05:30,NIFTY2621026400CE,26400.0,2026-02-10,412.9,
2026-01-07 13:44:46+05:30,NIFTY2621026400CE,26400.0,2026-02-10,412.9,
2026-01-07 13:44:47+05:30,NIFTY2621026400CE,26400.0,2026-02-10,412.9,
2026-01-07 13:44:48+05:30,NIFTY2621026400CE,26400.0,2026-02-10,412.9,
2026-01-07 13:44:49+05:30,NIFTY2621026400CE,26400.0,2026-02-10,412.9,
2026-01-07 13:44:50+05:30,NIFTY2621026400CE,26400.0,2026-02-10,412.9,
2026-01-07 13:44:51+05:30,NIFTY2621026400CE,26400.0,2026-02-10,412.9,
2026-01-07 13:44:52+05:30,NIFTY2621026400CE,26400.0,2026-02-10,412.9,
2026-01-07 13:44:53+05:30,NIFTY2621026400CE,26400.0,2026-02-10,412.9,
2026-01-07 13:44:54+05:30,NIFTY2621026400CE,26400.0,2026-02-10,412.9,
2026-01-07 13:44:55+05:30,NIFTY2621026400CE,26400.0,2026-02-10,412.9,
2026-01-07 13:44:56+05:30,NIFTY2621026400CE,26400.0,2026-02-10,412.9,
2026-01-07 13:44:57+05:30,NIFTY2621026400CE,26400.0,2026-02-10,412.9,
2026-01-07 13:44:58+05:30,NIFTY2621026400CE,26400.0,2026-02-10,412.9,
2026-01-07 13:44:59+05:30,NIFTY2621026400CE,26400.0,2026-02-10,412.9,
2026-01-07 13:45:00+05:30,NIFTY2621026400CE,26400.0,2026-02-10,412.9,
2026-01-07 13:45:01+05:30,NIFTY2621026400CE,26400.0,2026-02-10,412.9,
2026-01-07 13:45:02+05:30,NIFTY2621026400CE,26400.0,2026-02-10,412.9,
2026-01-07 13:45:03+05:30,NIFTY2621026400CE,26400.0,2026-02-10,412.9,
2026-01-07 13:45:04+05:30,NIFTY2621026400CE,26400.0,2026-02-10,412.9,
2026-01-07 13:45:05+05:30,NIFTY2621026400CE,26400.0,2026-02-10,412.9,
2026-01-07 13:45:06+05:30,NIFTY2621026400CE,26400.0,2026-02-10,412.9,
2026-01-07 13:45:07+05:30,NIFTY2621026400CE,26400.0,2026-02-10,412.9,
2026-01-07 13:45:08+05:30,NIFTY2621026400CE,26400.0,2026-02-10,412.9,
2026-01-07 13:45:09+05:30,NIFTY2621026400CE,26400.0,2026-02-10,412.9,
2026-01-07 13:45:10+05:30,NIFTY2621026400CE,26400.0,2026-02-10,412.9,
2026-01-07 13:45:11+05:30,NIFTY2621026400CE,26400.0,2026-02-10,412.9,
2026-01-07 13:45:12+05:30,NIFTY2621026400CE,26400.0,2026-02-10,412.9,
2026-01-07 13:45:13+05:30,NIFTY2621026400CE,26400.0,2026-02-10,412.9,
2026-01-07 13:45:14+05:30,NIFTY2621026400CE,26400.0,2026-02-10,412.9,
2026-01-07 13:45:15+05:30,NIFTY2621026400CE,26400.0,2026-02-10,412.9,
2026-01-07 13:45:16+05:30,NIFTY2621026400CE,26400.0,2026-02-10,412.9,
2026-01-07 13:45:17+05:30,NIFTY2621026400CE,26400.0,2026-02-10,412.9,
2026-01-07 13:45:18+05:30,NIFTY2621026400CE,26400.0,2026-02-10,412.9,
2026-01-07 13:45:19+05:30,NIFTY2621026400CE,26400.0,2026-02-10,412.9,
2026-01-07 13:45:20+05:30,NIFTY2621026400CE,26400.0,2026-02-10,412.9,
2026-01-07 13:45:21+05:30,NIFTY2621026400CE,26400.0,2026-02-10,412.9,
2026-01-07 13:45:22+05:30,NIFTY2621026400CE,26400.0,2026-02-10,412.9,
2026-01-07 13:45:23+05:30,NIFTY2621026400CE,26400.0,2026-02-10,412.9,
2026-01-07 13:45:24+05:30,NIFTY2621026400CE,26400.0,2026-02-10,412.9,
2026-01-07 13:45:25+05:30,NIFTY2621026400CE,26400.0,2026-02-10,412.9,
2026-01-07 13:45:26+05:30,NIFTY2621026400CE,26400.0,2026-02-10,412.9,
2026-01-07 13:45:27+05:30,NIFTY2621026400CE,26400.0,2026-02-10,412.9,
2026-01-07 13:45:28+05:30,NIFTY2621026400CE,26400.0,2026-02-10,412.9,
2026-01-07 13:45:29+05:30,NIFTY2621026400CE,26400.0,2026-02-10,412.9,
2026-01-07 13:45:30+05:30,NIFTY2621026400CE,26400.0,2026-02-10,412.9,
2026-01-07 13:45:31+05:30,NIFTY2621026400CE,26400.0,2026-02-10,412.9,
2026-01-07 13:45:32+05:30,NIFTY2621026400CE,26400.0,2026-02-10,412.9,
2026-01-07 13:45:33+05:30,NIFTY2621026400CE,26400.0,2026-02-10,412.9,
2026-01-07 13:45:34+05:30,NIFTY2621026400CE,26400.0,2026-02-10,412.9,
2026-01-07 13:45:35+05:30,NIFTY2621026400CE,26400.0,2026-02-10,412.9,
2026-01-07 13:45:36+05:30,NIFTY2621026400CE,26400.0,2026-02-10,412.9,
2026-01-07 13:45:37+05:30,NIFTY2621026400CE,26400.0,2026-02-10,412.9,
2026-01-07 13:45:38+05:30,NIFTY2621026400CE,26400.0,2026-02-10,412.9,
2026-01-07 13:45:39+05:30,NIFTY2621026400CE,26400.0,2026-02-10,412.9,
2026-01-07 13:45:40+05:30,NIFTY2621026400CE,26400.0,2026-02-10,412.9,
2026-01-07 13:45:41+05:30,NIFTY2621026400CE,26400.0,2026-02-10,412.9,
2026-01-07 13:45:42+05:30,NIFTY2621026400CE,26400.0,2026-02-10,412.9,
2026-01-07 13:45:43+05:30,NIFTY2621026400CE,26400.0,2026-02-10,412.9,
2026-01-07 13:45:44+05:30,NIFTY2621026400CE,26400.0,2026-02-10,412.9,
2026-01-07 13:45:45+05:30,NIFTY2621026400CE,26400.0,2026-02-10,412.9,
2026-01-07 13:45:46+05:30,NIFTY2621026400CE,26400.0,2026-02-10,412.9,
2026-01-07 13:45:47+05:30,NIFTY2621026400CE,26400.0,2026-02-10,412.9,
2026-01-07 13:45:48+05:30,NIFTY2621026400CE,26400.0,2026-02-10,412.9,
2026-01-07 13:45:49+05:30,NIFTY2621026400CE,26400.0,2026-02-10,412.9,
2026-01-07 13:45:50+05:30,NIFTY2621026400CE,26400.0,2026-02-10,412.9,
2026-01-07 13:45:51+05:30,NIFTY2621026400CE,26400.0,2026-02-10,412.9,
2026-01-07 13:45:52+05:30,NIFTY2621026400CE,26400.0,2026-02-10,412.9,
2026-01-07 13:45:53+05:30,NIFTY2621026400CE,26400.0,2026-02-10,412.9,
2026-01-07 13:45:54+05:30,NIFTY2621026400CE,26400.0,2026-02-10,412.9,
2026-01-07 13:45:55+05:30,NIFTY2621026400CE,26400.0,2026-02-10,412.9,
2026-01-07 13:45:56+05:30,NIFTY2621026400CE,26400.0,2026-02-10,412.9,
2026-01-07 13:45:57+05:30,NIFTY2621026400CE,26400.0,2026-02-10,412.9,
2026-01-07 13:45:58+05:30,NIFTY2621026400CE,26400.0,2026-02-10,412.9,
2026-01-07 13:45:59+05:30,NIFTY2621026400CE,26400.0,2026-02-10,412.9,
2026-01-07 13:46:00+05:30,NIFTY2621026400CE,26400.0,2026-02-10,412.9,
2026-01-07 13:46:01+05:30,NIFTY2621026400CE,26400.0,2026-02-10,412.9,
2026-01-07 13:46:02+05:30,NIFTY2621026400CE,26400.0,2026-02-10,412.9,
2026-01-07 13:46:03+05:30,NIFTY2621026400CE,26400.0,2026-02-10,412.9,
2026-01-07 13:46:04+05:30,NIFTY2621026400CE,26400.0,2026-02-10,412.9,
2026-01-07 13:46:05+05:30,NIFTY2621026400CE,26400.0,2026-02-10,412.9,
2026-01-07 13:46:06+05:30,NIFTY2621026400CE,26400.0,2026-02-10,412.9,
2026-01-07 13:46:07+05:30,NIFTY2621026400CE,26400.0,2026-02-10,412.9,
2026-01-07 13:46:08+05:30,NIFTY2621026400CE,26400.0,2026-02-10,412.9,
2026-01-07 13:46:09+05:30,NIFTY2621026400CE,26400.0,2026-02-10,412.9,
2026-01-07 13:46:10+05:30,NIFTY2621026400CE,26400.0,2026-02-10,412.9,
2026-01-07 13:46:11+05:30,NIFTY2621026400CE,26400.0,2026-02-10,412.9,
2026-01-07 13:46:12+05:30,NIFTY2621026400CE,26400.0,2026-02-10,412.9,
2026-01-07 13:46:13+05:30,NIFTY2621026400CE,26400.0,2026-02-10,412.9,
2026-01-07 13:46:14+05:30,NIFTY2621026400CE,26400.0,2026-02-10,412.9,
2026-01-07 13:46:15+05:30,NIFTY2621026400CE,26400.0,2026-02-10,412.9,
2026-01-07 13:46:16+05:30,NIFTY2621026400CE,26400.0,2026-02-10,412.9,
2026-01-07 13:46:17+05:30,NIFTY2621026400CE,26400.0,2026-02-10,412.9,
2026-01-07 13:46:18+05:30,NIFTY2621026400CE,26400.0,2026-02-10,412.9,
2026-01-07 13:46:19+05:30,NIFTY2621026400CE,26400.0,2026-02-10,412.9,
2026-01-07 13:46:20+05:30,NIFTY2621026400CE,26400.0,2026-02-10,412.9,
2026-01-07 13:46:21+05:30,NIFTY2621026400CE,26400.0,2026-02-10,412.9,
2026-01-07 13:46:22+05:30,NIFTY2621026400CE,26400.0,2026-02-10,412.9,
2026-01-07 13:46:23+05:30,NIFTY2621026400CE,26400.0,2026-02-10,412.9,
2026-01-07 13:46:24+05:30,NIFTY2621026400CE,26400.0,2026-02-10,412.9,
2026-01-07 13:46:25+05:30,NIFTY2621026400CE,26400.0,2026-02-10,412.9,
2026-01-07 13:46:26+05:30,NIFTY2621026400CE,26400.0,2026-02-10,412.9,
2026-01-07 13:46:27+05:30,NIFTY2621026400CE,26400.0,2026-02-10,412.9,
2026-01-07 13:46:28+05:30,NIFTY2621026400CE,26400.0,2026-02-10,412.9,
2026-01-07 13:46:29+05:30,NIFTY2621026400CE,26400.0,2026-02-10,412.9,
2026-01-07 13:46:30+05:30,NIFTY2621026400CE,26400.0,2026-02-10,412.9,
2026-01-07 13:46:31+05:30,NIFTY2621026400CE,26400.0,2026-02-10,412.9,
2026-01-07 13:46:32+05:30,NIFTY2621026400CE,26400.0,2026-02-10,412.9,
2026-01-07 13:46:33+05:30,NIFTY2621026400CE,26400.0,2026-02-10,412.9,
2026-01-07 13:46:34+05:30,NIFTY2621026400CE,26400.0,2026-02-10,412.9,
2026-01-07 13:46:35+05:30,NIFTY2621026400CE,26400.0,2026-02-10,412.9,
2026-01-07 13:46:36+05:30,NIFTY2621026400CE,26400.0,2026-02-10,412.9,
2026-01-07 13:46:37+05:30,NIFTY2621026400CE,26400.0,2026-02-10,412.9,
2026-01-07 13:46:38+05:30,NIFTY2621026400CE,26400.0,2026-02-10,412.9,
2026-01-07 13:46:39+05:30,NIFTY2621026400CE,26400.0,2026-02-10,412.9,
2026-01-07 13:46:40+05:30,NIFTY2621026400CE,26400.0,2026-02-10,412.9,
2026-01-07 13:46:41+05:30,NIFTY2621026400CE,26400.0,2026-02-10,412.9,
2026-01-07 13:46:42+05:30,NIFTY2621026400CE,26400.0,2026-02-10,412.9,
2026-01-07 13:46:43+05:30,NIFTY2621026400CE,26400.0,2026-02-10,412.9,
2026-01-07 13:46:44+05:30,NIFTY2621026400CE,26400.0,2026-02-10,412.9,
2026-01-07 13:46:45+05:30,NIFTY2621026400CE,26400.0,2026-02-10,412.9,
2026-01-07 13:46:46+05:30,NIFTY2621026400CE,26400.0,2026-02-10,412.9,
2026-01-07 13:46:47+05:30,NIFTY2621026400CE,26400.0,2026-02-10,412.9,
2026-01-07 13:46:48+05:30,NIFTY2621026400CE,26400.0,2026-02-10,412.9,
2026-01-07 13:46:49+05:30,NIFTY2621026400CE,26400.0,2026-02-10,412.9,
2026-01-07 13:46:50+05:30,NIFTY2621026400CE,26400.0,2026-02-10,412.9,
2026-01-07 13:46:51+05:30,NIFTY2621026400CE,26400.0,2026-02-10,412.9,
2026-01-07 13:46:52+05:30,NIFTY2621026400CE,26400.0,2026-02-10,412.9,
2026-01-07 13:46:53+05:30,NIFTY2621026400CE,26400.0,2026-02-10,412.9,
2026-01-07 13:46:54+05:30,NIFTY2621026400CE,26400.0,2026-02-10,412.9,
2026-01-07 13:46:55+05:30,NIFTY2621026400CE,26400.0,2026-02-10,412.9,
2026-01-07 13:46:56+05:30,NIFTY2621026400CE,26400.0,2026-02-10,412.9,
2026-01-07 13:46:57+05:30,NIFTY2621026400CE,26400.0,2026-02-10,412.9,
2026-01-07 13:46:58+05:30,NIFTY2621026400CE,26400.0,2026-02-10,412.9,
2026-01-07 13:46:59+05:30,NIFTY2621026400CE,26400.0,2026-02-10,412.9,
2026-01-07 13:47:00+05:30,NIFTY2621026400CE,26400.0,2026-02-10,412.9,
2026-01-07 13:47:01+05:30,NIFTY2621026400CE,26400.0,2026-02-10,412.9,
2026-01-07 13:47:02+05:30,NIFTY2621026400CE,26400.0,2026-02-10,412.9,
2026-01-07 13:47:03+05:30,NIFTY2621026400CE,26400.0,2026-02-10,412.9,
2026-01-07 13:47:04+05:30,NIFTY2621026400CE,26400.0,2026-02-10,412.9,
2026-01-07 13:47:05+05:30,NIFTY2621026400CE,26400.0,2026-02-10,412.9,
2026-01-07 13:47:06+05:30,NIFTY2621026400CE,26400.0,2026-02-10,412.9,
2026-01-07 13:47:07+05:30,NIFTY2621026400CE,26400.0,2026-02-10,412.9,
2026-01-07 13:47:08+05:30,NIFTY2621026400CE,26400.0,2026-02-10,412.9,
2026-01-07 13:47:09+05:30,NIFTY2621026400CE,26400.0,2026-02-10,412.9,
2026-01-07 13:47:10+05:30,NIFTY2621026400CE,26400.0,2026-02-10,412.9,
2026-01-07 13:47:11+05:30,NIFTY2621026400CE,26400.0,2026-02-10,412.9,
2026-01-07 13:47:12+05:30,NIFTY2621026400CE,26400.0,2026-02-10,412.9,
2026-01-07 13:47:13+05:30,NIFTY2621026400CE,26400.0,2026-02-10,412.9,
2026-01-07 13:47:14+05:30,NIFTY2621026400CE,26400.0,2026-02-10,412.9,
2026-01-07 13:47:15+05:30,NIFTY2621026400CE,26400.0,2026-02-10,412.9,
2026-01-07 13:47:16+05:30,NIFTY2621026400CE,26400.0,2026-02-10,412.9,
2026-01-07 13:47:17+05:30,NIFTY2621026400CE,26400.0,2026-02-10,412.9,
2026-01-07 13:47:18+05:30,NIFTY2621026400CE,26400.0,2026-02-10,412.9,
2026-01-07 13:47:19+05:30,NIFTY2621026400CE,26400.0,2026-02-10,412.9,
2026-01-07 13:47:20+05:30,NIFTY2621026400CE,26400.0,2026-02-10,412.9,
2026-01-07 13:47:21+05:30,NIFTY2621026400CE,26400.0,2026-02-10,412.9,
2026-01-07 13:47:22+05:30,NIFTY2621026400CE,26400.0,2026-02-10,412.9,
2026-01-07 13:47:23+05:30,NIFTY2621026400CE,26400.0,2026-02-10,412.9,
2026-01-07 13:47:24+05:30,NIFTY2621026400CE,26400.0,2026-02-10,412.9,
2026-01-07 13:47:25+05:30,NIFTY2621026400CE,26400.0,2026-02-10,412.9,
2026-01-07 13:47:26+05:30,NIFTY2621026400CE,26400.0,2026-02-10,412.9,
2026-01-07 13:47:27+05:30,NIFTY2621026400CE,26400.0,2026-02-10,412.9,
2026-01-07 13:47:28+05:30,NIFTY2621026400CE,26400.0,2026-02-10,412.9,
2026-01-07 13:47:29+05:30,NIFTY2621026400CE,26400.0,2026-02-10,412.9,
2026-01-07 13:47:30+05:30,NIFTY2621026400CE,26400.0,2026-02-10,412.9,
2026-01-07 13:47:31+05:30,NIFTY2621026400CE,26400.0,2026-02-10,412.9,
2026-01-07 13:47:32+05:30,NIFTY2621026400CE,26400.0,2026-02-10,412.9,
2026-01-07 13:47:33+05:30,NIFTY2621026400CE,26400.0,2026-02-10,412.9,
2026-01-07 13:47:34+05:30,NIFTY2621026400CE,26400.0,2026-02-10,412.9,
2026-01-07 13:47:35+05:30,NIFTY2621026400CE,26400.0,2026-02-10,412.9,
2026-01-07 13:47:36+05:30,NIFTY2621026400CE,26400.0,2026-02-10,412.9,
2026-01-07 13:47:37+05:30,NIFTY2621026400CE,26400.0,2026-02-10,412.9,
2026-01-07 13:47:38+05:30,NIFTY2621026400CE,26400.0,2026-02-10,412.9,
2026-01-07 13:47:39+05:30,NIFTY2621026400CE,26400.0,2026-02-10,412.9,
2026-01-07 13:47:40+05:30,NIFTY2621026400CE,26400.0,2026-02-10,412.9,
2026-01-07 13:47:41+05:30,NIFTY2621026400CE,26400.0,2026-02-10,412.9,
2026-01-07 13:47:42+05:30,NIFTY2621026400CE,26400.0,2026-02-10,412.9,
2026-01-07 13:47:43+05:30,NIFTY2621026400CE,26400.0,2026-02-10,412.9,
2026-01-07 13:47:44+05:30,NIFTY2621026400CE,26400.0,2026-02-10,412.9,
2026-01-07 13:47:45+05:30,NIFTY2621026400CE,26400.0,2026-02-10,412.9,
2026-01-07 13:47:46+05:30,NIFTY2621026400CE,26400.0,2026-02-10,412.9,
2026-01-07 13:47:47+05:30,NIFTY2621026400CE,26400.0,2026-02-10,412.9,
2026-01-07 13:47:48+05:30,NIFTY2621026400CE,26400.0,2026-02-10,412.9,
2026-01-07 13:47:49+05:30,NIFTY2621026400CE,26400.0,2026-02-10,412.9,
2026-01-07 13:47:50+05:30,NIFTY2621026400CE,26400.0,2026-02-10,412.9,
2026-01-07 13:47:51+05:30,NIFTY2621026400CE,26400.0,2026-02-10,412.9,
2026-01-07 13:47:52+05:30,NIFTY2621026400CE,26400.0,2026-02-10,412.9,
2026-01-07 13:47:53+05:30,NIFTY2621026400CE,26400.0,2026-02-10,412.9,
2026-01-07 13:47:54+05:30,NIFTY2621026400CE,26400.0,2026-02-10,412.9,
2026-01-07 13:47:55+05:30,NIFTY2621026400CE,26400.0,2026-02-10,412.9,
2026-01-07 13:47:56+05:30,NIFTY2621026400CE,26400.0,2026-02-10,412.9,
2026-01-07 13:47:57+05:30,NIFTY2621026400CE,26400.0,2026-02-10,412.9,
2026-01-07 13:47:58+05:30,NIFTY2621026400CE,26400.0,2026-02-10,412.9,
2026-01-07 13:47:59+05:30,NIFTY2621026400CE,26400.0,2026-02-10,412.9,
2026-01-07 13:48:00+05:30,NIFTY2621026400CE,26400.0,2026-02-10,412.9,
2026-01-07 13:48:01+05:30,NIFTY2621026400CE,26400.0,2026-02-10,412.9,
2026-01-07 13:48:02+05:30,NIFTY2621026400CE,26400.0,2026-02-10,412.9,
2026-01-07 13:48:03+05:30,NIFTY2621026400CE,26400.0,2026-02-10,412.9,
2026-01-07 13:48:04+05:30,NIFTY2621026400CE,26400.0,2026-02-10,412.9,
2026-01-07 13:48:05+05:30,NIFTY2621026400CE,26400.0,2026-02-10,412.9,
2026-01-07 13:48:06+05:30,NIFTY2621026400CE,26400.0,2026-02-10,412.9,
2026-01-07 13:48:07+05:30,NIFTY2621026400CE,26400.0,2026-02-10,412.9,
2026-01-07 13:48:08+05:30,NIFTY2621026400CE,26400.0,2026-02-10,412.9,
2026-01-07 13:48:09+05:30,NIFTY2621026400CE,26400.0,2026-02-10,412.9,
2026-01-07 13:48:10+05:30,NIFTY2621026400CE,26400.0,2026-02-10,412.9,
2026-01-07 13:48:11+05:30,NIFTY2621026400CE,26400.0,2026-02-10,412.9,
2026-01-07 13:48:12+05:30,NIFTY2621026400CE,26400.0,2026-02-10,412.9,
2026-01-07 13:48:13+05:30,NIFTY2621026400CE,26400.0,2026-02-10,412.9,
2026-01-07 13:48:14+05:30,NIFTY2621026400CE,26400.0,2026-02-10,412.9,
2026-01-07 13:48:15+05:30,NIFTY2621026400CE,26400.0,2026-02-10,412.9,
2026-01-07 13:48:16+05:30,NIFTY2621026400CE,26400.0,2026-02-10,412.9,
2026-01-07 13:48:17+05:30,NIFTY2621026400CE,26400.0,2026-02-10,412.9,
2026-01-07 13:48:18+05:30,NIFTY2621026400CE,26400.0,2026-02-10,412.9,
2026-01-07 13:48:19+05:30,NIFTY2621026400CE,26400.0,2026-02-10,412.9,
2026-01-07 13:48:20+05:30,NIFTY2621026400CE,26400.0,2026-02-10,412.9,
2026-01-07 13:48:21+05:30,NIFTY2621026400CE,26400.0,2026-02-10,412.9,
2026-01-07 13:48:22+05:30,NIFTY2621026400CE,26400.0,2026-02-10,412.9,
2026-01-07 13:48:23+05:30,NIFTY2621026400CE,26400.0,2026-02-10,412.9,
2026-01-07 13:48:24+05:30,NIFTY2621026400CE,26400.0,2026-02-10,412.9,
2026-01-07 13:48:25+05:30,NIFTY2621026400CE,26400.0,2026-02-10,412.9,
2026-01-07 13:48:26+05:30,NIFTY2621026400CE,26400.0,2026-02-10,412.9,
2026-01-07 13:48:27+05:30,NIFTY2621026400CE,26400.0,2026-02-10,412.9,
2026-01-07 13:48:28+05:30,NIFTY2621026400CE,26400.0,2026-02-10,412.9,
2026-01-07 13:48:29+05:30,NIFTY2621026400CE,26400.0,2026-02-10,412.9,
2026-01-07 13:48:30+05:30,NIFTY2621026400CE,26400.0,2026-02-10,412.9,
2026-01-07 13:48:31+05:30,NIFTY2621026400CE,26400.0,2026-02-10,412.9,
2026-01-07 13:48:32+05:30,NIFTY2621026400CE,26400.0,2026-02-10,412.9,
2026-01-07 13:48:33+05:30,NIFTY2621026400CE,26400.0,2026-02-10,412.9,
2026-01-07 13:48:34+05:30,NIFTY2621026400CE,26400.0,2026-02-10,412.9,
2026-01-07 13:48:35+05:30,NIFTY2621026400CE,26400.0,2026-02-10,412.9,
2026-01-07 13:48:36+05:30,NIFTY2621026400CE,26400.0,2026-02-10,412.9,
2026-01-07 13:48:37+05:30,NIFTY2621026400CE,26400.0,2026-02-10,412.9,
2026-01-07 13:48:38+05:30,NIFTY2621026400CE,26400.0,2026-02-10,412.9,
2026-01-07 13:48:39+05:30,NIFTY2621026400CE,26400.0,2026-02-10,412.9,
2026-01-07 13:48:40+05:30,NIFTY2621026400CE,26400.0,2026-02-10,412.9,
2026-01-07 13:48:41+05:30,NIFTY2621026400CE,26400.0,2026-02-10,412.9,
2026-01-07 13:48:42+05:30,NIFTY2621026400CE,26400.0,2026-02-10,412.9,
2026-01-07 13:48:43+05:30,NIFTY2621026400CE,26400.0,2026-02-10,412.9,
2026-01-07 13:48:44+05:30,NIFTY2621026400CE,26400.0,2026-02-10,412.9,
2026-01-07 13:48:45+05:30,NIFTY2621026400CE,26400.0,2026-02-10,412.9,
2026-01-07 13:48:46+05:30,NIFTY2621026400CE,26400.0,2026-02-10,412.9,
2026-01-07 13:48:47+05:30,NIFTY2621026400CE,26400.0,2026-02-10,412.9,
2026-01-07 13:48:48+05:30,NIFTY2621026400CE,26400.0,2026-02-10,412.9,
2026-01-07 13:48:49+05:30,NIFTY2621026400CE,26400.0,2026-02-10,412.9,
2026-01-07 13:48:50+05:30,NIFTY2621026400CE,26400.0,2026-02-10,412.9,
2026-01-07 13:48:51+05:30,NIFTY2621026400CE,26400.0,2026-02-10,412.9,
2026-01-07 13:48:52+05:30,NIFTY2621026400CE,26400.0,2026-02-10,412.9,
2026-01-07 13:48:53+05:30,NIFTY2621026400CE,26400.0,2026-02-10,412.9,
2026-01-07 13:48:54+05:30,NIFTY2621026400CE,26400.0,2026-02-10,412.9,
2026-01-07 13:48:55+05:30,NIFTY2621026400CE,26400.0,2026-02-10,412.9,
2026-01-07 13:48:56+05:30,NIFTY2621026400CE,26400.0,2026-02-10,412.9,
2026-01-07 13:48:57+05:30,NIFTY2621026400CE,26400.0,2026-02-10,412.9,
2026-01-07 13:48:58+05:30,NIFTY2621026400CE,26400.0,2026-02-10,412.9,
2026-01-07 13:48:59+05:30,NIFTY2621026400CE,26400.0,2026-02-10,412.9,
2026-01-07 13:49:00+05:30,NIFTY2621026400CE,26400.0,2026-02-10,412.9,
2026-01-07 13:49:01+05:30,NIFTY2621026400CE,26400.0,2026-02-10,412.9,
2026-01-07 13:49:02+05:30,NIFTY2621026400CE,26400.0,2026-02-10,412.9,
2026-01-07 13:49:03+05:30,NIFTY2621026400CE,26400.0,2026-02-10,412.9,
2026-01-07 13:49:04+05:30,NIFTY2621026400CE,26400.0,2026-02-10,412.9,
2026-01-07 13:49:05+05:30,NIFTY2621026400CE,26400.0,2026-02-10,412.9,
2026-01-07 13:49:06+05:30,NIFTY2621026400CE,26400.0,2026-02-10,412.9,
2026-01-07 13:49:07+05:30,NIFTY2621026400CE,26400.0,2026-02-10,412.9,
2026-01-07 13:49:08+05:30,NIFTY2621026400CE,26400.0,2026-02-10,412.9,
2026-01-07 13:49:09+05:30,NIFTY2621026400CE,26400.0,2026-02-10,412.9,
2026-01-07 13:49:10+05:30,NIFTY2621026400CE,26400.0,2026-02-10,412.9,
2026-01-07 13:49:11+05:30,NIFTY2621026400CE,26400.0,2026-02-10,412.9,
2026-01-07 13:49:12+05:30,NIFTY2621026400CE,26400.0,2026-02-10,412.9,
2026-01-07 13:49:13+05:30,NIFTY2621026400CE,26400.0,2026-02-10,412.9,
2026-01-07 13:49:14+05:30,NIFTY2621026400CE,26400.0,2026-02-10,412.9,
2026-01-07 13:49:15+05:30,NIFTY2621026400CE,26400.0,2026-02-10,412.9,
2026-01-07 13:49:16+05:30,NIFTY2621026400CE,26400.0,2026-02-10,412.9,
2026-01-07 13:49:17+05:30,NIFTY2621026400CE,26400.0,2026-02-10,412.9,
2026-01-07 13:49:18+05:30,NIFTY2621026400CE,26400.0,2026-02-10,412.9,
2026-01-07 13:49:19+05:30,NIFTY2621026400CE,26400.0,2026-02-10,412.9,
2026-01-07 13:49:20+05:30,NIFTY2621026400CE,26400.0,2026-02-10,412.9,
2026-01-07 13:49:21+05:30,NIFTY2621026400CE,26400.0,2026-02-10,412.9,
2026-01-07 13:49:22+05:30,NIFTY2621026400CE,26400.0,2026-02-10,412.9,
2026-01-07 13:49:23+05:30,NIFTY2621026400CE,26400.0,2026-02-10,412.9,
2026-01-07 13:49:24+05:30,NIFTY2621026400CE,26400.0,2026-02-10,412.9,
2026-01-07 13:49:25+05:30,NIFTY2621026400CE,26400.0,2026-02-10,412.9,
2026-01-07 13:49:26+05:30,NIFTY2621026400CE,26400.0,2026-02-10,412.9,
2026-01-07 13:49:27+05:30,NIFTY2621026400CE,26400.0,2026-02-10,412.9,
2026-01-07 13:49:28+05:30,NIFTY2621026400CE,26400.0,2026-02-10,412.9,
2026-01-07 13:49:29+05:30,NIFTY2621026400CE,26400.0,2026-02-10,412.9,
2026-01-07 13:49:30+05:30,NIFTY2621026400CE,26400.0,2026-02-10,412.9,
2026-01-07 13:49:31+05:30,NIFTY2621026400CE,26400.0,2026-02-10,412.9,
2026-01-07 13:49:32+05:30,NIFTY2621026400CE,26400.0,2026-02-10,412.9,
2026-01-07 13:49:33+05:30,NIFTY2621026400CE,26400.0,2026-02-10,412.9,
2026-01-07 13:49:34+05:30,NIFTY2621026400CE,26400.0,2026-02-10,412.9,
2026-01-07 13:49:35+05:30,NIFTY2621026400CE,26400.0,2026-02-10,412.9,
2026-01-07 13:49:36+05:30,NIFTY2621026400CE,26400.0,2026-02-10,412.9,
2026-01-07 13:49:37+05:30,NIFTY2621026400CE,26400.0,2026-02-10,412.9,
2026-01-07 13:49:38+05:30,NIFTY2621026400CE,26400.0,2026-02-10,412.9,
2026-01-07 13:49:39+05:30,NIFTY2621026400CE,26400.0,2026-02-10,412.9,
2026-01-07 13:49:40+05:30,NIFTY2621026400CE,26400.0,2026-02-10,412.9,
2026-01-07 13:49:41+05:30,NIFTY2621026400CE,26400.0,2026-02-10,412.9,
2026-01-07 13:49:42+05:30,NIFTY2621026400CE,26400.0,2026-02-10,412.9,
2026-01-07 13:49:43+05:30,NIFTY2621026400CE,26400.0,2026-02-10,412.9,
2026-01-07 13:49:44+05:30,NIFTY2621026400CE,26400.0,2026-02-10,412.9,
2026-01-07 13:49:45+05:30,NIFTY2621026400CE,26400.0,2026-02-10,412.9,
2026-01-07 13:49:46+05:30,NIFTY2621026400CE,26400.0,2026-02-10,412.9,
2026-01-07 13:49:47+05:30,NIFTY2621026400CE,26400.0,2026-02-10,412.9,
2026-01-07 13:49:48+05:30,NIFTY2621026400CE,26400.0,2026-02-10,412.9,
2026-01-07 13:49:49+05:30,NIFTY2621026400CE,26400.0,2026-02-10,412.9,
2026-01-07 13:49:50+05:30,NIFTY2621026400CE,26400.0,2026-02-10,412.9,
2026-01-07 13:49:51+05:30,NIFTY2621026400CE,26400.0,2026-02-10,412.9,
2026-01-07 13:49:52+05:30,NIFTY2621026400CE,26400.0,2026-02-10,412.9,
2026-01-07 13:49:53+05:30,NIFTY2621026400CE,26400.0,2026-02-10,412.9,
2026-01-07 13:49:54+05:30,NIFTY2621026400CE,26400.0,2026-02-10,412.9,
2026-01-07 13:49:55+05:30,NIFTY2621026400CE,26400.0,2026-02-10,412.9,
2026-01-07 13:49:56+05:30,NIFTY2621026400CE,26400.0,2026-02-10,412.9,
2026-01-07 13:49:57+05:30,NIFTY2621026400CE,26400.0,2026-02-10,412.9,
2026-01-07 13:49:58+05:30,NIFTY2621026400CE,26400.0,2026-02-10,412.9,
2026-01-07 13:49:59+05:30,NIFTY2621026400CE,26400.0,2026-02-10,412.9,
2026-01-07 13:50:00+05:30,NIFTY2621026400CE,26400.0,2026-02-10,412.9,
2026-01-07 13:50:01+05:30,NIFTY2621026400CE,26400.0,2026-02-10,412.9,
2026-01-07 13:50:02+05:30,NIFTY2621026400CE,26400.0,2026-02-10,412.9,
2026-01-07 13:50:03+05:30,NIFTY2621026400CE,26400.0,2026-02-10,412.9,
2026-01-07 13:50:04+05:30,NIFTY2621026400CE,26400.0,2026-02-10,412.9,
2026-01-07 13:50:05+05:30,NIFTY2621026400CE,26400.0,2026-02-10,412.9,
2026-01-07 13:50:06+05:30,NIFTY2621026400CE,26400.0,2026-02-10,412.9,
2026-01-07 13:50:07+05:30,NIFTY2621026400CE,26400.0,2026-02-10,412.9,
2026-01-07 13:50:08+05:30,NIFTY2621026400CE,26400.0,2026-02-10,412.9,
2026-01-07 13:50:09+05:30,NIFTY2621026400CE,26400.0,2026-02-10,412.9,
2026-01-07 13:50:10+05:30,NIFTY2621026400CE,26400.0,2026-02-10,412.9,
2026-01-07 13:50:11+05:30,NIFTY2621026400CE,26400.0,2026-02-10,412.9,
2026-01-07 13:50:12+05:30,NIFTY2621026400CE,26400.0,2026-02-10,412.9,
2026-01-07 13:50:13+05:30,NIFTY2621026400CE,26400.0,2026-02-10,412.9,
2026-01-07 13:50:14+05:30,NIFTY2621026400CE,26400.0,2026-02-10,412.9,
2026-01-07 13:50:15+05:30,NIFTY2621026400CE,26400.0,2026-02-10,412.9,
2026-01-07 13:50:16+05:30,NIFTY2621026400CE,26400.0,2026-02-10,412.9,
2026-01-07 13:50:17+05:30,NIFTY2621026400CE,26400.0,2026-02-10,412.9,
2026-01-07 13:50:18+05:30,NIFTY2621026400CE,26400.0,2026-02-10,412.9,
2026-01-07 13:50:19+05:30,NIFTY2621026400CE,26400.0,2026-02-10,412.9,
2026-01-07 13:50:20+05:30,NIFTY2621026400CE,26400.0,2026-02-10,412.9,
2026-01-07 13:50:21+05:30,NIFTY2621026400CE,26400.0,2026-02-10,412.9,
2026-01-07 13:50:22+05:30,NIFTY2621026400CE,26400.0,2026-02-10,412.9,
2026-01-07 13:50:23+05:30,NIFTY2621026400CE,26400.0,2026-02-10,412.9,
2026-01-07 13:50:24+05:30,NIFTY2621026400CE,26400.0,2026-02-10,412.9,
2026-01-07 13:50:25+05:30,NIFTY2621026400CE,26400.0,2026-02-10,412.9,
2026-01-07 13:50:26+05:30,NIFTY2621026400CE,26400.0,2026-02-10,412.9,
2026-01-07 13:50:27+05:30,NIFTY2621026400CE,26400.0,2026-02-10,412.9,
2026-01-07 13:50:28+05:30,NIFTY2621026400CE,26400.0,2026-02-10,412.9,
2026-01-07 13:50:29+05:30,NIFTY2621026400CE,26400.0,2026-02-10,412.9,
2026-01-07 13:50:30+05:30,NIFTY2621026400CE,26400.0,2026-02-10,412.9,
2026-01-07 13:50:31+05:30,NIFTY2621026400CE,26400.0,2026-02-10,412.9,
2026-01-07 13:50:32+05:30,NIFTY2621026400CE,26400.0,2026-02-10,412.9,
2026-01-07 13:50:33+05:30,NIFTY2621026400CE,26400.0,2026-02-10,412.9,
2026-01-07 13:50:34+05:30,NIFTY2621026400CE,26400.0,2026-02-10,412.9,
2026-01-07 13:50:35+05:30,NIFTY2621026400CE,26400.0,2026-02-10,412.9,
2026-01-07 13:50:36+05:30,NIFTY2621026400CE,26400.0,2026-02-10,412.9,
2026-01-07 13:50:37+05:30,NIFTY2621026400CE,26400.0,2026-02-10,412.9,
2026-01-07 13:50:38+05:30,NIFTY2621026400CE,26400.0,2026-02-10,412.9,
2026-01-07 13:50:39+05:30,NIFTY2621026400CE,26400.0,2026-02-10,412.9,
2026-01-07 13:50:40+05:30,NIFTY2621026400CE,26400.0,2026-02-10,412.9,
2026-01-07 13:50:41+05:30,NIFTY2621026400CE,26400.0,2026-02-10,412.9,
2026-01-07 13:50:42+05:30,NIFTY2621026400CE,26400.0,2026-02-10,412.9,
2026-01-07 13:50:43+05:30,NIFTY2621026400CE,26400.0,2026-02-10,412.9,
2026-01-07 13:50:44+05:30,NIFTY2621026400CE,26400.0,2026-02-10,412.9,
2026-01-07 13:50:45+05:30,NIFTY2621026400CE,26400.0,2026-02-10,412.9,
2026-01-07 13:50:46+05:30,NIFTY2621026400CE,26400.0,2026-02-10,412.9,
2026-01-07 13:50:47+05:30,NIFTY2621026400CE,26400.0,2026-02-10,412.9,
2026-01-07 13:50:48+05:30,NIFTY2621026400CE,26400.0,2026-02-10,412.9,
2026-01-07 13:50:49+05:30,NIFTY2621026400CE,26400.0,2026-02-10,412.9,
2026-01-07 13:50:50+05:30,NIFTY2621026400CE,26400.0,2026-02-10,412.9,
2026-01-07 13:50:51+05:30,NIFTY2621026400CE,26400.0,2026-02-10,412.9,
2026-01-07 13:50:52+05:30,NIFTY2621026400CE,26400.0,2026-02-10,412.9,
2026-01-07 13:50:53+05:30,NIFTY2621026400CE,26400.0,2026-02-10,412.9,
2026-01-07 13:50:54+05:30,NIFTY2621026400CE,26400.0,2026-02-10,412.9,
2026-01-07 13:50:55+05:30,NIFTY2621026400CE,26400.0,2026-02-10,412.9,
2026-01-07 13:50:56+05:30,NIFTY2621026400CE,26400.0,2026-02-10,412.9,
2026-01-07 13:50:57+05:30,NIFTY2621026400CE,26400.0,2026-02-10,412.9,
2026-01-07 13:50:58+05:30,NIFTY2621026400CE,26400.0,2026-02-10,412.9,
2026-01-07 13:50:59+05:30,NIFTY2621026400CE,26400.0,2026-02-10,412.9,
2026-01-07 13:51:00+05:30,NIFTY2621026400CE,26400.0,2026-02-10,412.9,
2026-01-07 13:51:01+05:30,NIFTY2621026400CE,26400.0,2026-02-10,412.9,
2026-01-07 13:51:02+05:30,NIFTY2621026400CE,26400.0,2026-02-10,412.9,
2026-01-07 13:51:03+05:30,NIFTY2621026400CE,26400.0,2026-02-10,412.9,
2026-01-07 13:51:04+05:30,NIFTY2621026400CE,26400.0,2026-02-10,412.9,
2026-01-07 13:51:05+05:30,NIFTY2621026400CE,26400.0,2026-02-10,412.9,
2026-01-07 13:51:06+05:30,NIFTY2621026400CE,26400.0,2026-02-10,412.9,
2026-01-07 13:51:07+05:30,NIFTY2621026400CE,26400.0,2026-02-10,412.9,
2026-01-07 13:51:08+05:30,NIFTY2621026400CE,26400.0,2026-02-10,412.9,
2026-01-07 13:51:09+05:30,NIFTY2621026400CE,26400.0,2026-02-10,412.9,
2026-01-07 13:51:10+05:30,NIFTY2621026400CE,26400.0,2026-02-10,412.9,
2026-01-07 13:51:11+05:30,NIFTY2621026400CE,26400.0,2026-02-10,412.9,
2026-01-07 13:51:12+05:30,NIFTY2621026400CE,26400.0,2026-02-10,412.9,
2026-01-07 13:51:13+05:30,NIFTY2621026400CE,26400.0,2026-02-10,412.9,
2026-01-07 13:51:14+05:30,NIFTY2621026400CE,26400.0,2026-02-10,412.9,
2026-01-07 13:51:15+05:30,NIFTY2621026400CE,26400.0,2026-02-10,412.9,
2026-01-07 13:51:16+05:30,NIFTY2621026400CE,26400.0,2026-02-10,412.9,
2026-01-07 13:51:17+05:30,NIFTY2621026400CE,26400.0,2026-02-10,412.9,
2026-01-07 13:51:18+05:30,NIFTY2621026400CE,26400.0,2026-02-10,412.9,
2026-01-07 13:51:19+05:30,NIFTY2621026400CE,26400.0,2026-02-10,412.9,
2026-01-07 13:51:20+05:30,NIFTY2621026400CE,26400.0,2026-02-10,412.9,
2026-01-07 13:51:21+05:30,NIFTY2621026400CE,26400.0,2026-02-10,412.9,
2026-01-07 13:51:22+05:30,NIFTY2621026400CE,26400.0,2026-02-10,412.9,
2026-01-07 13:51:23+05:30,NIFTY2621026400CE,26400.0,2026-02-10,412.9,
2026-01-07 13:51:24+05:30,NIFTY2621026400CE,26400.0,2026-02-10,412.9,
2026-01-07 13:51:25+05:30,NIFTY2621026400CE,26400.0,2026-02-10,412.9,
2026-01-07 13:51:26+05:30,NIFTY2621026400CE,26400.0,2026-02-10,412.9,
2026-01-07 13:51:27+05:30,NIFTY2621026400CE,26400.0,2026-02-10,412.9,
2026-01-07 13:51:28+05:30,NIFTY2621026400CE,26400.0,2026-02-10,412.9,
2026-01-07 13:51:29+05:30,NIFTY2621026400CE,26400.0,2026-02-10,412.9,
2026-01-07 13:51:30+05:30,NIFTY2621026400CE,26400.0,2026-02-10,412.9,
2026-01-07 13:51:31+05:30,NIFTY2621026400CE,26400.0,2026-02-10,412.9,
2026-01-07 13:51:32+05:30,NIFTY2621026400CE,26400.0,2026-02-10,412.9,
2026-01-07 13:51:33+05:30,NIFTY2621026400CE,26400.0,2026-02-10,412.9,
2026-01-07 13:51:34+05:30,NIFTY2621026400CE,26400.0,2026-02-10,412.9,
2026-01-07 13:51:35+05:30,NIFTY2621026400CE,26400.0,2026-02-10,412.9,
2026-01-07 13:51:36+05:30,NIFTY2621026400CE,26400.0,2026-02-10,412.9,
2026-01-07 13:51:37+05:30,NIFTY2621026400CE,26400.0,2026-02-10,412.9,
2026-01-07 13:51:38+05:30,NIFTY2621026400CE,26400.0,2026-02-10,412.9,
2026-01-07 13:51:39+05:30,NIFTY2621026400CE,26400.0,2026-02-10,412.9,
2026-01-07 13:51:40+05:30,NIFTY2621026400CE,26400.0,2026-02-10,412.9,
2026-01-07 13:51:41+05:30,NIFTY2621026400CE,26400.0,2026-02-10,412.9,
2026-01-07 13:51:42+05:30,NIFTY2621026400CE,26400.0,2026-02-10,412.9,
2026-01-07 13:51:43+05:30,NIFTY2621026400CE,26400.0,2026-02-10,412.9,
2026-01-07 13:51:44+05:30,NIFTY2621026400CE,26400.0,2026-02-10,412.9,
2026-01-07 13:51:45+05:30,NIFTY2621026400CE,26400.0,2026-02-10,412.9,
2026-01-07 13:51:46+05:30,NIFTY2621026400CE,26400.0,2026-02-10,412.9,
2026-01-07 13:51:47+05:30,NIFTY2621026400CE,26400.0,2026-02-10,412.9,
2026-01-07 13:51:48+05:30,NIFTY2621026400CE,26400.0,2026-02-10,412.9,
2026-01-07 13:51:49+05:30,NIFTY2621026400CE,26400.0,2026-02-10,412.9,
2026-01-07 13:51:50+05:30,NIFTY2621026400CE,26400.0,2026-02-10,412.9,
2026-01-07 13:51:51+05:30,NIFTY2621026400CE,26400.0,2026-02-10,412.9,
2026-01-07 13:51:52+05:30,NIFTY2621026400CE,26400.0,2026-02-10,412.9,
2026-01-07 13:51:53+05:30,NIFTY2621026400CE,26400.0,2026-02-10,412.9,
2026-01-07 13:51:54+05:30,NIFTY2621026400CE,26400.0,2026-02-10,412.9,
2026-01-07 13:51:55+05:30,NIFTY2621026400CE,26400.0,2026-02-10,412.9,
2026-01-07 13:51:56+05:30,NIFTY2621026400CE,26400.0,2026-02-10,412.9,
2026-01-07 13:51:57+05:30,NIFTY2621026400CE,26400.0,2026-02-10,412.9,
2026-01-07 13:51:58+05:30,NIFTY2621026400CE,26400.0,2026-02-10,412.9,
2026-01-07 13:51:59+05:30,NIFTY2621026400CE,26400.0,2026-02-10,412.9,
2026-01-07 13:52:00+05:30,NIFTY2621026400CE,26400.0,2026-02-10,412.9,
2026-01-07 13:52:01+05:30,NIFTY2621026400CE,26400.0,2026-02-10,412.9,
2026-01-07 13:52:02+05:30,NIFTY2621026400CE,26400.0,2026-02-10,412.9,
2026-01-07 13:52:03+05:30,NIFTY2621026400CE,26400.0,2026-02-10,412.9,
2026-01-07 13:52:04+05:30,NIFTY2621026400CE,26400.0,2026-02-10,412.9,
2026-01-07 13:52:05+05:30,NIFTY2621026400CE,26400.0,2026-02-10,412.9,
2026-01-07 13:52:06+05:30,NIFTY2621026400CE,26400.0,2026-02-10,412.9,
2026-01-07 13:52:07+05:30,NIFTY2621026400CE,26400.0,2026-02-10,412.9,
2026-01-07 13:52:08+05:30,NIFTY2621026400CE,26400.0,2026-02-10,412.9,
2026-01-07 13:52:09+05:30,NIFTY2621026400CE,26400.0,2026-02-10,412.9,
2026-01-07 13:52:10+05:30,NIFTY2621026400CE,26400.0,2026-02-10,412.9,
2026-01-07 13:52:11+05:30,NIFTY2621026400CE,26400.0,2026-02-10,412.9,
2026-01-07 13:52:12+05:30,NIFTY2621026400CE,26400.0,2026-02-10,412.9,
2026-01-07 13:52:13+05:30,NIFTY2621026400CE,26400.0,2026-02-10,412.9,
2026-01-07 13:52:14+05:30,NIFTY2621026400CE,26400.0,2026-02-10,412.9,
2026-01-07 13:52:15+05:30,NIFTY2621026400CE,26400.0,2026-02-10,412.9,
2026-01-07 13:52:16+05:30,NIFTY2621026400CE,26400.0,2026-02-10,412.9,
2026-01-07 13:52:17+05:30,NIFTY2621026400CE,26400.0,2026-02-10,412.9,
2026-01-07 13:52:18+05:30,NIFTY2621026400CE,26400.0,2026-02-10,412.9,
2026-01-07 13:52:19+05:30,NIFTY2621026400CE,26400.0,2026-02-10,412.9,
2026-01-07 13:52:20+05:30,NIFTY2621026400CE,26400.0,2026-02-10,412.9,
2026-01-07 13:52:21+05:30,NIFTY2621026400CE,26400.0,2026-02-10,412.9,
2026-01-07 13:52:22+05:30,NIFTY2621026400CE,26400.0,2026-02-10,412.9,
2026-01-07 13:52:23+05:30,NIFTY2621026400CE,26400.0,2026-02-10,412.9,
2026-01-07 13:52:24+05:30,NIFTY2621026400CE,26400.0,2026-02-10,412.9,
2026-01-07 13:52:25+05:30,NIFTY2621026400CE,26400.0,2026-02-10,412.9,
2026-01-07 13:52:26+05:30,NIFTY2621026400CE,26400.0,2026-02-10,412.9,
2026-01-07 13:52:27+05:30,NIFTY2621026400CE,26400.0,2026-02-10,412.9,
2026-01-07 13:52:28+05:30,NIFTY2621026400CE,26400.0,2026-02-10,412.9,
2026-01-07 13:52:29+05:30,NIFTY2621026400CE,26400.0,2026-02-10,412.9,
2026-01-07 13:52:30+05:30,NIFTY2621026400CE,26400.0,2026-02-10,412.9,
2026-01-07 13:52:31+05:30,NIFTY2621026400CE,26400.0,2026-02-10,412.9,
2026-01-07 13:52:32+05:30,NIFTY2621026400CE,26400.0,2026-02-10,412.9,
2026-01-07 13:52:33+05:30,NIFTY2621026400CE,26400.0,2026-02-10,412.9,
2026-01-07 13:52:34+05:30,NIFTY2621026400CE,26400.0,2026-02-10,412.9,
2026-01-07 13:52:35+05:30,NIFTY2621026400CE,26400.0,2026-02-10,412.9,
2026-01-07 13:52:36+05:30,NIFTY2621026400CE,26400.0,2026-02-10,412.9,
2026-01-07 13:52:37+05:30,NIFTY2621026400CE,26400.0,2026-02-10,412.9,
2026-01-07 13:52:38+05:30,NIFTY2621026400CE,26400.0,2026-02-10,412.9,
2026-01-07 13:52:39+05:30,NIFTY2621026400CE,26400.0,2026-02-10,412.9,
2026-01-07 13:52:40+05:30,NIFTY2621026400CE,26400.0,2026-02-10,412.9,
2026-01-07 13:52:41+05:30,NIFTY2621026400CE,26400.0,2026-02-10,412.9,
2026-01-07 13:52:42+05:30,NIFTY2621026400CE,26400.0,2026-02-10,412.9,
2026-01-07 13:52:43+05:30,NIFTY2621026400CE,26400.0,2026-02-10,412.9,
2026-01-07 13:52:44+05:30,NIFTY2621026400CE,26400.0,2026-02-10,412.9,
2026-01-07 13:52:45+05:30,NIFTY2621026400CE,26400.0,2026-02-10,412.9,
2026-01-07 13:52:46+05:30,NIFTY2621026400CE,26400.0,2026-02-10,412.9,
2026-01-07 13:52:47+05:30,NIFTY2621026400CE,26400.0,2026-02-10,412.9,
2026-01-07 13:52:48+05:30,NIFTY2621026400CE,26400.0,2026-02-10,412.9,
2026-01-07 13:52:49+05:30,NIFTY2621026400CE,26400.0,2026-02-10,412.9,
2026-01-07 13:52:50+05:30,NIFTY2621026400CE,26400.0,2026-02-10,412.9,
2026-01-07 13:52:51+05:30,NIFTY2621026400CE,26400.0,2026-02-10,412.9,
2026-01-07 13:52:52+05:30,NIFTY2621026400CE,26400.0,2026-02-10,412.9,
2026-01-07 13:52:53+05:30,NIFTY2621026400CE,26400.0,2026-02-10,412.9,
2026-01-07 13:52:54+05:30,NIFTY2621026400CE,26400.0,2026-02-10,412.9,
2026-01-07 13:52:55+05:30,NIFTY2621026400CE,26400.0,2026-02-10,412.9,
2026-01-07 13:52:56+05:30,NIFTY2621026400CE,26400.0,2026-02-10,412.9,
2026-01-07 13:52:57+05:30,NIFTY2621026400CE,26400.0,2026-02-10,412.9,
2026-01-07 13:52:58+05:30,NIFTY2621026400CE,26400.0,2026-02-10,412.9,
2026-01-07 13:52:59+05:30,NIFTY2621026400CE,26400.0,2026-02-10,412.9,
2026-01-07 13:53:00+05:30,NIFTY2621026400CE,26400.0,2026-02-10,412.9,
2026-01-07 13:53:01+05:30,NIFTY2621026400CE,26400.0,2026-02-10,412.9,
2026-01-07 13:53:02+05:30,NIFTY2621026400CE,26400.0,2026-02-10,412.9,
2026-01-07 13:53:03+05:30,NIFTY2621026400CE,26400.0,2026-02-10,412.9,
2026-01-07 13:53:04+05:30,NIFTY2621026400CE,26400.0,2026-02-10,412.9,
2026-01-07 13:53:05+05:30,NIFTY2621026400CE,26400.0,2026-02-10,412.9,
2026-01-07 13:53:06+05:30,NIFTY2621026400CE,26400.0,2026-02-10,412.9,
2026-01-07 13:53:07+05:30,NIFTY2621026400CE,26400.0,2026-02-10,412.9,
2026-01-07 13:53:08+05:30,NIFTY2621026400CE,26400.0,2026-02-10,412.9,
2026-01-07 13:53:09+05:30,NIFTY2621026400CE,26400.0,2026-02-10,412.9,
2026-01-07 13:53:10+05:30,NIFTY2621026400CE,26400.0,2026-02-10,412.9,
2026-01-07 13:53:11+05:30,NIFTY2621026400CE,26400.0,2026-02-10,412.9,
2026-01-07 13:53:12+05:30,NIFTY2621026400CE,26400.0,2026-02-10,412.9,
2026-01-07 13:53:13+05:30,NIFTY2621026400CE,26400.0,2026-02-10,412.9,
2026-01-07 13:53:14+05:30,NIFTY2621026400CE,26400.0,2026-02-10,412.9,
2026-01-07 13:53:15+05:30,NIFTY2621026400CE,26400.0,2026-02-10,412.9,
2026-01-07 13:53:16+05:30,NIFTY2621026400CE,26400.0,2026-02-10,412.9,
2026-01-07 13:53:17+05:30,NIFTY2621026400CE,26400.0,2026-02-10,412.9,
2026-01-07 13:53:18+05:30,NIFTY2621026400CE,26400.0,2026-02-10,412.9,
2026-01-07 13:53:19+05:30,NIFTY2621026400CE,26400.0,2026-02-10,412.9,
2026-01-07 13:53:20+05:30,NIFTY2621026400CE,26400.0,2026-02-10,412.9,
2026-01-07 13:53:21+05:30,NIFTY2621026400CE,26400.0,2026-02-10,412.9,
2026-01-07 13:53:22+05:30,NIFTY2621026400CE,26400.0,2026-02-10,412.9,
2026-01-07 13:53:23+05:30,NIFTY2621026400CE,26400.0,2026-02-10,412.9,
2026-01-07 13:53:24+05:30,NIFTY2621026400CE,26400.0,2026-02-10,412.9,
2026-01-07 13:53:25+05:30,NIFTY2621026400CE,26400.0,2026-02-10,412.9,
2026-01-07 13:53:26+05:30,NIFTY2621026400CE,26400.0,2026-02-10,412.9,
2026-01-07 13:53:27+05:30,NIFTY2621026400CE,26400.0,2026-02-10,412.9,
2026-01-07 13:53:28+05:30,NIFTY2621026400CE,26400.0,2026-02-10,412.9,
2026-01-07 13:53:29+05:30,NIFTY2621026400CE,26400.0,2026-02-10,412.9,
2026-01-07 13:53:30+05:30,NIFTY2621026400CE,26400.0,2026-02-10,412.9,
2026-01-07 13:53:31+05:30,NIFTY2621026400CE,26400.0,2026-02-10,412.9,
2026-01-07 13:53:32+05:30,NIFTY2621026400CE,26400.0,2026-02-10,412.9,
2026-01-07 13:53:33+05:30,NIFTY2621026400CE,26400.0,2026-02-10,412.9,
2026-01-07 13:53:34+05:30,NIFTY2621026400CE,26400.0,2026-02-10,412.9,
2026-01-07 13:53:35+05:30,NIFTY2621026400CE,26400.0,2026-02-10,412.9,
2026-01-07 13:53:36+05:30,NIFTY2621026400CE,26400.0,2026-02-10,412.9,
2026-01-07 13:53:37+05:30,NIFTY2621026400CE,26400.0,2026-02-10,412.9,
2026-01-07 13:53:38+05:30,NIFTY2621026400CE,26400.0,2026-02-10,412.9,
2026-01-07 13:53:39+05:30,NIFTY2621026400CE,26400.0,2026-02-10,412.9,
2026-01-07 13:53:40+05:30,NIFTY2621026400CE,26400.0,2026-02-10,412.9,
2026-01-07 13:53:41+05:30,NIFTY2621026400CE,26400.0,2026-02-10,412.9,
2026-01-07 13:53:42+05:30,NIFTY2621026400CE,26400.0,2026-02-10,412.9,
2026-01-07 13:53:43+05:30,NIFTY2621026400CE,26400.0,2026-02-10,412.9,
2026-01-07 13:53:44+05:30,NIFTY2621026400CE,26400.0,2026-02-10,412.9,
2026-01-07 13:53:45+05:30,NIFTY2621026400CE,26400.0,2026-02-10,412.9,
2026-01-07 13:53:46+05:30,NIFTY2621026400CE,26400.0,2026-02-10,412.9,
2026-01-07 13:53:47+05:30,NIFTY2621026400CE,26400.0,2026-02-10,412.9,
2026-01-07 13:53:48+05:30,NIFTY2621026400CE,26400.0,2026-02-10,412.9,
2026-01-07 13:53:49+05:30,NIFTY2621026400CE,26400.0,2026-02-10,412.9,
2026-01-07 13:53:50+05:30,NIFTY2621026400CE,26400.0,2026-02-10,412.9,
2026-01-07 13:53:51+05:30,NIFTY2621026400CE,26400.0,2026-02-10,412.9,
2026-01-07 13:53:52+05:30,NIFTY2621026400CE,26400.0,2026-02-10,412.9,
2026-01-07 13:53:53+05:30,NIFTY2621026400CE,26400.0,2026-02-10,412.9,
2026-01-07 13:53:54+05:30,NIFTY2621026400CE,26400.0,2026-02-10,412.9,
2026-01-07 13:53:55+05:30,NIFTY2621026400CE,26400.0,2026-02-10,412.9,
2026-01-07 13:53:56+05:30,NIFTY2621026400CE,26400.0,2026-02-10,412.9,
2026-01-07 13:53:57+05:30,NIFTY2621026400CE,26400.0,2026-02-10,412.9,
2026-01-07 13:53:58+05:30,NIFTY2621026400CE,26400.0,2026-02-10,412.9,
2026-01-07 13:53:59+05:30,NIFTY2621026400CE,26400.0,2026-02-10,412.9,
2026-01-07 13:54:00+05:30,NIFTY2621026400CE,26400.0,2026-02-10,412.9,
2026-01-07 13:54:01+05:30,NIFTY2621026400CE,26400.0,2026-02-10,412.9,
2026-01-07 13:54:02+05:30,NIFTY2621026400CE,26400.0,2026-02-10,412.9,
2026-01-07 13:54:03+05:30,NIFTY2621026400CE,26400.0,2026-02-10,412.9,
2026-01-07 13:54:04+05:30,NIFTY2621026400CE,26400.0,2026-02-10,412.9,
2026-01-07 13:54:05+05:30,NIFTY2621026400CE,26400.0,2026-02-10,412.9,
2026-01-07 13:54:06+05:30,NIFTY2621026400CE,26400.0,2026-02-10,412.9,
2026-01-07 13:54:07+05:30,NIFTY2621026400CE,26400.0,2026-02-10,412.9,
2026-01-07 13:54:08+05:30,NIFTY2621026400CE,26400.0,2026-02-10,412.9,
2026-01-07 13:54:09+05:30,NIFTY2621026400CE,26400.0,2026-02-10,412.9,
2026-01-07 13:54:10+05:30,NIFTY2621026400CE,26400.0,2026-02-10,412.9,
2026-01-07 13:54:11+05:30,NIFTY2621026400CE,26400.0,2026-02-10,412.9,
2026-01-07 13:54:12+05:30,NIFTY2621026400CE,26400.0,2026-02-10,412.9,
2026-01-07 13:54:13+05:30,NIFTY2621026400CE,26400.0,2026-02-10,412.9,
2026-01-07 13:54:14+05:30,NIFTY2621026400CE,26400.0,2026-02-10,412.9,
2026-01-07 13:54:15+05:30,NIFTY2621026400CE,26400.0,2026-02-10,412.9,
2026-01-07 13:54:16+05:30,NIFTY2621026400CE,26400.0,2026-02-10,412.9,
2026-01-07 13:54:17+05:30,NIFTY2621026400CE,26400.0,2026-02-10,412.9,
2026-01-07 13:54:18+05:30,NIFTY2621026400CE,26400.0,2026-02-10,412.9,
2026-01-07 13:54:19+05:30,NIFTY2621026400CE,26400.0,2026-02-10,412.9,
2026-01-07 13:54:20+05:30,NIFTY2621026400CE,26400.0,2026-02-10,412.9,
2026-01-07 13:54:21+05:30,NIFTY2621026400CE,26400.0,2026-02-10,412.9,
2026-01-07 13:54:22+05:30,NIFTY2621026400CE,26400.0,2026-02-10,412.9,
2026-01-07 13:54:23+05:30,NIFTY2621026400CE,26400.0,2026-02-10,412.9,
2026-01-07 13:54:24+05:30,NIFTY2621026400CE,26400.0,2026-02-10,412.9,
2026-01-07 13:54:25+05:30,NIFTY2621026400CE,26400.0,2026-02-10,412.9,
2026-01-07 13:54:26+05:30,NIFTY2621026400CE,26400.0,2026-02-10,412.9,
2026-01-07 13:54:27+05:30,NIFTY2621026400CE,26400.0,2026-02-10,412.9,
2026-01-07 13:54:28+05:30,NIFTY2621026400CE,26400.0,2026-02-10,412.9,
2026-01-07 13:54:29+05:30,NIFTY2621026400CE,26400.0,2026-02-10,412.9,
2026-01-07 13:54:30+05:30,NIFTY2621026400CE,26400.0,2026-02-10,412.9,
2026-01-07 13:54:31+05:30,NIFTY2621026400CE,26400.0,2026-02-10,412.9,
2026-01-07 13:54:32+05:30,NIFTY2621026400CE,26400.0,2026-02-10,412.9,
2026-01-07 13:54:33+05:30,NIFTY2621026400CE,26400.0,2026-02-10,412.9,
2026-01-07 13:54:34+05:30,NIFTY2621026400CE,26400.0,2026-02-10,412.9,
2026-01-07 13:54:35+05:30,NIFTY2621026400CE,26400.0,2026-02-10,412.9,
2026-01-07 13:54:36+05:30,NIFTY2621026400CE,26400.0,2026-02-10,412.9,
2026-01-07 13:54:37+05:30,NIFTY2621026400CE,26400.0,2026-02-10,412.9,
2026-01-07 13:54:38+05:30,NIFTY2621026400CE,26400.0,2026-02-10,412.9,
2026-01-07 13:54:39+05:30,NIFTY2621026400CE,26400.0,2026-02-10,412.9,
2026-01-07 13:54:40+05:30,NIFTY2621026400CE,26400.0,2026-02-10,412.9,
2026-01-07 13:54:41+05:30,NIFTY2621026400CE,26400.0,2026-02-10,412.9,
2026-01-07 13:54:42+05:30,NIFTY2621026400CE,26400.0,2026-02-10,412.9,
2026-01-07 13:54:43+05:30,NIFTY2621026400CE,26400.0,2026-02-10,412.9,
2026-01-07 13:54:44+05:30,NIFTY2621026400CE,26400.0,2026-02-10,412.9,
2026-01-07 13:54:45+05:30,NIFTY2621026400CE,26400.0,2026-02-10,412.9,
2026-01-07 13:54:46+05:30,NIFTY2621026400CE,26400.0,2026-02-10,412.9,
2026-01-07 13:54:47+05:30,NIFTY2621026400CE,26400.0,2026-02-10,412.9,
2026-01-07 13:54:48+05:30,NIFTY2621026400CE,26400.0,2026-02-10,412.9,
2026-01-07 13:54:49+05:30,NIFTY2621026400CE,26400.0,2026-02-10,412.9,
2026-01-07 13:54:50+05:30,NIFTY2621026400CE,26400.0,2026-02-10,412.9,
2026-01-07 13:54:51+05:30,NIFTY2621026400CE,26400.0,2026-02-10,412.9,
2026-01-07 13:54:52+05:30,NIFTY2621026400CE,26400.0,2026-02-10,412.9,
2026-01-07 13:54:53+05:30,NIFTY2621026400CE,26400.0,2026-02-10,412.9,
2026-01-07 13:54:54+05:30,NIFTY2621026400CE,26400.0,2026-02-10,412.9,
2026-01-07 13:54:55+05:30,NIFTY2621026400CE,26400.0,2026-02-10,412.9,
2026-01-07 13:54:56+05:30,NIFTY2621026400CE,26400.0,2026-02-10,412.9,
2026-01-07 13:54:57+05:30,NIFTY2621026400CE,26400.0,2026-02-10,412.9,
2026-01-07 13:54:58+05:30,NIFTY2621026400CE,26400.0,2026-02-10,412.9,
2026-01-07 13:54:59+05:30,NIFTY2621026400CE,26400.0,2026-02-10,412.9,
2026-01-07 13:55:00+05:30,NIFTY2621026400CE,26400.0,2026-02-10,412.9,
2026-01-07 13:55:01+05:30,NIFTY2621026400CE,26400.0,2026-02-10,412.9,
2026-01-07 13:55:02+05:30,NIFTY2621026400CE,26400.0,2026-02-10,412.9,
2026-01-07 13:55:03+05:30,NIFTY2621026400CE,26400.0,2026-02-10,412.9,
2026-01-07 13:55:04+05:30,NIFTY2621026400CE,26400.0,2026-02-10,412.9,
2026-01-07 13:55:05+05:30,NIFTY2621026400CE,26400.0,2026-02-10,412.9,
2026-01-07 13:55:06+05:30,NIFTY2621026400CE,26400.0,2026-02-10,412.9,
2026-01-07 13:55:07+05:30,NIFTY2621026400CE,26400.0,2026-02-10,412.9,
2026-01-07 13:55:08+05:30,NIFTY2621026400CE,26400.0,2026-02-10,412.9,
2026-01-07 13:55:09+05:30,NIFTY2621026400CE,26400.0,2026-02-10,412.9,
2026-01-07 13:55:10+05:30,NIFTY2621026400CE,26400.0,2026-02-10,412.9,
2026-01-07 13:55:11+05:30,NIFTY2621026400CE,26400.0,2026-02-10,412.9,
2026-01-07 13:55:12+05:30,NIFTY2621026400CE,26400.0,2026-02-10,412.9,
2026-01-07 13:55:13+05:30,NIFTY2621026400CE,26400.0,2026-02-10,412.9,
2026-01-07 13:55:14+05:30,NIFTY2621026400CE,26400.0,2026-02-10,412.9,
2026-01-07 13:55:15+05:30,NIFTY2621026400CE,26400.0,2026-02-10,412.9,
2026-01-07 13:55:16+05:30,NIFTY2621026400CE,26400.0,2026-02-10,412.9,
2026-01-07 13:55:17+05:30,NIFTY2621026400CE,26400.0,2026-02-10,412.9,
2026-01-07 13:55:18+05:30,NIFTY2621026400CE,26400.0,2026-02-10,412.9,
2026-01-07 13:55:19+05:30,NIFTY2621026400CE,26400.0,2026-02-10,412.9,
2026-01-07 13:55:20+05:30,NIFTY2621026400CE,26400.0,2026-02-10,412.9,
2026-01-07 13:55:21+05:30,NIFTY2621026400CE,26400.0,2026-02-10,412.9,
2026-01-07 13:55:22+05:30,NIFTY2621026400CE,26400.0,2026-02-10,412.9,
2026-01-07 13:55:23+05:30,NIFTY2621026400CE,26400.0,2026-02-10,412.9,
2026-01-07 13:55:24+05:30,NIFTY2621026400CE,26400.0,2026-02-10,412.9,
2026-01-07 13:55:25+05:30,NIFTY2621026400CE,26400.0,2026-02-10,412.9,
2026-01-07 13:55:26+05:30,NIFTY2621026400CE,26400.0,2026-02-10,412.9,
2026-01-07 13:55:27+05:30,NIFTY2621026400CE,26400.0,2026-02-10,412.9,
2026-01-07 13:55:28+05:30,NIFTY2621026400CE,26400.0,2026-02-10,412.9,
2026-01-07 13:55:29+05:30,NIFTY2621026400CE,26400.0,2026-02-10,412.9,
2026-01-07 13:55:30+05:30,NIFTY2621026400CE,26400.0,2026-02-10,412.9,
2026-01-07 13:55:31+05:30,NIFTY2621026400CE,26400.0,2026-02-10,412.9,
2026-01-07 13:55:32+05:30,NIFTY2621026400CE,26400.0,2026-02-10,412.9,
2026-01-07 13:55:33+05:30,NIFTY2621026400CE,26400.0,2026-02-10,412.9,
2026-01-07 13:55:34+05:30,NIFTY2621026400CE,26400.0,2026-02-10,412.9,
2026-01-07 13:55:35+05:30,NIFTY2621026400CE,26400.0,2026-02-10,412.9,
2026-01-07 13:55:36+05:30,NIFTY2621026400CE,26400.0,2026-02-10,412.9,
2026-01-07 13:55:37+05:30,NIFTY2621026400CE,26400.0,2026-02-10,412.9,
2026-01-07 13:55:38+05:30,NIFTY2621026400CE,26400.0,2026-02-10,412.9,
2026-01-07 13:55:39+05:30,NIFTY2621026400CE,26400.0,2026-02-10,412.9,
2026-01-07 13:55:40+05:30,NIFTY2621026400CE,26400.0,2026-02-10,412.9,
2026-01-07 13:55:41+05:30,NIFTY2621026400CE,26400.0,2026-02-10,412.9,
2026-01-07 13:55:42+05:30,NIFTY2621026400CE,26400.0,2026-02-10,412.9,
2026-01-07 13:55:43+05:30,NIFTY2621026400CE,26400.0,2026-02-10,412.9,
2026-01-07 13:55:44+05:30,NIFTY2621026400CE,26400.0,2026-02-10,412.9,
2026-01-07 13:55:45+05:30,NIFTY2621026400CE,26400.0,2026-02-10,412.9,
2026-01-07 13:55:46+05:30,NIFTY2621026400CE,26400.0,2026-02-10,412.9,
2026-01-07 13:55:47+05:30,NIFTY2621026400CE,26400.0,2026-02-10,412.9,
2026-01-07 13:55:48+05:30,NIFTY2621026400CE,26400.0,2026-02-10,412.9,
2026-01-07 13:55:49+05:30,NIFTY2621026400CE,26400.0,2026-02-10,412.9,
2026-01-07 13:55:50+05:30,NIFTY2621026400CE,26400.0,2026-02-10,412.9,
2026-01-07 13:55:51+05:30,NIFTY2621026400CE,26400.0,2026-02-10,412.9,
2026-01-07 13:55:52+05:30,NIFTY2621026400CE,26400.0,2026-02-10,412.9,
2026-01-07 13:55:53+05:30,NIFTY2621026400CE,26400.0,2026-02-10,412.9,
2026-01-07 13:55:54+05:30,NIFTY2621026400CE,26400.0,2026-02-10,412.9,
2026-01-07 13:55:55+05:30,NIFTY2621026400CE,26400.0,2026-02-10,412.9,
2026-01-07 13:55:56+05:30,NIFTY2621026400CE,26400.0,2026-02-10,412.9,
2026-01-07 13:55:57+05:30,NIFTY2621026400CE,26400.0,2026-02-10,412.9,
2026-01-07 13:55:58+05:30,NIFTY2621026400CE,26400.0,2026-02-10,412.9,
2026-01-07 13:55:59+05:30,NIFTY2621026400CE,26400.0,2026-02-10,412.9,
2026-01-07 13:56:00+05:30,NIFTY2621026400CE,26400.0,2026-02-10,412.9,
2026-01-07 13:56:01+05:30,NIFTY2621026400CE,26400.0,2026-02-10,412.9,
2026-01-07 13:56:02+05:30,NIFTY2621026400CE,26400.0,2026-02-10,412.9,
2026-01-07 13:56:03+05:30,NIFTY2621026400CE,26400.0,2026-02-10,412.9,
2026-01-07 13:56:04+05:30,NIFTY2621026400CE,26400.0,2026-02-10,412.9,
2026-01-07 13:56:05+05:30,NIFTY2621026400CE,26400.0,2026-02-10,412.9,
2026-01-07 13:56:06+05:30,NIFTY2621026400CE,26400.0,2026-02-10,412.9,
2026-01-07 13:56:07+05:30,NIFTY2621026400CE,26400.0,2026-02-10,412.9,
2026-01-07 13:56:08+05:30,NIFTY2621026400CE,26400.0,2026-02-10,412.9,
2026-01-07 13:56:09+05:30,NIFTY2621026400CE,26400.0,2026-02-10,412.9,
2026-01-07 13:56:10+05:30,NIFTY2621026400CE,26400.0,2026-02-10,412.9,
2026-01-07 13:56:11+05:30,NIFTY2621026400CE,26400.0,2026-02-10,412.9,
2026-01-07 13:56:12+05:30,NIFTY2621026400CE,26400.0,2026-02-10,412.9,
2026-01-07 13:56:13+05:30,NIFTY2621026400CE,26400.0,2026-02-10,412.9,
2026-01-07 13:56:14+05:30,NIFTY2621026400CE,26400.0,2026-02-10,412.9,
2026-01-07 13:56:15+05:30,NIFTY2621026400CE,26400.0,2026-02-10,412.9,
2026-01-07 13:56:16+05:30,NIFTY2621026400CE,26400.0,2026-02-10,412.9,
2026-01-07 13:56:17+05:30,NIFTY2621026400CE,26400.0,2026-02-10,412.9,
2026-01-07 13:56:18+05:30,NIFTY2621026400CE,26400.0,2026-02-10,412.9,
2026-01-07 13:56:19+05:30,NIFTY2621026400CE,26400.0,2026-02-10,412.9,
2026-01-07 13:56:20+05:30,NIFTY2621026400CE,26400.0,2026-02-10,412.9,
2026-01-07 13:56:21+05:30,NIFTY2621026400CE,26400.0,2026-02-10,412.9,
2026-01-07 13:56:22+05:30,NIFTY2621026400CE,26400.0,2026-02-10,412.9,
2026-01-07 13:56:23+05:30,NIFTY2621026400CE,26400.0,2026-02-10,412.9,
2026-01-07 13:56:24+05:30,NIFTY2621026400CE,26400.0,2026-02-10,412.9,
2026-01-07 13:56:25+05:30,NIFTY2621026400CE,26400.0,2026-02-10,412.9,
2026-01-07 13:56:26+05:30,NIFTY2621026400CE,26400.0,2026-02-10,412.9,
2026-01-07 13:56:27+05:30,NIFTY2621026400CE,26400.0,2026-02-10,412.9,
2026-01-07 13:56:28+05:30,NIFTY2621026400CE,26400.0,2026-02-10,412.9,
2026-01-07 13:56:29+05:30,NIFTY2621026400CE,26400.0,2026-02-10,412.9,
2026-01-07 13:56:30+05:30,NIFTY2621026400CE,26400.0,2026-02-10,412.9,
2026-01-07 13:56:31+05:30,NIFTY2621026400CE,26400.0,2026-02-10,412.9,
2026-01-07 13:56:32+05:30,NIFTY2621026400CE,26400.0,2026-02-10,412.9,
2026-01-07 13:56:33+05:30,NIFTY2621026400CE,26400.0,2026-02-10,412.9,
2026-01-07 13:56:34+05:30,NIFTY2621026400CE,26400.0,2026-02-10,412.9,
2026-01-07 13:56:35+05:30,NIFTY2621026400CE,26400.0,2026-02-10,412.9,
2026-01-07 13:56:36+05:30,NIFTY2621026400CE,26400.0,2026-02-10,412.9,
2026-01-07 13:56:37+05:30,NIFTY2621026400CE,26400.0,2026-02-10,412.9,
2026-01-07 13:56:38+05:30,NIFTY2621026400CE,26400.0,2026-02-10,412.9,
2026-01-07 13:56:39+05:30,NIFTY2621026400CE,26400.0,2026-02-10,412.9,
2026-01-07 13:56:40+05:30,NIFTY2621026400CE,26400.0,2026-02-10,412.9,
2026-01-07 13:56:41+05:30,NIFTY2621026400CE,26400.0,2026-02-10,412.9,
2026-01-07 13:56:42+05:30,NIFTY2621026400CE,26400.0,2026-02-10,412.9,
2026-01-07 13:56:43+05:30,NIFTY2621026400CE,26400.0,2026-02-10,412.9,
2026-01-07 13:56:44+05:30,NIFTY2621026400CE,26400.0,2026-02-10,412.9,
2026-01-07 13:56:45+05:30,NIFTY2621026400CE,26400.0,2026-02-10,412.9,
2026-01-07 13:56:46+05:30,NIFTY2621026400CE,26400.0,2026-02-10,412.9,
2026-01-07 13:56:47+05:30,NIFTY2621026400CE,26400.0,2026-02-10,412.9,
2026-01-07 13:56:48+05:30,NIFTY2621026400CE,26400.0,2026-02-10,412.9,
2026-01-07 13:56:49+05:30,NIFTY2621026400CE,26400.0,2026-02-10,412.9,
2026-01-07 13:56:50+05:30,NIFTY2621026400CE,26400.0,2026-02-10,412.9,
2026-01-07 13:56:51+05:30,NIFTY2621026400CE,26400.0,2026-02-10,412.9,
2026-01-07 13:56:52+05:30,NIFTY2621026400CE,26400.0,2026-02-10,412.9,
2026-01-07 13:56:53+05:30,NIFTY2621026400CE,26400.0,2026-02-10,412.9,
2026-01-07 13:56:54+05:30,NIFTY2621026400CE,26400.0,2026-02-10,412.9,
2026-01-07 13:56:55+05:30,NIFTY2621026400CE,26400.0,2026-02-10,412.9,
2026-01-07 13:56:56+05:30,NIFTY2621026400CE,26400.0,2026-02-10,412.9,
2026-01-07 13:56:57+05:30,NIFTY2621026400CE,26400.0,2026-02-10,412.9,
2026-01-07 13:56:58+05:30,NIFTY2621026400CE,26400.0,2026-02-10,412.9,
2026-01-07 13:56:59+05:30,NIFTY2621026400CE,26400.0,2026-02-10,412.9,
2026-01-07 13:57:00+05:30,NIFTY2621026400CE,26400.0,2026-02-10,412.9,
2026-01-07 13:57:01+05:30,NIFTY2621026400CE,26400.0,2026-02-10,412.9,
2026-01-07 13:57:02+05:30,NIFTY2621026400CE,26400.0,2026-02-10,412.9,
2026-01-07 13:57:03+05:30,NIFTY2621026400CE,26400.0,2026-02-10,412.9,
2026-01-07 13:57:04+05:30,NIFTY2621026400CE,26400.0,2026-02-10,412.9,
2026-01-07 13:57:05+05:30,NIFTY2621026400CE,26400.0,2026-02-10,412.9,
2026-01-07 13:57:06+05:30,NIFTY2621026400CE,26400.0,2026-02-10,412.9,
2026-01-07 13:57:07+05:30,NIFTY2621026400CE,26400.0,2026-02-10,412.9,
2026-01-07 13:57:08+05:30,NIFTY2621026400CE,26400.0,2026-02-10,412.9,
2026-01-07 13:57:09+05:30,NIFTY2621026400CE,26400.0,2026-02-10,412.9,
2026-01-07 13:57:10+05:30,NIFTY2621026400CE,26400.0,2026-02-10,412.9,
2026-01-07 13:57:11+05:30,NIFTY2621026400CE,26400.0,2026-02-10,412.9,
2026-01-07 13:57:12+05:30,NIFTY2621026400CE,26400.0,2026-02-10,412.9,
2026-01-07 13:57:13+05:30,NIFTY2621026400CE,26400.0,2026-02-10,412.9,
2026-01-07 13:57:14+05:30,NIFTY2621026400CE,26400.0,2026-02-10,412.9,
2026-01-07 13:57:15+05:30,NIFTY2621026400CE,26400.0,2026-02-10,412.9,
2026-01-07 13:57:16+05:30,NIFTY2621026400CE,26400.0,2026-02-10,412.9,
2026-01-07 13:57:17+05:30,NIFTY2621026400CE,26400.0,2026-02-10,412.9,
2026-01-07 13:57:18+05:30,NIFTY2621026400CE,26400.0,2026-02-10,412.9,
2026-01-07 13:57:19+05:30,NIFTY2621026400CE,26400.0,2026-02-10,412.9,
2026-01-07 13:57:20+05:30,NIFTY2621026400CE,26400.0,2026-02-10,412.9,
2026-01-07 13:57:21+05:30,NIFTY2621026400CE,26400.0,2026-02-10,412.9,
2026-01-07 13:57:22+05:30,NIFTY2621026400CE,26400.0,2026-02-10,412.9,
2026-01-07 13:57:23+05:30,NIFTY2621026400CE,26400.0,2026-02-10,412.9,
2026-01-07 13:57:24+05:30,NIFTY2621026400CE,26400.0,2026-02-10,412.9,
2026-01-07 13:57:25+05:30,NIFTY2621026400CE,26400.0,2026-02-10,412.9,
2026-01-07 13:57:26+05:30,NIFTY2621026400CE,26400.0,2026-02-10,412.9,
2026-01-07 13:57:27+05:30,NIFTY2621026400CE,26400.0,2026-02-10,412.9,
2026-01-07 13:57:28+05:30,NIFTY2621026400CE,26400.0,2026-02-10,412.9,
2026-01-07 13:57:29+05:30,NIFTY2621026400CE,26400.0,2026-02-10,412.9,
2026-01-07 13:57:30+05:30,NIFTY2621026400CE,26400.0,2026-02-10,412.9,
2026-01-07 13:57:31+05:30,NIFTY2621026400CE,26400.0,2026-02-10,412.9,
2026-01-07 13:57:32+05:30,NIFTY2621026400CE,26400.0,2026-02-10,412.9,
2026-01-07 13:57:33+05:30,NIFTY2621026400CE,26400.0,2026-02-10,412.9,
2026-01-07 13:57:34+05:30,NIFTY2621026400CE,26400.0,2026-02-10,412.9,
2026-01-07 13:57:35+05:30,NIFTY2621026400CE,26400.0,2026-02-10,412.9,
2026-01-07 13:57:36+05:30,NIFTY2621026400CE,26400.0,2026-02-10,412.9,
2026-01-07 13:57:37+05:30,NIFTY2621026400CE,26400.0,2026-02-10,412.9,
2026-01-07 13:57:38+05:30,NIFTY2621026400CE,26400.0,2026-02-10,412.9,
2026-01-07 13:57:39+05:30,NIFTY2621026400CE,26400.0,2026-02-10,412.9,
2026-01-07 13:57:40+05:30,NIFTY2621026400CE,26400.0,2026-02-10,412.9,
2026-01-07 13:57:41+05:30,NIFTY2621026400CE,26400.0,2026-02-10,412.9,
2026-01-07 13:57:42+05:30,NIFTY2621026400CE,26400.0,2026-02-10,412.9,
2026-01-07 13:57:43+05:30,NIFTY2621026400CE,26400.0,2026-02-10,412.9,
2026-01-07 13:57:44+05:30,NIFTY2621026400CE,26400.0,2026-02-10,412.9,
2026-01-07 13:57:45+05:30,NIFTY2621026400CE,26400.0,2026-02-10,412.9,
2026-01-07 13:57:46+05:30,NIFTY2621026400CE,26400.0,2026-02-10,412.9,
2026-01-07 13:57:47+05:30,NIFTY2621026400CE,26400.0,2026-02-10,412.9,
2026-01-07 13:57:48+05:30,NIFTY2621026400CE,26400.0,2026-02-10,412.9,
2026-01-07 13:57:49+05:30,NIFTY2621026400CE,26400.0,2026-02-10,412.9,
2026-01-07 13:57:50+05:30,NIFTY2621026400CE,26400.0,2026-02-10,412.9,
2026-01-07 13:57:51+05:30,NIFTY2621026400CE,26400.0,2026-02-10,412.9,
2026-01-07 13:57:52+05:30,NIFTY2621026400CE,26400.0,2026-02-10,412.9,
2026-01-07 13:57:53+05:30,NIFTY2621026400CE,26400.0,2026-02-10,412.9,
2026-01-07 13:57:54+05:30,NIFTY2621026400CE,26400.0,2026-02-10,412.9,
2026-01-07 13:57:55+05:30,NIFTY2621026400CE,26400.0,2026-02-10,412.9,
2026-01-07 13:57:56+05:30,NIFTY2621026400CE,26400.0,2026-02-10,412.9,
2026-01-07 13:57:57+05:30,NIFTY2621026400CE,26400.0,2026-02-10,412.9,
2026-01-07 13:57:58+05:30,NIFTY2621026400CE,26400.0,2026-02-10,412.9,
2026-01-07 13:57:59+05:30,NIFTY2621026400CE,26400.0,2026-02-10,412.9,
2026-01-07 13:58:00+05:30,NIFTY2621026400CE,26400.0,2026-02-10,412.9,
2026-01-07 13:58:01+05:30,NIFTY2621026400CE,26400.0,2026-02-10,412.9,
2026-01-07 13:58:02+05:30,NIFTY2621026400CE,26400.0,2026-02-10,412.9,
2026-01-07 13:58:03+05:30,NIFTY2621026400CE,26400.0,2026-02-10,412.9,
2026-01-07 13:58:04+05:30,NIFTY2621026400CE,26400.0,2026-02-10,412.9,
2026-01-07 13:58:05+05:30,NIFTY2621026400CE,26400.0,2026-02-10,412.9,
2026-01-07 13:58:06+05:30,NIFTY2621026400CE,26400.0,2026-02-10,412.9,
2026-01-07 13:58:07+05:30,NIFTY2621026400CE,26400.0,2026-02-10,412.9,
2026-01-07 13:58:08+05:30,NIFTY2621026400CE,26400.0,2026-02-10,412.9,
2026-01-07 13:58:09+05:30,NIFTY2621026400CE,26400.0,2026-02-10,412.9,
2026-01-07 13:58:10+05:30,NIFTY2621026400CE,26400.0,2026-02-10,412.9,
2026-01-07 13:58:11+05:30,NIFTY2621026400CE,26400.0,2026-02-10,412.9,
2026-01-07 13:58:12+05:30,NIFTY2621026400CE,26400.0,2026-02-10,412.9,
2026-01-07 13:58:13+05:30,NIFTY2621026400CE,26400.0,2026-02-10,412.9,
2026-01-07 13:58:14+05:30,NIFTY2621026400CE,26400.0,2026-02-10,412.9,
2026-01-07 13:58:15+05:30,NIFTY2621026400CE,26400.0,2026-02-10,412.9,
2026-01-07 13:58:16+05:30,NIFTY2621026400CE,26400.0,2026-02-10,412.9,
2026-01-07 13:58:17+05:30,NIFTY2621026400CE,26400.0,2026-02-10,412.9,
2026-01-07 13:58:18+05:30,NIFTY2621026400CE,26400.0,2026-02-10,412.9,
2026-01-07 13:58:19+05:30,NIFTY2621026400CE,26400.0,2026-02-10,412.9,
2026-01-07 13:58:20+05:30,NIFTY2621026400CE,26400.0,2026-02-10,412.9,
2026-01-07 13:58:21+05:30,NIFTY2621026400CE,26400.0,2026-02-10,412.9,
2026-01-07 13:58:22+05:30,NIFTY2621026400CE,26400.0,2026-02-10,412.9,
2026-01-07 13:58:23+05:30,NIFTY2621026400CE,26400.0,2026-02-10,412.9,
2026-01-07 13:58:24+05:30,NIFTY2621026400CE,26400.0,2026-02-10,412.9,
2026-01-07 13:58:25+05:30,NIFTY2621026400CE,26400.0,2026-02-10,412.9,
2026-01-07 13:58:26+05:30,NIFTY2621026400CE,26400.0,2026-02-10,412.9,
2026-01-07 13:58:27+05:30,NIFTY2621026400CE,26400.0,2026-02-10,412.9,
2026-01-07 13:58:28+05:30,NIFTY2621026400CE,26400.0,2026-02-10,412.9,
2026-01-07 13:58:29+05:30,NIFTY2621026400CE,26400.0,2026-02-10,412.9,
2026-01-07 13:58:30+05:30,NIFTY2621026400CE,26400.0,2026-02-10,412.9,
2026-01-07 13:58:31+05:30,NIFTY2621026400CE,26400.0,2026-02-10,412.9,
2026-01-07 13:58:32+05:30,NIFTY2621026400CE,26400.0,2026-02-10,412.9,
2026-01-07 13:58:33+05:30,NIFTY2621026400CE,26400.0,2026-02-10,412.9,
2026-01-07 13:58:34+05:30,NIFTY2621026400CE,26400.0,2026-02-10,412.9,
2026-01-07 13:58:35+05:30,NIFTY2621026400CE,26400.0,2026-02-10,412.9,
2026-01-07 13:58:36+05:30,NIFTY2621026400CE,26400.0,2026-02-10,412.9,
2026-01-07 13:58:37+05:30,NIFTY2621026400CE,26400.0,2026-02-10,412.9,
2026-01-07 13:58:38+05:30,NIFTY2621026400CE,26400.0,2026-02-10,412.9,
2026-01-07 13:58:39+05:30,NIFTY2621026400CE,26400.0,2026-02-10,412.9,
2026-01-07 13:58:40+05:30,NIFTY2621026400CE,26400.0,2026-02-10,412.9,
2026-01-07 13:58:41+05:30,NIFTY2621026400CE,26400.0,2026-02-10,412.9,
2026-01-07 13:58:42+05:30,NIFTY2621026400CE,26400.0,2026-02-10,412.9,
2026-01-07 13:58:43+05:30,NIFTY2621026400CE,26400.0,2026-02-10,412.9,
2026-01-07 13:58:44+05:30,NIFTY2621026400CE,26400.0,2026-02-10,412.9,
2026-01-07 13:58:45+05:30,NIFTY2621026400CE,26400.0,2026-02-10,412.9,
2026-01-07 13:58:46+05:30,NIFTY2621026400CE,26400.0,2026-02-10,412.9,
2026-01-07 13:58:47+05:30,NIFTY2621026400CE,26400.0,2026-02-10,412.9,
2026-01-07 13:58:48+05:30,NIFTY2621026400CE,26400.0,2026-02-10,412.9,
2026-01-07 13:58:49+05:30,NIFTY2621026400CE,26400.0,2026-02-10,412.9,
2026-01-07 13:58:50+05:30,NIFTY2621026400CE,26400.0,2026-02-10,412.9,
2026-01-07 13:58:51+05:30,NIFTY2621026400CE,26400.0,2026-02-10,412.9,
2026-01-07 13:58:52+05:30,NIFTY2621026400CE,26400.0,2026-02-10,412.9,
2026-01-07 13:58:53+05:30,NIFTY2621026400CE,26400.0,2026-02-10,412.9,
2026-01-07 13:58:54+05:30,NIFTY2621026400CE,26400.0,2026-02-10,412.9,
2026-01-07 13:58:55+05:30,NIFTY2621026400CE,26400.0,2026-02-10,412.9,
2026-01-07 13:58:56+05:30,NIFTY2621026400CE,26400.0,2026-02-10,412.9,
2026-01-07 13:58:57+05:30,NIFTY2621026400CE,26400.0,2026-02-10,412.9,
2026-01-07 13:58:58+05:30,NIFTY2621026400CE,26400.0,2026-02-10,412.9,
2026-01-07 13:58:59+05:30,NIFTY2621026400CE,26400.0,2026-02-10,412.9,
2026-01-07 13:59:00+05:30,NIFTY2621026400CE,26400.0,2026-02-10,412.9,
2026-01-07 13:59:01+05:30,NIFTY2621026400CE,26400.0,2026-02-10,412.9,
2026-01-07 13:59:02+05:30,NIFTY2621026400CE,26400.0,2026-02-10,412.9,
2026-01-07 13:59:03+05:30,NIFTY2621026400CE,26400.0,2026-02-10,412.9,
2026-01-07 13:59:04+05:30,NIFTY2621026400CE,26400.0,2026-02-10,412.9,
2026-01-07 13:59:05+05:30,NIFTY2621026400CE,26400.0,2026-02-10,412.9,
2026-01-07 13:59:06+05:30,NIFTY2621026400CE,26400.0,2026-02-10,412.9,
2026-01-07 13:59:07+05:30,NIFTY2621026400CE,26400.0,2026-02-10,412.9,
2026-01-07 13:59:08+05:30,NIFTY2621026400CE,26400.0,2026-02-10,412.9,
2026-01-07 13:59:09+05:30,NIFTY2621026400CE,26400.0,2026-02-10,412.9,
2026-01-07 13:59:10+05:30,NIFTY2621026400CE,26400.0,2026-02-10,412.9,
2026-01-07 13:59:11+05:30,NIFTY2621026400CE,26400.0,2026-02-10,412.9,
2026-01-07 13:59:12+05:30,NIFTY2621026400CE,26400.0,2026-02-10,412.9,
2026-01-07 13:59:13+05:30,NIFTY2621026400CE,26400.0,2026-02-10,412.9,
2026-01-07 13:59:14+05:30,NIFTY2621026400CE,26400.0,2026-02-10,412.9,
2026-01-07 13:59:15+05:30,NIFTY2621026400CE,26400.0,2026-02-10,412.9,
2026-01-07 13:59:16+05:30,NIFTY2621026400CE,26400.0,2026-02-10,412.9,
2026-01-07 13:59:17+05:30,NIFTY2621026400CE,26400.0,2026-02-10,412.9,
2026-01-07 13:59:18+05:30,NIFTY2621026400CE,26400.0,2026-02-10,412.9,
2026-01-07 13:59:19+05:30,NIFTY2621026400CE,26400.0,2026-02-10,412.9,
2026-01-07 13:59:20+05:30,NIFTY2621026400CE,26400.0,2026-02-10,412.9,
2026-01-07 13:59:21+05:30,NIFTY2621026400CE,26400.0,2026-02-10,412.9,
2026-01-07 13:59:22+05:30,NIFTY2621026400CE,26400.0,2026-02-10,412.9,
2026-01-07 13:59:23+05:30,NIFTY2621026400CE,26400.0,2026-02-10,412.9,
2026-01-07 13:59:24+05:30,NIFTY2621026400CE,26400.0,2026-02-10,412.9,
2026-01-07 13:59:25+05:30,NIFTY2621026400CE,26400.0,2026-02-10,412.9,
2026-01-07 13:59:26+05:30,NIFTY2621026400CE,26400.0,2026-02-10,412.9,
2026-01-07 13:59:27+05:30,NIFTY2621026400CE,26400.0,2026-02-10,412.9,
2026-01-07 13:59:28+05:30,NIFTY2621026400CE,26400.0,2026-02-10,412.9,
2026-01-07 13:59:29+05:30,NIFTY2621026400CE,26400.0,2026-02-10,412.9,
2026-01-07 13:59:30+05:30,NIFTY2621026400CE,26400.0,2026-02-10,412.9,
2026-01-07 13:59:31+05:30,NIFTY2621026400CE,26400.0,2026-02-10,412.9,
2026-01-07 13:59:32+05:30,NIFTY2621026400CE,26400.0,2026-02-10,412.9,
2026-01-07 13:59:33+05:30,NIFTY2621026400CE,26400.0,2026-02-10,412.9,
2026-01-07 13:59:34+05:30,NIFTY2621026400CE,26400.0,2026-02-10,412.9,
2026-01-07 13:59:35+05:30,NIFTY2621026400CE,26400.0,2026-02-10,412.9,
2026-01-07 13:59:36+05:30,NIFTY2621026400CE,26400.0,2026-02-10,412.9,
2026-01-07 13:59:37+05:30,NIFTY2621026400CE,26400.0,2026-02-10,412.9,
2026-01-07 13:59:38+05:30,NIFTY2621026400CE,26400.0,2026-02-10,412.9,
2026-01-07 13:59:39+05:30,NIFTY2621026400CE,26400.0,2026-02-10,412.9,
2026-01-07 13:59:40+05:30,NIFTY2621026400CE,26400.0,2026-02-10,412.9,
2026-01-07 13:59:41+05:30,NIFTY2621026400CE,26400.0,2026-02-10,412.9,
2026-01-07 13:59:42+05:30,NIFTY2621026400CE,26400.0,2026-02-10,412.9,
2026-01-07 13:59:43+05:30,NIFTY2621026400CE,26400.0,2026-02-10,412.9,
2026-01-07 13:59:44+05:30,NIFTY2621026400CE,26400.0,2026-02-10,412.9,
2026-01-07 13:59:45+05:30,NIFTY2621026400CE,26400.0,2026-02-10,412.9,
2026-01-07 13:59:46+05:30,NIFTY2621026400CE,26400.0,2026-02-10,412.9,
2026-01-07 13:59:47+05:30,NIFTY2621026400CE,26400.0,2026-02-10,412.9,
2026-01-07 13:59:48+05:30,NIFTY2621026400CE,26400.0,2026-02-10,412.9,
2026-01-07 13:59:49+05:30,NIFTY2621026400CE,26400.0,2026-02-10,412.9,
2026-01-07 13:59:50+05:30,NIFTY2621026400CE,26400.0,2026-02-10,412.9,
2026-01-07 13:59:51+05:30,NIFTY2621026400CE,26400.0,2026-02-10,412.9,
2026-01-07 13:59:52+05:30,NIFTY2621026400CE,26400.0,2026-02-10,412.9,
2026-01-07 13:59:53+05:30,NIFTY2621026400CE,26400.0,2026-02-10,412.9,
2026-01-07 13:59:54+05:30,NIFTY2621026400CE,26400.0,2026-02-10,412.9,
2026-01-07 13:59:55+05:30,NIFTY2621026400CE,26400.0,2026-02-10,412.9,
2026-01-07 13:59:56+05:30,NIFTY2621026400CE,26400.0,2026-02-10,412.9,
2026-01-07 13:59:57+05:30,NIFTY2621026400CE,26400.0,2026-02-10,412.9,
2026-01-07 13:59:58+05:30,NIFTY2621026400CE,26400.0,2026-02-10,412.9,
2026-01-07 13:59:59+05:30,NIFTY2621026400CE,26400.0,2026-02-10,412.9,
2026-01-07 14:00:00+05:30,NIFTY2621026400CE,26400.0,2026-02-10,412.9,
2026-01-07 14:00:01+05:30,NIFTY2621026400CE,26400.0,2026-02-10,412.9,
2026-01-07 14:00:02+05:30,NIFTY2621026400CE,26400.0,2026-02-10,412.9,
2026-01-07 14:00:03+05:30,NIFTY2621026400CE,26400.0,2026-02-10,412.9,
2026-01-07 14:00:04+05:30,NIFTY2621026400CE,26400.0,2026-02-10,412.9,
2026-01-07 14:00:05+05:30,NIFTY2621026400CE,26400.0,2026-02-10,412.9,
2026-01-07 14:00:06+05:30,NIFTY2621026400CE,26400.0,2026-02-10,412.9,
2026-01-07 14:00:07+05:30,NIFTY2621026400CE,26400.0,2026-02-10,412.9,
2026-01-07 14:00:08+05:30,NIFTY2621026400CE,26400.0,2026-02-10,412.9,
2026-01-07 14:00:09+05:30,NIFTY2621026400CE,26400.0,2026-02-10,412.9,
2026-01-07 14:00:10+05:30,NIFTY2621026400CE,26400.0,2026-02-10,412.9,
2026-01-07 14:00:11+05:30,NIFTY2621026400CE,26400.0,2026-02-10,412.9,
2026-01-07 14:00:12+05:30,NIFTY2621026400CE,26400.0,2026-02-10,412.9,
2026-01-07 14:00:13+05:30,NIFTY2621026400CE,26400.0,2026-02-10,412.9,
2026-01-07 14:00:14+05:30,NIFTY2621026400CE,26400.0,2026-02-10,412.9,
2026-01-07 14:00:15+05:30,NIFTY2621026400CE,26400.0,2026-02-10,412.9,
2026-01-07 14:00:16+05:30,NIFTY2621026400CE,26400.0,2026-02-10,412.9,
2026-01-07 14:00:17+05:30,NIFTY2621026400CE,26400.0,2026-02-10,412.9,
2026-01-07 14:00:18+05:30,NIFTY2621026400CE,26400.0,2026-02-10,412.9,
2026-01-07 14:00:19+05:30,NIFTY2621026400CE,26400.0,2026-02-10,412.9,
2026-01-07 14:00:20+05:30,NIFTY2621026400CE,26400.0,2026-02-10,412.9,
2026-01-07 14:00:21+05:30,NIFTY2621026400CE,26400.0,2026-02-10,412.9,
2026-01-07 14:00:22+05:30,NIFTY2621026400CE,26400.0,2026-02-10,412.9,
2026-01-07 14:00:23+05:30,NIFTY2621026400CE,26400.0,2026-02-10,412.9,
2026-01-07 14:00:24+05:30,NIFTY2621026400CE,26400.0,2026-02-10,412.9,
2026-01-07 14:00:25+05:30,NIFTY2621026400CE,26400.0,2026-02-10,412.9,
2026-01-07 14:00:26+05:30,NIFTY2621026400CE,26400.0,2026-02-10,412.9,
2026-01-07 14:00:27+05:30,NIFTY2621026400CE,26400.0,2026-02-10,412.9,
2026-01-07 14:00:28+05:30,NIFTY2621026400CE,26400.0,2026-02-10,412.9,
2026-01-07 14:00:29+05:30,NIFTY2621026400CE,26400.0,2026-02-10,412.9,
2026-01-07 14:00:30+05:30,NIFTY2621026400CE,26400.0,2026-02-10,412.9,
2026-01-07 14:00:31+05:30,NIFTY2621026400CE,26400.0,2026-02-10,412.9,
2026-01-07 14:00:32+05:30,NIFTY2621026400CE,26400.0,2026-02-10,412.9,
2026-01-07 14:00:33+05:30,NIFTY2621026400CE,26400.0,2026-02-10,412.9,
2026-01-07 14:00:34+05:30,NIFTY2621026400CE,26400.0,2026-02-10,412.9,
2026-01-07 14:00:35+05:30,NIFTY2621026400CE,26400.0,2026-02-10,412.9,
2026-01-07 14:00:36+05:30,NIFTY2621026400CE,26400.0,2026-02-10,412.9,
2026-01-07 14:00:37+05:30,NIFTY2621026400CE,26400.0,2026-02-10,412.9,
2026-01-07 14:00:38+05:30,NIFTY2621026400CE,26400.0,2026-02-10,412.9,
2026-01-07 14:00:39+05:30,NIFTY2621026400CE,26400.0,2026-02-10,412.9,
2026-01-07 14:00:40+05:30,NIFTY2621026400CE,26400.0,2026-02-10,412.9,
2026-01-07 14:00:41+05:30,NIFTY2621026400CE,26400.0,2026-02-10,412.9,
2026-01-07 14:00:42+05:30,NIFTY2621026400CE,26400.0,2026-02-10,412.9,
2026-01-07 14:00:43+05:30,NIFTY2621026400CE,26400.0,2026-02-10,412.9,
2026-01-07 14:00:44+05:30,NIFTY2621026400CE,26400.0,2026-02-10,412.9,
2026-01-07 14:00:45+05:30,NIFTY2621026400CE,26400.0,2026-02-10,412.9,
2026-01-07 14:00:46+05:30,NIFTY2621026400CE,26400.0,2026-02-10,412.9,
2026-01-07 14:00:47+05:30,NIFTY2621026400CE,26400.0,2026-02-10,412.9,
2026-01-07 14:00:48+05:30,NIFTY2621026400CE,26400.0,2026-02-10,412.9,
2026-01-07 14:00:49+05:30,NIFTY2621026400CE,26400.0,2026-02-10,412.9,
2026-01-07 14:00:50+05:30,NIFTY2621026400CE,26400.0,2026-02-10,412.9,
2026-01-07 14:00:51+05:30,NIFTY2621026400CE,26400.0,2026-02-10,412.9,
2026-01-07 14:00:52+05:30,NIFTY2621026400CE,26400.0,2026-02-10,412.9,
2026-01-07 14:00:53+05:30,NIFTY2621026400CE,26400.0,2026-02-10,412.9,
2026-01-07 14:00:54+05:30,NIFTY2621026400CE,26400.0,2026-02-10,412.9,
2026-01-07 14:00:55+05:30,NIFTY2621026400CE,26400.0,2026-02-10,412.9,
2026-01-07 14:00:56+05:30,NIFTY2621026400CE,26400.0,2026-02-10,412.9,
2026-01-07 14:00:57+05:30,NIFTY2621026400CE,26400.0,2026-02-10,412.9,
2026-01-07 14:00:58+05:30,NIFTY2621026400CE,26400.0,2026-02-10,412.9,
2026-01-07 14:00:59+05:30,NIFTY2621026400CE,26400.0,2026-02-10,412.9,
2026-01-07 14:01:00+05:30,NIFTY2621026400CE,26400.0,2026-02-10,412.9,
2026-01-07 14:01:01+05:30,NIFTY2621026400CE,26400.0,2026-02-10,412.9,
2026-01-07 14:01:02+05:30,NIFTY2621026400CE,26400.0,2026-02-10,412.9,
2026-01-07 14:01:03+05:30,NIFTY2621026400CE,26400.0,2026-02-10,412.9,
2026-01-07 14:01:04+05:30,NIFTY2621026400CE,26400.0,2026-02-10,412.9,
2026-01-07 14:01:05+05:30,NIFTY2621026400CE,26400.0,2026-02-10,412.9,
2026-01-07 14:01:06+05:30,NIFTY2621026400CE,26400.0,2026-02-10,412.9,
2026-01-07 14:01:07+05:30,NIFTY2621026400CE,26400.0,2026-02-10,412.9,
2026-01-07 14:01:08+05:30,NIFTY2621026400CE,26400.0,2026-02-10,412.9,
2026-01-07 14:01:09+05:30,NIFTY2621026400CE,26400.0,2026-02-10,412.9,
2026-01-07 14:01:10+05:30,NIFTY2621026400CE,26400.0,2026-02-10,412.9,
2026-01-07 14:01:11+05:30,NIFTY2621026400CE,26400.0,2026-02-10,412.9,
2026-01-07 14:01:12+05:30,NIFTY2621026400CE,26400.0,2026-02-10,412.9,
2026-01-07 14:01:13+05:30,NIFTY2621026400CE,26400.0,2026-02-10,412.9,
2026-01-07 14:01:14+05:30,NIFTY2621026400CE,26400.0,2026-02-10,412.9,
2026-01-07 14:01:15+05:30,NIFTY2621026400CE,26400.0,2026-02-10,412.9,
2026-01-07 14:01:16+05:30,NIFTY2621026400CE,26400.0,2026-02-10,412.9,
2026-01-07 14:01:17+05:30,NIFTY2621026400CE,26400.0,2026-02-10,412.9,
2026-01-07 14:01:18+05:30,NIFTY2621026400CE,26400.0,2026-02-10,412.9,
2026-01-07 14:01:19+05:30,NIFTY2621026400CE,26400.0,2026-02-10,412.9,
2026-01-07 14:01:20+05:30,NIFTY2621026400CE,26400.0,2026-02-10,412.9,
2026-01-07 14:01:21+05:30,NIFTY2621026400CE,26400.0,2026-02-10,412.9,
2026-01-07 14:01:22+05:30,NIFTY2621026400CE,26400.0,2026-02-10,412.9,
2026-01-07 14:01:23+05:30,NIFTY2621026400CE,26400.0,2026-02-10,412.9,
2026-01-07 14:01:24+05:30,NIFTY2621026400CE,26400.0,2026-02-10,412.9,
2026-01-07 14:01:25+05:30,NIFTY2621026400CE,26400.0,2026-02-10,412.9,
2026-01-07 14:01:26+05:30,NIFTY2621026400CE,26400.0,2026-02-10,412.9,
2026-01-07 14:01:27+05:30,NIFTY2621026400CE,26400.0,2026-02-10,412.9,
2026-01-07 14:01:28+05:30,NIFTY2621026400CE,26400.0,2026-02-10,412.9,
2026-01-07 14:01:29+05:30,NIFTY2621026400CE,26400.0,2026-02-10,412.9,
2026-01-07 14:01:30+05:30,NIFTY2621026400CE,26400.0,2026-02-10,412.9,
2026-01-07 14:01:31+05:30,NIFTY2621026400CE,26400.0,2026-02-10,412.9,
2026-01-07 14:01:32+05:30,NIFTY2621026400CE,26400.0,2026-02-10,412.9,
2026-01-07 14:01:33+05:30,NIFTY2621026400CE,26400.0,2026-02-10,412.9,
2026-01-07 14:01:34+05:30,NIFTY2621026400CE,26400.0,2026-02-10,412.9,
2026-01-07 14:01:35+05:30,NIFTY2621026400CE,26400.0,2026-02-10,412.9,
2026-01-07 14:01:36+05:30,NIFTY2621026400CE,26400.0,2026-02-10,412.9,
2026-01-07 14:01:37+05:30,NIFTY2621026400CE,26400.0,2026-02-10,412.9,
2026-01-07 14:01:38+05:30,NIFTY2621026400CE,26400.0,2026-02-10,412.9,
2026-01-07 14:01:39+05:30,NIFTY2621026400CE,26400.0,2026-02-10,412.9,
2026-01-07 14:01:40+05:30,NIFTY2621026400CE,26400.0,2026-02-10,412.9,
2026-01-07 14:01:41+05:30,NIFTY2621026400CE,26400.0,2026-02-10,412.9,
2026-01-07 14:01:42+05:30,NIFTY2621026400CE,26400.0,2026-02-10,412.9,
2026-01-07 14:01:43+05:30,NIFTY2621026400CE,26400.0,2026-02-10,412.9,
2026-01-07 14:01:44+05:30,NIFTY2621026400CE,26400.0,2026-02-10,412.9,
2026-01-07 14:01:45+05:30,NIFTY2621026400CE,26400.0,2026-02-10,412.9,
2026-01-07 14:01:46+05:30,NIFTY2621026400CE,26400.0,2026-02-10,412.9,
2026-01-07 14:01:47+05:30,NIFTY2621026400CE,26400.0,2026-02-10,412.9,
2026-01-07 14:01:48+05:30,NIFTY2621026400CE,26400.0,2026-02-10,412.9,
2026-01-07 14:01:49+05:30,NIFTY2621026400CE,26400.0,2026-02-10,412.9,
2026-01-07 14:01:50+05:30,NIFTY2621026400CE,26400.0,2026-02-10,412.9,
2026-01-07 14:01:51+05:30,NIFTY2621026400CE,26400.0,2026-02-10,412.9,
2026-01-07 14:01:52+05:30,NIFTY2621026400CE,26400.0,2026-02-10,412.9,
2026-01-07 14:01:53+05:30,NIFTY2621026400CE,26400.0,2026-02-10,412.9,
2026-01-07 14:01:54+05:30,NIFTY2621026400CE,26400.0,2026-02-10,412.9,
2026-01-07 14:01:55+05:30,NIFTY2621026400CE,26400.0,2026-02-10,412.9,
2026-01-07 14:01:56+05:30,NIFTY2621026400CE,26400.0,2026-02-10,412.9,
2026-01-07 14:01:57+05:30,NIFTY2621026400CE,26400.0,2026-02-10,412.9,
2026-01-07 14:01:58+05:30,NIFTY2621026400CE,26400.0,2026-02-10,412.9,
2026-01-07 14:01:59+05:30,NIFTY2621026400CE,26400.0,2026-02-10,412.9,
2026-01-07 14:02:00+05:30,NIFTY2621026400CE,26400.0,2026-02-10,412.9,
2026-01-07 14:02:01+05:30,NIFTY2621026400CE,26400.0,2026-02-10,412.9,
2026-01-07 14:02:02+05:30,NIFTY2621026400CE,26400.0,2026-02-10,412.9,
2026-01-07 14:02:03+05:30,NIFTY2621026400CE,26400.0,2026-02-10,412.9,
2026-01-07 14:02:04+05:30,NIFTY2621026400CE,26400.0,2026-02-10,412.9,
2026-01-07 14:02:05+05:30,NIFTY2621026400CE,26400.0,2026-02-10,412.9,
2026-01-07 14:02:06+05:30,NIFTY2621026400CE,26400.0,2026-02-10,412.9,
2026-01-07 14:02:07+05:30,NIFTY2621026400CE,26400.0,2026-02-10,412.9,
2026-01-07 14:02:08+05:30,NIFTY2621026400CE,26400.0,2026-02-10,412.9,
2026-01-07 14:02:09+05:30,NIFTY2621026400CE,26400.0,2026-02-10,412.9,
2026-01-07 14:02:10+05:30,NIFTY2621026400CE,26400.0,2026-02-10,412.9,
2026-01-07 14:02:11+05:30,NIFTY2621026400CE,26400.0,2026-02-10,412.9,
2026-01-07 14:02:12+05:30,NIFTY2621026400CE,26400.0,2026-02-10,412.9,
2026-01-07 14:02:13+05:30,NIFTY2621026400CE,26400.0,2026-02-10,412.9,
2026-01-07 14:02:14+05:30,NIFTY2621026400CE,26400.0,2026-02-10,412.9,
2026-01-07 14:02:15+05:30,NIFTY2621026400CE,26400.0,2026-02-10,412.9,
2026-01-07 14:02:16+05:30,NIFTY2621026400CE,26400.0,2026-02-10,412.9,
2026-01-07 14:02:17+05:30,NIFTY2621026400CE,26400.0,2026-02-10,412.9,
2026-01-07 14:02:18+05:30,NIFTY2621026400CE,26400.0,2026-02-10,412.9,
2026-01-07 14:02:19+05:30,NIFTY2621026400CE,26400.0,2026-02-10,412.9,
2026-01-07 14:02:20+05:30,NIFTY2621026400CE,26400.0,2026-02-10,412.9,
2026-01-07 14:02:21+05:30,NIFTY2621026400CE,26400.0,2026-02-10,412.9,
2026-01-07 14:02:22+05:30,NIFTY2621026400CE,26400.0,2026-02-10,412.9,
2026-01-07 14:02:23+05:30,NIFTY2621026400CE,26400.0,2026-02-10,412.9,
2026-01-07 14:02:24+05:30,NIFTY2621026400CE,26400.0,2026-02-10,412.9,
2026-01-07 14:02:25+05:30,NIFTY2621026400CE,26400.0,2026-02-10,412.9,
2026-01-07 14:02:26+05:30,NIFTY2621026400CE,26400.0,2026-02-10,412.9,
2026-01-07 14:02:27+05:30,NIFTY2621026400CE,26400.0,2026-02-10,412.9,
2026-01-07 14:02:28+05:30,NIFTY2621026400CE,26400.0,2026-02-10,412.9,
2026-01-07 14:02:29+05:30,NIFTY2621026400CE,26400.0,2026-02-10,412.9,
2026-01-07 14:02:30+05:30,NIFTY2621026400CE,26400.0,2026-02-10,412.9,
2026-01-07 14:02:31+05:30,NIFTY2621026400CE,26400.0,2026-02-10,412.9,
2026-01-07 14:02:32+05:30,NIFTY2621026400CE,26400.0,2026-02-10,412.9,
2026-01-07 14:02:33+05:30,NIFTY2621026400CE,26400.0,2026-02-10,412.9,
2026-01-07 14:02:34+05:30,NIFTY2621026400CE,26400.0,2026-02-10,412.9,
2026-01-07 14:02:35+05:30,NIFTY2621026400CE,26400.0,2026-02-10,412.9,
2026-01-07 14:02:36+05:30,NIFTY2621026400CE,26400.0,2026-02-10,412.9,
2026-01-07 14:02:37+05:30,NIFTY2621026400CE,26400.0,2026-02-10,412.9,
2026-01-07 14:02:38+05:30,NIFTY2621026400CE,26400.0,2026-02-10,412.9,
2026-01-07 14:02:39+05:30,NIFTY2621026400CE,26400.0,2026-02-10,412.9,
2026-01-07 14:02:40+05:30,NIFTY2621026400CE,26400.0,2026-02-10,412.9,
2026-01-07 14:02:41+05:30,NIFTY2621026400CE,26400.0,2026-02-10,412.9,
2026-01-07 14:02:42+05:30,NIFTY2621026400CE,26400.0,2026-02-10,412.9,
2026-01-07 14:02:43+05:30,NIFTY2621026400CE,26400.0,2026-02-10,412.9,
2026-01-07 14:02:44+05:30,NIFTY2621026400CE,26400.0,2026-02-10,412.9,
2026-01-07 14:02:45+05:30,NIFTY2621026400CE,26400.0,2026-02-10,412.9,
2026-01-07 14:02:46+05:30,NIFTY2621026400CE,26400.0,2026-02-10,412.9,
2026-01-07 14:02:47+05:30,NIFTY2621026400CE,26400.0,2026-02-10,412.9,
2026-01-07 14:02:48+05:30,NIFTY2621026400CE,26400.0,2026-02-10,412.9,
2026-01-07 14:02:49+05:30,NIFTY2621026400CE,26400.0,2026-02-10,412.9,
2026-01-07 14:02:50+05:30,NIFTY2621026400CE,26400.0,2026-02-10,412.9,
2026-01-07 14:02:51+05:30,NIFTY2621026400CE,26400.0,2026-02-10,412.9,
2026-01-07 14:02:52+05:30,NIFTY2621026400CE,26400.0,2026-02-10,412.9,
2026-01-07 14:02:53+05:30,NIFTY2621026400CE,26400.0,2026-02-10,412.9,
2026-01-07 14:02:54+05:30,NIFTY2621026400CE,26400.0,2026-02-10,412.9,
2026-01-07 14:02:55+05:30,NIFTY2621026400CE,26400.0,2026-02-10,412.9,
2026-01-07 14:02:56+05:30,NIFTY2621026400CE,26400.0,2026-02-10,412.9,
2026-01-07 14:02:57+05:30,NIFTY2621026400CE,26400.0,2026-02-10,412.9,
2026-01-07 14:02:58+05:30,NIFTY2621026400CE,26400.0,2026-02-10,412.9,
2026-01-07 14:02:59+05:30,NIFTY2621026400CE,26400.0,2026-02-10,412.9,
2026-01-07 14:03:00+05:30,NIFTY2621026400CE,26400.0,2026-02-10,412.9,
2026-01-07 14:03:01+05:30,NIFTY2621026400CE,26400.0,2026-02-10,412.9,
2026-01-07 14:03:02+05:30,NIFTY2621026400CE,26400.0,2026-02-10,412.9,
2026-01-07 14:03:03+05:30,NIFTY2621026400CE,26400.0,2026-02-10,412.9,
2026-01-07 14:03:04+05:30,NIFTY2621026400CE,26400.0,2026-02-10,412.9,
2026-01-07 14:03:05+05:30,NIFTY2621026400CE,26400.0,2026-02-10,412.9,
2026-01-07 14:03:06+05:30,NIFTY2621026400CE,26400.0,2026-02-10,412.9,
2026-01-07 14:03:07+05:30,NIFTY2621026400CE,26400.0,2026-02-10,412.9,
2026-01-07 14:03:08+05:30,NIFTY2621026400CE,26400.0,2026-02-10,412.9,
2026-01-07 14:03:09+05:30,NIFTY2621026400CE,26400.0,2026-02-10,412.9,
2026-01-07 14:03:10+05:30,NIFTY2621026400CE,26400.0,2026-02-10,412.9,
2026-01-07 14:03:11+05:30,NIFTY2621026400CE,26400.0,2026-02-10,412.9,
2026-01-07 14:03:12+05:30,NIFTY2621026400CE,26400.0,2026-02-10,412.9,
2026-01-07 14:03:13+05:30,NIFTY2621026400CE,26400.0,2026-02-10,412.9,
2026-01-07 14:03:14+05:30,NIFTY2621026400CE,26400.0,2026-02-10,412.9,
2026-01-07 14:03:15+05:30,NIFTY2621026400CE,26400.0,2026-02-10,412.9,
2026-01-07 14:03:16+05:30,NIFTY2621026400CE,26400.0,2026-02-10,412.9,
2026-01-07 14:03:17+05:30,NIFTY2621026400CE,26400.0,2026-02-10,412.9,
2026-01-07 14:03:18+05:30,NIFTY2621026400CE,26400.0,2026-02-10,412.9,
2026-01-07 14:03:19+05:30,NIFTY2621026400CE,26400.0,2026-02-10,412.9,
2026-01-07 14:03:20+05:30,NIFTY2621026400CE,26400.0,2026-02-10,412.9,
2026-01-07 14:03:21+05:30,NIFTY2621026400CE,26400.0,2026-02-10,412.9,
2026-01-07 14:03:22+05:30,NIFTY2621026400CE,26400.0,2026-02-10,412.9,
2026-01-07 14:03:23+05:30,NIFTY2621026400CE,26400.0,2026-02-10,412.9,
2026-01-07 14:03:24+05:30,NIFTY2621026400CE,26400.0,2026-02-10,412.9,
2026-01-07 14:03:25+05:30,NIFTY2621026400CE,26400.0,2026-02-10,412.9,
2026-01-07 14:03:26+05:30,NIFTY2621026400CE,26400.0,2026-02-10,412.9,
2026-01-07 14:03:27+05:30,NIFTY2621026400CE,26400.0,2026-02-10,412.9,
2026-01-07 14:03:28+05:30,NIFTY2621026400CE,26400.0,2026-02-10,412.9,
2026-01-07 14:03:29+05:30,NIFTY2621026400CE,26400.0,2026-02-10,412.9,
2026-01-07 14:03:30+05:30,NIFTY2621026400CE,26400.0,2026-02-10,412.9,
2026-01-07 14:03:31+05:30,NIFTY2621026400CE,26400.0,2026-02-10,412.9,
2026-01-07 14:03:32+05:30,NIFTY2621026400CE,26400.0,2026-02-10,412.9,
2026-01-07 14:03:33+05:30,NIFTY2621026400CE,26400.0,2026-02-10,412.9,
2026-01-07 14:03:34+05:30,NIFTY2621026400CE,26400.0,2026-02-10,412.9,
2026-01-07 14:03:35+05:30,NIFTY2621026400CE,26400.0,2026-02-10,412.9,
2026-01-07 14:03:36+05:30,NIFTY2621026400CE,26400.0,2026-02-10,412.9,
2026-01-07 14:03:37+05:30,NIFTY2621026400CE,26400.0,2026-02-10,412.9,
2026-01-07 14:03:38+05:30,NIFTY2621026400CE,26400.0,2026-02-10,412.9,
2026-01-07 14:03:39+05:30,NIFTY2621026400CE,26400.0,2026-02-10,412.9,
2026-01-07 14:03:40+05:30,NIFTY2621026400CE,26400.0,2026-02-10,412.9,
2026-01-07 14:03:41+05:30,NIFTY2621026400CE,26400.0,2026-02-10,412.9,
2026-01-07 14:03:42+05:30,NIFTY2621026400CE,26400.0,2026-02-10,412.9,
2026-01-07 14:03:43+05:30,NIFTY2621026400CE,26400.0,2026-02-10,412.9,
2026-01-07 14:03:44+05:30,NIFTY2621026400CE,26400.0,2026-02-10,412.9,
2026-01-07 14:03:45+05:30,NIFTY2621026400CE,26400.0,2026-02-10,412.9,
2026-01-07 14:03:46+05:30,NIFTY2621026400CE,26400.0,2026-02-10,412.9,
2026-01-07 14:03:47+05:30,NIFTY2621026400CE,26400.0,2026-02-10,412.9,
2026-01-07 14:03:48+05:30,NIFTY2621026400CE,26400.0,2026-02-10,412.9,
2026-01-07 14:03:49+05:30,NIFTY2621026400CE,26400.0,2026-02-10,412.9,
2026-01-07 14:03:50+05:30,NIFTY2621026400CE,26400.0,2026-02-10,412.9,
2026-01-07 14:03:51+05:30,NIFTY2621026400CE,26400.0,2026-02-10,412.9,
2026-01-07 14:03:52+05:30,NIFTY2621026400CE,26400.0,2026-02-10,412.9,
2026-01-07 14:03:53+05:30,NIFTY2621026400CE,26400.0,2026-02-10,412.9,
2026-01-07 14:03:54+05:30,NIFTY2621026400CE,26400.0,2026-02-10,412.9,
2026-01-07 14:03:55+05:30,NIFTY2621026400CE,26400.0,2026-02-10,412.9,
2026-01-07 14:03:56+05:30,NIFTY2621026400CE,26400.0,2026-02-10,412.9,
2026-01-07 14:03:57+05:30,NIFTY2621026400CE,26400.0,2026-02-10,412.9,
2026-01-07 14:03:58+05:30,NIFTY2621026400CE,26400.0,2026-02-10,412.9,
2026-01-07 14:03:59+05:30,NIFTY2621026400CE,26400.0,2026-02-10,412.9,
2026-01-07 14:04:00+05:30,NIFTY2621026400CE,26400.0,2026-02-10,412.9,
2026-01-07 14:04:01+05:30,NIFTY2621026400CE,26400.0,2026-02-10,412.9,
2026-01-07 14:04:02+05:30,NIFTY2621026400CE,26400.0,2026-02-10,412.9,
2026-01-07 14:04:03+05:30,NIFTY2621026400CE,26400.0,2026-02-10,412.9,
2026-01-07 14:04:04+05:30,NIFTY2621026400CE,26400.0,2026-02-10,412.9,
2026-01-07 14:04:05+05:30,NIFTY2621026400CE,26400.0,2026-02-10,412.9,
2026-01-07 14:04:06+05:30,NIFTY2621026400CE,26400.0,2026-02-10,412.9,
2026-01-07 14:04:07+05:30,NIFTY2621026400CE,26400.0,2026-02-10,412.9,
2026-01-07 14:04:08+05:30,NIFTY2621026400CE,26400.0,2026-02-10,412.9,
2026-01-07 14:04:09+05:30,NIFTY2621026400CE,26400.0,2026-02-10,412.9,
2026-01-07 14:04:10+05:30,NIFTY2621026400CE,26400.0,2026-02-10,412.9,
2026-01-07 14:04:11+05:30,NIFTY2621026400CE,26400.0,2026-02-10,412.9,
2026-01-07 14:04:12+05:30,NIFTY2621026400CE,26400.0,2026-02-10,412.9,
2026-01-07 14:04:13+05:30,NIFTY2621026400CE,26400.0,2026-02-10,412.9,
2026-01-07 14:04:14+05:30,NIFTY2621026400CE,26400.0,2026-02-10,412.9,
2026-01-07 14:04:15+05:30,NIFTY2621026400CE,26400.0,2026-02-10,412.9,
2026-01-07 14:04:16+05:30,NIFTY2621026400CE,26400.0,2026-02-10,412.9,
2026-01-07 14:04:17+05:30,NIFTY2621026400CE,26400.0,2026-02-10,412.9,
2026-01-07 14:04:18+05:30,NIFTY2621026400CE,26400.0,2026-02-10,412.9,
2026-01-07 14:04:19+05:30,NIFTY2621026400CE,26400.0,2026-02-10,412.9,
2026-01-07 14:04:20+05:30,NIFTY2621026400CE,26400.0,2026-02-10,412.9,
2026-01-07 14:04:21+05:30,NIFTY2621026400CE,26400.0,2026-02-10,412.9,
2026-01-07 14:04:22+05:30,NIFTY2621026400CE,26400.0,2026-02-10,412.9,
2026-01-07 14:04:23+05:30,NIFTY2621026400CE,26400.0,2026-02-10,412.9,
2026-01-07 14:04:24+05:30,NIFTY2621026400CE,26400.0,2026-02-10,412.9,
2026-01-07 14:04:25+05:30,NIFTY2621026400CE,26400.0,2026-02-10,412.9,
2026-01-07 14:04:26+05:30,NIFTY2621026400CE,26400.0,2026-02-10,412.9,
2026-01-07 14:04:27+05:30,NIFTY2621026400CE,26400.0,2026-02-10,412.9,
2026-01-07 14:04:28+05:30,NIFTY2621026400CE,26400.0,2026-02-10,412.9,
2026-01-07 14:04:29+05:30,NIFTY2621026400CE,26400.0,2026-02-10,412.9,
2026-01-07 14:04:30+05:30,NIFTY2621026400CE,26400.0,2026-02-10,412.9,
2026-01-07 14:04:31+05:30,NIFTY2621026400CE,26400.0,2026-02-10,412.9,
2026-01-07 14:04:32+05:30,NIFTY2621026400CE,26400.0,2026-02-10,412.9,
2026-01-07 14:04:33+05:30,NIFTY2621026400CE,26400.0,2026-02-10,412.9,
2026-01-07 14:04:34+05:30,NIFTY2621026400CE,26400.0,2026-02-10,412.9,
2026-01-07 14:04:35+05:30,NIFTY2621026400CE,26400.0,2026-02-10,412.9,
2026-01-07 14:04:36+05:30,NIFTY2621026400CE,26400.0,2026-02-10,412.9,
2026-01-07 14:04:37+05:30,NIFTY2621026400CE,26400.0,2026-02-10,412.9,
2026-01-07 14:04:38+05:30,NIFTY2621026400CE,26400.0,2026-02-10,412.9,
2026-01-07 14:04:39+05:30,NIFTY2621026400CE,26400.0,2026-02-10,412.9,
2026-01-07 14:04:40+05:30,NIFTY2621026400CE,26400.0,2026-02-10,412.9,
2026-01-07 14:04:41+05:30,NIFTY2621026400CE,26400.0,2026-02-10,412.9,
2026-01-07 14:04:42+05:30,NIFTY2621026400CE,26400.0,2026-02-10,412.9,
2026-01-07 14:04:43+05:30,NIFTY2621026400CE,26400.0,2026-02-10,412.9,
2026-01-07 14:04:44+05:30,NIFTY2621026400CE,26400.0,2026-02-10,412.9,
2026-01-07 14:04:45+05:30,NIFTY2621026400CE,26400.0,2026-02-10,412.9,
2026-01-07 14:04:46+05:30,NIFTY2621026400CE,26400.0,2026-02-10,412.9,
2026-01-07 14:04:47+05:30,NIFTY2621026400CE,26400.0,2026-02-10,412.9,
2026-01-07 14:04:48+05:30,NIFTY2621026400CE,26400.0,2026-02-10,412.9,
2026-01-07 14:04:49+05:30,NIFTY2621026400CE,26400.0,2026-02-10,412.9,
2026-01-07 14:04:50+05:30,NIFTY2621026400CE,26400.0,2026-02-10,412.9,
2026-01-07 14:04:51+05:30,NIFTY2621026400CE,26400.0,2026-02-10,412.9,
2026-01-07 14:04:52+05:30,NIFTY2621026400CE,26400.0,2026-02-10,412.9,
2026-01-07 14:04:53+05:30,NIFTY2621026400CE,26400.0,2026-02-10,412.9,
2026-01-07 14:04:54+05:30,NIFTY2621026400CE,26400.0,2026-02-10,412.9,
2026-01-07 14:04:55+05:30,NIFTY2621026400CE,26400.0,2026-02-10,412.9,
2026-01-07 14:04:56+05:30,NIFTY2621026400CE,26400.0,2026-02-10,412.9,
2026-01-07 14:04:57+05:30,NIFTY2621026400CE,26400.0,2026-02-10,412.9,
2026-01-07 14:04:58+05:30,NIFTY2621026400CE,26400.0,2026-02-10,412.9,
2026-01-07 14:04:59+05:30,NIFTY2621026400CE,26400.0,2026-02-10,412.9,
2026-01-07 14:05:00+05:30,NIFTY2621026400CE,26400.0,2026-02-10,412.9,
2026-01-07 14:05:01+05:30,NIFTY2621026400CE,26400.0,2026-02-10,412.9,
2026-01-07 14:05:02+05:30,NIFTY2621026400CE,26400.0,2026-02-10,412.9,
2026-01-07 14:05:03+05:30,NIFTY2621026400CE,26400.0,2026-02-10,412.9,
2026-01-07 14:05:04+05:30,NIFTY2621026400CE,26400.0,2026-02-10,412.9,
2026-01-07 14:05:05+05:30,NIFTY2621026400CE,26400.0,2026-02-10,412.9,
2026-01-07 14:05:06+05:30,NIFTY2621026400CE,26400.0,2026-02-10,412.9,
2026-01-07 14:05:07+05:30,NIFTY2621026400CE,26400.0,2026-02-10,412.9,
2026-01-07 14:05:08+05:30,NIFTY2621026400CE,26400.0,2026-02-10,412.9,
2026-01-07 14:05:09+05:30,NIFTY2621026400CE,26400.0,2026-02-10,412.9,
2026-01-07 14:05:10+05:30,NIFTY2621026400CE,26400.0,2026-02-10,412.9,
2026-01-07 14:05:11+05:30,NIFTY2621026400CE,26400.0,2026-02-10,412.9,
2026-01-07 14:05:12+05:30,NIFTY2621026400CE,26400.0,2026-02-10,412.9,
2026-01-07 14:05:13+05:30,NIFTY2621026400CE,26400.0,2026-02-10,412.9,
2026-01-07 14:05:14+05:30,NIFTY2621026400CE,26400.0,2026-02-10,412.9,
2026-01-07 14:05:15+05:30,NIFTY2621026400CE,26400.0,2026-02-10,412.9,
2026-01-07 14:05:16+05:30,NIFTY2621026400CE,26400.0,2026-02-10,412.9,
2026-01-07 14:05:17+05:30,NIFTY2621026400CE,26400.0,2026-02-10,412.9,
2026-01-07 14:05:18+05:30,NIFTY2621026400CE,26400.0,2026-02-10,412.9,
2026-01-07 14:05:19+05:30,NIFTY2621026400CE,26400.0,2026-02-10,412.9,
2026-01-07 14:05:20+05:30,NIFTY2621026400CE,26400.0,2026-02-10,412.9,
2026-01-07 14:05:21+05:30,NIFTY2621026400CE,26400.0,2026-02-10,412.9,
2026-01-07 14:05:22+05:30,NIFTY2621026400CE,26400.0,2026-02-10,412.9,
2026-01-07 14:05:23+05:30,NIFTY2621026400CE,26400.0,2026-02-10,412.9,
2026-01-07 14:05:24+05:30,NIFTY2621026400CE,26400.0,2026-02-10,412.9,
2026-01-07 14:05:25+05:30,NIFTY2621026400CE,26400.0,2026-02-10,412.9,
2026-01-07 14:05:26+05:30,NIFTY2621026400CE,26400.0,2026-02-10,412.9,
2026-01-07 14:05:27+05:30,NIFTY2621026400CE,26400.0,2026-02-10,412.9,
2026-01-07 14:05:28+05:30,NIFTY2621026400CE,26400.0,2026-02-10,412.9,
2026-01-07 14:05:29+05:30,NIFTY2621026400CE,26400.0,2026-02-10,412.9,
2026-01-07 14:05:30+05:30,NIFTY2621026400CE,26400.0,2026-02-10,412.9,
2026-01-07 14:05:31+05:30,NIFTY2621026400CE,26400.0,2026-02-10,412.9,
2026-01-07 14:05:32+05:30,NIFTY2621026400CE,26400.0,2026-02-10,412.9,
2026-01-07 14:05:33+05:30,NIFTY2621026400CE,26400.0,2026-02-10,412.9,
2026-01-07 14:05:34+05:30,NIFTY2621026400CE,26400.0,2026-02-10,412.9,
2026-01-07 14:05:35+05:30,NIFTY2621026400CE,26400.0,2026-02-10,412.9,
2026-01-07 14:05:36+05:30,NIFTY2621026400CE,26400.0,2026-02-10,412.9,
2026-01-07 14:05:37+05:30,NIFTY2621026400CE,26400.0,2026-02-10,412.9,
2026-01-07 14:05:38+05:30,NIFTY2621026400CE,26400.0,2026-02-10,412.9,
2026-01-07 14:05:39+05:30,NIFTY2621026400CE,26400.0,2026-02-10,412.9,
2026-01-07 14:05:40+05:30,NIFTY2621026400CE,26400.0,2026-02-10,412.9,
2026-01-07 14:05:41+05:30,NIFTY2621026400CE,26400.0,2026-02-10,412.9,
2026-01-07 14:05:42+05:30,NIFTY2621026400CE,26400.0,2026-02-10,412.9,
2026-01-07 14:05:43+05:30,NIFTY2621026400CE,26400.0,2026-02-10,412.9,
2026-01-07 14:05:44+05:30,NIFTY2621026400CE,26400.0,2026-02-10,412.9,
2026-01-07 14:05:45+05:30,NIFTY2621026400CE,26400.0,2026-02-10,412.9,
2026-01-07 14:05:46+05:30,NIFTY2621026400CE,26400.0,2026-02-10,412.9,
2026-01-07 14:05:47+05:30,NIFTY2621026400CE,26400.0,2026-02-10,412.9,
2026-01-07 14:05:48+05:30,NIFTY2621026400CE,26400.0,2026-02-10,412.9,
2026-01-07 14:05:49+05:30,NIFTY2621026400CE,26400.0,2026-02-10,412.9,
2026-01-07 14:05:50+05:30,NIFTY2621026400CE,26400.0,2026-02-10,412.9,
2026-01-07 14:05:51+05:30,NIFTY2621026400CE,26400.0,2026-02-10,412.9,
2026-01-07 14:05:52+05:30,NIFTY2621026400CE,26400.0,2026-02-10,412.9,
2026-01-07 14:05:53+05:30,NIFTY2621026400CE,26400.0,2026-02-10,412.9,
2026-01-07 14:05:54+05:30,NIFTY2621026400CE,26400.0,2026-02-10,412.9,
2026-01-07 14:05:55+05:30,NIFTY2621026400CE,26400.0,2026-02-10,412.9,
2026-01-07 14:05:56+05:30,NIFTY2621026400CE,26400.0,2026-02-10,412.9,
2026-01-07 14:05:57+05:30,NIFTY2621026400CE,26400.0,2026-02-10,412.9,
2026-01-07 14:05:58+05:30,NIFTY2621026400CE,26400.0,2026-02-10,412.9,
2026-01-07 14:05:59+05:30,NIFTY2621026400CE,26400.0,2026-02-10,412.9,
2026-01-07 14:06:00+05:30,NIFTY2621026400CE,26400.0,2026-02-10,412.9,
2026-01-07 14:06:01+05:30,NIFTY2621026400CE,26400.0,2026-02-10,412.9,
2026-01-07 14:06:02+05:30,NIFTY2621026400CE,26400.0,2026-02-10,412.9,
2026-01-07 14:06:03+05:30,NIFTY2621026400CE,26400.0,2026-02-10,412.9,
2026-01-07 14:06:04+05:30,NIFTY2621026400CE,26400.0,2026-02-10,412.9,
2026-01-07 14:06:05+05:30,NIFTY2621026400CE,26400.0,2026-02-10,412.9,
2026-01-07 14:06:06+05:30,NIFTY2621026400CE,26400.0,2026-02-10,412.9,
2026-01-07 14:06:07+05:30,NIFTY2621026400CE,26400.0,2026-02-10,412.9,
2026-01-07 14:06:08+05:30,NIFTY2621026400CE,26400.0,2026-02-10,412.9,
2026-01-07 14:06:09+05:30,NIFTY2621026400CE,26400.0,2026-02-10,412.9,
2026-01-07 14:06:10+05:30,NIFTY2621026400CE,26400.0,2026-02-10,412.9,
2026-01-07 14:06:11+05:30,NIFTY2621026400CE,26400.0,2026-02-10,412.9,
2026-01-07 14:06:12+05:30,NIFTY2621026400CE,26400.0,2026-02-10,412.9,
2026-01-07 14:06:13+05:30,NIFTY2621026400CE,26400.0,2026-02-10,412.9,
2026-01-07 14:06:14+05:30,NIFTY2621026400CE,26400.0,2026-02-10,412.9,
2026-01-07 14:06:15+05:30,NIFTY2621026400CE,26400.0,2026-02-10,412.9,
2026-01-07 14:06:16+05:30,NIFTY2621026400CE,26400.0,2026-02-10,412.9,
2026-01-07 14:06:17+05:30,NIFTY2621026400CE,26400.0,2026-02-10,412.9,
2026-01-07 14:06:18+05:30,NIFTY2621026400CE,26400.0,2026-02-10,412.9,
2026-01-07 14:06:19+05:30,NIFTY2621026400CE,26400.0,2026-02-10,412.9,
2026-01-07 14:06:20+05:30,NIFTY2621026400CE,26400.0,2026-02-10,412.9,
2026-01-07 14:06:21+05:30,NIFTY2621026400CE,26400.0,2026-02-10,412.9,
2026-01-07 14:06:22+05:30,NIFTY2621026400CE,26400.0,2026-02-10,412.9,
2026-01-07 14:06:23+05:30,NIFTY2621026400CE,26400.0,2026-02-10,412.9,
2026-01-07 14:06:24+05:30,NIFTY2621026400CE,26400.0,2026-02-10,412.9,
2026-01-07 14:06:25+05:30,NIFTY2621026400CE,26400.0,2026-02-10,412.9,
2026-01-07 14:06:26+05:30,NIFTY2621026400CE,26400.0,2026-02-10,412.9,
2026-01-07 14:06:27+05:30,NIFTY2621026400CE,26400.0,2026-02-10,412.9,
2026-01-07 14:06:28+05:30,NIFTY2621026400CE,26400.0,2026-02-10,412.9,
2026-01-07 14:06:29+05:30,NIFTY2621026400CE,26400.0,2026-02-10,412.9,
2026-01-07 14:06:30+05:30,NIFTY2621026400CE,26400.0,2026-02-10,412.9,
2026-01-07 14:06:31+05:30,NIFTY2621026400CE,26400.0,2026-02-10,412.9,
2026-01-07 14:06:32+05:30,NIFTY2621026400CE,26400.0,2026-02-10,412.9,
2026-01-07 14:06:33+05:30,NIFTY2621026400CE,26400.0,2026-02-10,412.9,
2026-01-07 14:06:34+05:30,NIFTY2621026400CE,26400.0,2026-02-10,412.9,
2026-01-07 14:06:35+05:30,NIFTY2621026400CE,26400.0,2026-02-10,412.9,
2026-01-07 14:06:36+05:30,NIFTY2621026400CE,26400.0,2026-02-10,412.9,
2026-01-07 14:06:37+05:30,NIFTY2621026400CE,26400.0,2026-02-10,412.9,
2026-01-07 14:06:38+05:30,NIFTY2621026400CE,26400.0,2026-02-10,412.9,
2026-01-07 14:06:39+05:30,NIFTY2621026400CE,26400.0,2026-02-10,412.9,
2026-01-07 14:06:40+05:30,NIFTY2621026400CE,26400.0,2026-02-10,412.9,
2026-01-07 14:06:41+05:30,NIFTY2621026400CE,26400.0,2026-02-10,412.9,
2026-01-07 14:06:42+05:30,NIFTY2621026400CE,26400.0,2026-02-10,412.9,
2026-01-07 14:06:43+05:30,NIFTY2621026400CE,26400.0,2026-02-10,412.9,
2026-01-07 14:06:44+05:30,NIFTY2621026400CE,26400.0,2026-02-10,412.9,
2026-01-07 14:06:45+05:30,NIFTY2621026400CE,26400.0,2026-02-10,412.9,
2026-01-07 14:06:46+05:30,NIFTY2621026400CE,26400.0,2026-02-10,412.9,
2026-01-07 14:06:47+05:30,NIFTY2621026400CE,26400.0,2026-02-10,412.9,
2026-01-07 14:06:48+05:30,NIFTY2621026400CE,26400.0,2026-02-10,412.9,
2026-01-07 14:06:49+05:30,NIFTY2621026400CE,26400.0,2026-02-10,412.9,
2026-01-07 14:06:50+05:30,NIFTY2621026400CE,26400.0,2026-02-10,412.9,
2026-01-07 14:06:51+05:30,NIFTY2621026400CE,26400.0,2026-02-10,412.9,
2026-01-07 14:06:52+05:30,NIFTY2621026400CE,26400.0,2026-02-10,412.9,
2026-01-07 14:06:53+05:30,NIFTY2621026400CE,26400.0,2026-02-10,412.9,
2026-01-07 14:06:54+05:30,NIFTY2621026400CE,26400.0,2026-02-10,412.9,
2026-01-07 14:06:55+05:30,NIFTY2621026400CE,26400.0,2026-02-10,412.9,
2026-01-07 14:06:56+05:30,NIFTY2621026400CE,26400.0,2026-02-10,412.9,
2026-01-07 14:06:57+05:30,NIFTY2621026400CE,26400.0,2026-02-10,412.9,
2026-01-07 14:06:58+05:30,NIFTY2621026400CE,26400.0,2026-02-10,412.9,
2026-01-07 14:06:59+05:30,NIFTY2621026400CE,26400.0,2026-02-10,412.9,
2026-01-07 14:07:00+05:30,NIFTY2621026400CE,26400.0,2026-02-10,412.9,
2026-01-07 14:07:01+05:30,NIFTY2621026400CE,26400.0,2026-02-10,412.9,
2026-01-07 14:07:02+05:30,NIFTY2621026400CE,26400.0,2026-02-10,412.9,
2026-01-07 14:07:03+05:30,NIFTY2621026400CE,26400.0,2026-02-10,412.9,
2026-01-07 14:07:04+05:30,NIFTY2621026400CE,26400.0,2026-02-10,412.9,
2026-01-07 14:07:05+05:30,NIFTY2621026400CE,26400.0,2026-02-10,412.9,
2026-01-07 14:07:06+05:30,NIFTY2621026400CE,26400.0,2026-02-10,412.9,
2026-01-07 14:07:07+05:30,NIFTY2621026400CE,26400.0,2026-02-10,412.9,
2026-01-07 14:07:08+05:30,NIFTY2621026400CE,26400.0,2026-02-10,412.9,
2026-01-07 14:07:09+05:30,NIFTY2621026400CE,26400.0,2026-02-10,412.9,
2026-01-07 14:07:10+05:30,NIFTY2621026400CE,26400.0,2026-02-10,412.9,
2026-01-07 14:07:11+05:30,NIFTY2621026400CE,26400.0,2026-02-10,412.9,
2026-01-07 14:07:12+05:30,NIFTY2621026400CE,26400.0,2026-02-10,412.9,
2026-01-07 14:07:13+05:30,NIFTY2621026400CE,26400.0,2026-02-10,412.9,
2026-01-07 14:07:14+05:30,NIFTY2621026400CE,26400.0,2026-02-10,412.9,
2026-01-07 14:07:15+05:30,NIFTY2621026400CE,26400.0,2026-02-10,412.9,
2026-01-07 14:07:16+05:30,NIFTY2621026400CE,26400.0,2026-02-10,412.9,
2026-01-07 14:07:17+05:30,NIFTY2621026400CE,26400.0,2026-02-10,412.9,
2026-01-07 14:07:18+05:30,NIFTY2621026400CE,26400.0,2026-02-10,412.9,
2026-01-07 14:07:19+05:30,NIFTY2621026400CE,26400.0,2026-02-10,412.9,
2026-01-07 14:07:20+05:30,NIFTY2621026400CE,26400.0,2026-02-10,412.9,
2026-01-07 14:07:21+05:30,NIFTY2621026400CE,26400.0,2026-02-10,412.9,
2026-01-07 14:07:22+05:30,NIFTY2621026400CE,26400.0,2026-02-10,412.9,
2026-01-07 14:07:23+05:30,NIFTY2621026400CE,26400.0,2026-02-10,412.9,
2026-01-07 14:07:24+05:30,NIFTY2621026400CE,26400.0,2026-02-10,412.9,
2026-01-07 14:07:25+05:30,NIFTY2621026400CE,26400.0,2026-02-10,412.9,
2026-01-07 14:07:26+05:30,NIFTY2621026400CE,26400.0,2026-02-10,412.9,
2026-01-07 14:07:27+05:30,NIFTY2621026400CE,26400.0,2026-02-10,412.9,
2026-01-07 14:07:28+05:30,NIFTY2621026400CE,26400.0,2026-02-10,412.9,
2026-01-07 14:07:29+05:30,NIFTY2621026400CE,26400.0,2026-02-10,412.9,
2026-01-07 14:07:30+05:30,NIFTY2621026400CE,26400.0,2026-02-10,412.9,
2026-01-07 14:07:31+05:30,NIFTY2621026400CE,26400.0,2026-02-10,412.9,
2026-01-07 14:07:32+05:30,NIFTY2621026400CE,26400.0,2026-02-10,412.9,
2026-01-07 14:07:33+05:30,NIFTY2621026400CE,26400.0,2026-02-10,412.9,
2026-01-07 14:07:34+05:30,NIFTY2621026400CE,26400.0,2026-02-10,412.9,
2026-01-07 14:07:35+05:30,NIFTY2621026400CE,26400.0,2026-02-10,412.9,
2026-01-07 14:07:36+05:30,NIFTY2621026400CE,26400.0,2026-02-10,412.9,
2026-01-07 14:07:37+05:30,NIFTY2621026400CE,26400.0,2026-02-10,412.9,
2026-01-07 14:07:38+05:30,NIFTY2621026400CE,26400.0,2026-02-10,412.9,
2026-01-07 14:07:39+05:30,NIFTY2621026400CE,26400.0,2026-02-10,412.9,
2026-01-07 14:07:40+05:30,NIFTY2621026400CE,26400.0,2026-02-10,412.9,
2026-01-07 14:07:41+05:30,NIFTY2621026400CE,26400.0,2026-02-10,412.9,
2026-01-07 14:07:42+05:30,NIFTY2621026400CE,26400.0,2026-02-10,412.9,
2026-01-07 14:07:43+05:30,NIFTY2621026400CE,26400.0,2026-02-10,412.9,
2026-01-07 14:07:44+05:30,NIFTY2621026400CE,26400.0,2026-02-10,412.9,
2026-01-07 14:07:45+05:30,NIFTY2621026400CE,26400.0,2026-02-10,412.9,
2026-01-07 14:07:46+05:30,NIFTY2621026400CE,26400.0,2026-02-10,412.9,
2026-01-07 14:07:47+05:30,NIFTY2621026400CE,26400.0,2026-02-10,412.9,
2026-01-07 14:07:48+05:30,NIFTY2621026400CE,26400.0,2026-02-10,412.9,
2026-01-07 14:07:49+05:30,NIFTY2621026400CE,26400.0,2026-02-10,412.9,
2026-01-07 14:07:50+05:30,NIFTY2621026400CE,26400.0,2026-02-10,412.9,
2026-01-07 14:07:51+05:30,NIFTY2621026400CE,26400.0,2026-02-10,412.9,
2026-01-07 14:07:52+05:30,NIFTY2621026400CE,26400.0,2026-02-10,412.9,
2026-01-07 14:07:53+05:30,NIFTY2621026400CE,26400.0,2026-02-10,412.9,
2026-01-07 14:07:54+05:30,NIFTY2621026400CE,26400.0,2026-02-10,412.9,
2026-01-07 14:07:55+05:30,NIFTY2621026400CE,26400.0,2026-02-10,412.9,
2026-01-07 14:07:56+05:30,NIFTY2621026400CE,26400.0,2026-02-10,412.9,
2026-01-07 14:07:57+05:30,NIFTY2621026400CE,26400.0,2026-02-10,412.9,
2026-01-07 14:07:58+05:30,NIFTY2621026400CE,26400.0,2026-02-10,412.9,
2026-01-07 14:07:59+05:30,NIFTY2621026400CE,26400.0,2026-02-10,412.9,
2026-01-07 14:08:00+05:30,NIFTY2621026400CE,26400.0,2026-02-10,412.9,
2026-01-07 14:08:01+05:30,NIFTY2621026400CE,26400.0,2026-02-10,412.9,
2026-01-07 14:08:02+05:30,NIFTY2621026400CE,26400.0,2026-02-10,412.9,
2026-01-07 14:08:03+05:30,NIFTY2621026400CE,26400.0,2026-02-10,412.9,
2026-01-07 14:08:04+05:30,NIFTY2621026400CE,26400.0,2026-02-10,412.9,
2026-01-07 14:08:05+05:30,NIFTY2621026400CE,26400.0,2026-02-10,412.9,
2026-01-07 14:08:06+05:30,NIFTY2621026400CE,26400.0,2026-02-10,412.9,
2026-01-07 14:08:07+05:30,NIFTY2621026400CE,26400.0,2026-02-10,412.9,
2026-01-07 14:08:08+05:30,NIFTY2621026400CE,26400.0,2026-02-10,412.9,
2026-01-07 14:08:09+05:30,NIFTY2621026400CE,26400.0,2026-02-10,412.9,
2026-01-07 14:08:10+05:30,NIFTY2621026400CE,26400.0,2026-02-10,412.9,
2026-01-07 14:08:11+05:30,NIFTY2621026400CE,26400.0,2026-02-10,412.9,
2026-01-07 14:08:12+05:30,NIFTY2621026400CE,26400.0,2026-02-10,412.9,
2026-01-07 14:08:13+05:30,NIFTY2621026400CE,26400.0,2026-02-10,412.9,
2026-01-07 14:08:14+05:30,NIFTY2621026400CE,26400.0,2026-02-10,412.9,
2026-01-07 14:08:15+05:30,NIFTY2621026400CE,26400.0,2026-02-10,412.9,
2026-01-07 14:08:16+05:30,NIFTY2621026400CE,26400.0,2026-02-10,412.9,
2026-01-07 14:08:17+05:30,NIFTY2621026400CE,26400.0,2026-02-10,412.9,
2026-01-07 14:08:18+05:30,NIFTY2621026400CE,26400.0,2026-02-10,412.9,
2026-01-07 14:08:19+05:30,NIFTY2621026400CE,26400.0,2026-02-10,412.9,
2026-01-07 14:08:20+05:30,NIFTY2621026400CE,26400.0,2026-02-10,412.9,
2026-01-07 14:08:21+05:30,NIFTY2621026400CE,26400.0,2026-02-10,412.9,
2026-01-07 14:08:22+05:30,NIFTY2621026400CE,26400.0,2026-02-10,412.9,
2026-01-07 14:08:23+05:30,NIFTY2621026400CE,26400.0,2026-02-10,412.9,
2026-01-07 14:08:24+05:30,NIFTY2621026400CE,26400.0,2026-02-10,412.9,
2026-01-07 14:08:25+05:30,NIFTY2621026400CE,26400.0,2026-02-10,412.9,
2026-01-07 14:08:26+05:30,NIFTY2621026400CE,26400.0,2026-02-10,412.9,
2026-01-07 14:08:27+05:30,NIFTY2621026400CE,26400.0,2026-02-10,412.9,
2026-01-07 14:08:28+05:30,NIFTY2621026400CE,26400.0,2026-02-10,412.9,
2026-01-07 14:08:29+05:30,NIFTY2621026400CE,26400.0,2026-02-10,412.9,
2026-01-07 14:08:30+05:30,NIFTY2621026400CE,26400.0,2026-02-10,412.9,
2026-01-07 14:08:31+05:30,NIFTY2621026400CE,26400.0,2026-02-10,412.9,
2026-01-07 14:08:32+05:30,NIFTY2621026400CE,26400.0,2026-02-10,412.9,
2026-01-07 14:08:33+05:30,NIFTY2621026400CE,26400.0,2026-02-10,412.9,
2026-01-07 14:08:34+05:30,NIFTY2621026400CE,26400.0,2026-02-10,412.9,
2026-01-07 14:08:35+05:30,NIFTY2621026400CE,26400.0,2026-02-10,412.9,
2026-01-07 14:08:36+05:30,NIFTY2621026400CE,26400.0,2026-02-10,412.9,
2026-01-07 14:08:37+05:30,NIFTY2621026400CE,26400.0,2026-02-10,412.9,
2026-01-07 14:08:38+05:30,NIFTY2621026400CE,26400.0,2026-02-10,412.9,
2026-01-07 14:08:39+05:30,NIFTY2621026400CE,26400.0,2026-02-10,412.9,
2026-01-07 14:08:40+05:30,NIFTY2621026400CE,26400.0,2026-02-10,412.9,
2026-01-07 14:08:41+05:30,NIFTY2621026400CE,26400.0,2026-02-10,412.9,
2026-01-07 14:08:42+05:30,NIFTY2621026400CE,26400.0,2026-02-10,412.9,
2026-01-07 14:08:43+05:30,NIFTY2621026400CE,26400.0,2026-02-10,412.9,
2026-01-07 14:08:44+05:30,NIFTY2621026400CE,26400.0,2026-02-10,412.9,
2026-01-07 14:08:45+05:30,NIFTY2621026400CE,26400.0,2026-02-10,412.9,
2026-01-07 14:08:46+05:30,NIFTY2621026400CE,26400.0,2026-02-10,412.9,
2026-01-07 14:08:47+05:30,NIFTY2621026400CE,26400.0,2026-02-10,412.9,
2026-01-07 14:08:48+05:30,NIFTY2621026400CE,26400.0,2026-02-10,412.9,
2026-01-07 14:08:49+05:30,NIFTY2621026400CE,26400.0,2026-02-10,412.9,
2026-01-07 14:08:50+05:30,NIFTY2621026400CE,26400.0,2026-02-10,412.9,
2026-01-07 14:08:51+05:30,NIFTY2621026400CE,26400.0,2026-02-10,412.9,
2026-01-07 14:08:52+05:30,NIFTY2621026400CE,26400.0,2026-02-10,412.9,
2026-01-07 14:08:53+05:30,NIFTY2621026400CE,26400.0,2026-02-10,412.9,
2026-01-07 14:08:54+05:30,NIFTY2621026400CE,26400.0,2026-02-10,412.9,
2026-01-07 14:08:55+05:30,NIFTY2621026400CE,26400.0,2026-02-10,412.9,
2026-01-07 14:08:56+05:30,NIFTY2621026400CE,26400.0,2026-02-10,412.9,
2026-01-07 14:08:57+05:30,NIFTY2621026400CE,26400.0,2026-02-10,412.9,
2026-01-07 14:08:58+05:30,NIFTY2621026400CE,26400.0,2026-02-10,412.9,
2026-01-07 14:08:59+05:30,NIFTY2621026400CE,26400.0,2026-02-10,412.9,
2026-01-07 14:09:00+05:30,NIFTY2621026400CE,26400.0,2026-02-10,412.9,
2026-01-07 14:09:01+05:30,NIFTY2621026400CE,26400.0,2026-02-10,412.9,
2026-01-07 14:09:02+05:30,NIFTY2621026400CE,26400.0,2026-02-10,412.9,
2026-01-07 14:09:03+05:30,NIFTY2621026400CE,26400.0,2026-02-10,412.9,
2026-01-07 14:09:04+05:30,NIFTY2621026400CE,26400.0,2026-02-10,412.9,
2026-01-07 14:09:05+05:30,NIFTY2621026400CE,26400.0,2026-02-10,412.9,
2026-01-07 14:09:06+05:30,NIFTY2621026400CE,26400.0,2026-02-10,412.9,
2026-01-07 14:09:07+05:30,NIFTY2621026400CE,26400.0,2026-02-10,412.9,
2026-01-07 14:09:08+05:30,NIFTY2621026400CE,26400.0,2026-02-10,412.9,
2026-01-07 14:09:09+05:30,NIFTY2621026400CE,26400.0,2026-02-10,412.9,
2026-01-07 14:09:10+05:30,NIFTY2621026400CE,26400.0,2026-02-10,412.9,
2026-01-07 14:09:11+05:30,NIFTY2621026400CE,26400.0,2026-02-10,412.9,
2026-01-07 14:09:12+05:30,NIFTY2621026400CE,26400.0,2026-02-10,412.9,
2026-01-07 14:09:13+05:30,NIFTY2621026400CE,26400.0,2026-02-10,412.9,
2026-01-07 14:09:14+05:30,NIFTY2621026400CE,26400.0,2026-02-10,412.9,
2026-01-07 14:09:15+05:30,NIFTY2621026400CE,26400.0,2026-02-10,412.9,
2026-01-07 14:09:16+05:30,NIFTY2621026400CE,26400.0,2026-02-10,412.9,
2026-01-07 14:09:17+05:30,NIFTY2621026400CE,26400.0,2026-02-10,412.9,
2026-01-07 14:09:18+05:30,NIFTY2621026400CE,26400.0,2026-02-10,412.9,
2026-01-07 14:09:19+05:30,NIFTY2621026400CE,26400.0,2026-02-10,412.9,
2026-01-07 14:09:20+05:30,NIFTY2621026400CE,26400.0,2026-02-10,412.9,
2026-01-07 14:09:21+05:30,NIFTY2621026400CE,26400.0,2026-02-10,412.9,
2026-01-07 14:09:22+05:30,NIFTY2621026400CE,26400.0,2026-02-10,412.9,
2026-01-07 14:09:23+05:30,NIFTY2621026400CE,26400.0,2026-02-10,412.9,
2026-01-07 14:09:24+05:30,NIFTY2621026400CE,26400.0,2026-02-10,412.9,
2026-01-07 14:09:25+05:30,NIFTY2621026400CE,26400.0,2026-02-10,412.9,
2026-01-07 14:09:26+05:30,NIFTY2621026400CE,26400.0,2026-02-10,412.9,
2026-01-07 14:09:27+05:30,NIFTY2621026400CE,26400.0,2026-02-10,412.9,
2026-01-07 14:09:28+05:30,NIFTY2621026400CE,26400.0,2026-02-10,412.9,
2026-01-07 14:09:29+05:30,NIFTY2621026400CE,26400.0,2026-02-10,412.9,
2026-01-07 14:09:30+05:30,NIFTY2621026400CE,26400.0,2026-02-10,412.9,
2026-01-07 14:09:31+05:30,NIFTY2621026400CE,26400.0,2026-02-10,412.9,
2026-01-07 14:09:32+05:30,NIFTY2621026400CE,26400.0,2026-02-10,412.9,
2026-01-07 14:09:33+05:30,NIFTY2621026400CE,26400.0,2026-02-10,412.9,
2026-01-07 14:09:34+05:30,NIFTY2621026400CE,26400.0,2026-02-10,412.9,
2026-01-07 14:09:35+05:30,NIFTY2621026400CE,26400.0,2026-02-10,412.9,
2026-01-07 14:09:36+05:30,NIFTY2621026400CE,26400.0,2026-02-10,412.9,
2026-01-07 14:09:37+05:30,NIFTY2621026400CE,26400.0,2026-02-10,412.9,
2026-01-07 14:09:38+05:30,NIFTY2621026400CE,26400.0,2026-02-10,412.9,
2026-01-07 14:09:39+05:30,NIFTY2621026400CE,26400.0,2026-02-10,412.9,
2026-01-07 14:09:40+05:30,NIFTY2621026400CE,26400.0,2026-02-10,412.9,
2026-01-07 14:09:41+05:30,NIFTY2621026400CE,26400.0,2026-02-10,412.9,
2026-01-07 14:09:42+05:30,NIFTY2621026400CE,26400.0,2026-02-10,412.9,
2026-01-07 14:09:43+05:30,NIFTY2621026400CE,26400.0,2026-02-10,412.9,
2026-01-07 14:09:44+05:30,NIFTY2621026400CE,26400.0,2026-02-10,412.9,
2026-01-07 14:09:45+05:30,NIFTY2621026400CE,26400.0,2026-02-10,412.9,
2026-01-07 14:09:46+05:30,NIFTY2621026400CE,26400.0,2026-02-10,412.9,
2026-01-07 14:09:47+05:30,NIFTY2621026400CE,26400.0,2026-02-10,412.9,
2026-01-07 14:09:48+05:30,NIFTY2621026400CE,26400.0,2026-02-10,412.9,
2026-01-07 14:09:49+05:30,NIFTY2621026400CE,26400.0,2026-02-10,412.9,
2026-01-07 14:09:50+05:30,NIFTY2621026400CE,26400.0,2026-02-10,412.9,
2026-01-07 14:09:51+05:30,NIFTY2621026400CE,26400.0,2026-02-10,412.9,
2026-01-07 14:09:52+05:30,NIFTY2621026400CE,26400.0,2026-02-10,412.9,
2026-01-07 14:09:53+05:30,NIFTY2621026400CE,26400.0,2026-02-10,412.9,
2026-01-07 14:09:54+05:30,NIFTY2621026400CE,26400.0,2026-02-10,412.9,
2026-01-07 14:09:55+05:30,NIFTY2621026400CE,26400.0,2026-02-10,412.9,
2026-01-07 14:09:56+05:30,NIFTY2621026400CE,26400.0,2026-02-10,412.9,
2026-01-07 14:09:57+05:30,NIFTY2621026400CE,26400.0,2026-02-10,412.9,
2026-01-07 14:09:58+05:30,NIFTY2621026400CE,26400.0,2026-02-10,412.9,
2026-01-07 14:09:59+05:30,NIFTY2621026400CE,26400.0,2026-02-10,412.9,
2026-01-07 14:10:00+05:30,NIFTY2621026400CE,26400.0,2026-02-10,412.9,
2026-01-07 14:10:01+05:30,NIFTY2621026400CE,26400.0,2026-02-10,412.9,
2026-01-07 14:10:02+05:30,NIFTY2621026400CE,26400.0,2026-02-10,412.9,
2026-01-07 14:10:03+05:30,NIFTY2621026400CE,26400.0,2026-02-10,412.9,
2026-01-07 14:10:04+05:30,NIFTY2621026400CE,26400.0,2026-02-10,412.9,
2026-01-07 14:10:05+05:30,NIFTY2621026400CE,26400.0,2026-02-10,412.9,
2026-01-07 14:10:06+05:30,NIFTY2621026400CE,26400.0,2026-02-10,412.9,
2026-01-07 14:10:07+05:30,NIFTY2621026400CE,26400.0,2026-02-10,412.9,
2026-01-07 14:10:08+05:30,NIFTY2621026400CE,26400.0,2026-02-10,412.9,
2026-01-07 14:10:09+05:30,NIFTY2621026400CE,26400.0,2026-02-10,412.9,
2026-01-07 14:10:10+05:30,NIFTY2621026400CE,26400.0,2026-02-10,412.9,
2026-01-07 14:10:11+05:30,NIFTY2621026400CE,26400.0,2026-02-10,412.9,
2026-01-07 14:10:12+05:30,NIFTY2621026400CE,26400.0,2026-02-10,412.9,
2026-01-07 14:10:13+05:30,NIFTY2621026400CE,26400.0,2026-02-10,412.9,
2026-01-07 14:10:14+05:30,NIFTY2621026400CE,26400.0,2026-02-10,412.9,
2026-01-07 14:10:15+05:30,NIFTY2621026400CE,26400.0,2026-02-10,412.9,
2026-01-07 14:10:16+05:30,NIFTY2621026400CE,26400.0,2026-02-10,412.9,
2026-01-07 14:10:17+05:30,NIFTY2621026400CE,26400.0,2026-02-10,412.9,
2026-01-07 14:10:18+05:30,NIFTY2621026400CE,26400.0,2026-02-10,412.9,
2026-01-07 14:10:19+05:30,NIFTY2621026400CE,26400.0,2026-02-10,412.9,
2026-01-07 14:10:20+05:30,NIFTY2621026400CE,26400.0,2026-02-10,412.9,
2026-01-07 14:10:21+05:30,NIFTY2621026400CE,26400.0,2026-02-10,412.9,
2026-01-07 14:10:22+05:30,NIFTY2621026400CE,26400.0,2026-02-10,412.9,
2026-01-07 14:10:23+05:30,NIFTY2621026400CE,26400.0,2026-02-10,412.9,
2026-01-07 14:10:24+05:30,NIFTY2621026400CE,26400.0,2026-02-10,412.9,
2026-01-07 14:10:25+05:30,NIFTY2621026400CE,26400.0,2026-02-10,412.9,
2026-01-07 14:10:26+05:30,NIFTY2621026400CE,26400.0,2026-02-10,412.9,
2026-01-07 14:10:27+05:30,NIFTY2621026400CE,26400.0,2026-02-10,412.9,
2026-01-07 14:10:28+05:30,NIFTY2621026400CE,26400.0,2026-02-10,412.9,
2026-01-07 14:10:29+05:30,NIFTY2621026400CE,26400.0,2026-02-10,412.9,
2026-01-07 14:10:30+05:30,NIFTY2621026400CE,26400.0,2026-02-10,412.9,
2026-01-07 14:10:31+05:30,NIFTY2621026400CE,26400.0,2026-02-10,412.9,
2026-01-07 14:10:32+05:30,NIFTY2621026400CE,26400.0,2026-02-10,412.9,
2026-01-07 14:10:33+05:30,NIFTY2621026400CE,26400.0,2026-02-10,412.9,
2026-01-07 14:10:34+05:30,NIFTY2621026400CE,26400.0,2026-02-10,412.9,
2026-01-07 14:10:35+05:30,NIFTY2621026400CE,26400.0,2026-02-10,412.9,
2026-01-07 14:10:36+05:30,NIFTY2621026400CE,26400.0,2026-02-10,412.9,
2026-01-07 14:10:37+05:30,NIFTY2621026400CE,26400.0,2026-02-10,412.9,
2026-01-07 14:10:38+05:30,NIFTY2621026400CE,26400.0,2026-02-10,412.9,
2026-01-07 14:10:39+05:30,NIFTY2621026400CE,26400.0,2026-02-10,412.9,
2026-01-07 14:10:40+05:30,NIFTY2621026400CE,26400.0,2026-02-10,412.9,
2026-01-07 14:10:41+05:30,NIFTY2621026400CE,26400.0,2026-02-10,412.9,
2026-01-07 14:10:42+05:30,NIFTY2621026400CE,26400.0,2026-02-10,412.9,
2026-01-07 14:10:43+05:30,NIFTY2621026400CE,26400.0,2026-02-10,412.9,
2026-01-07 14:10:44+05:30,NIFTY2621026400CE,26400.0,2026-02-10,412.9,
2026-01-07 14:10:45+05:30,NIFTY2621026400CE,26400.0,2026-02-10,412.9,
2026-01-07 14:10:46+05:30,NIFTY2621026400CE,26400.0,2026-02-10,412.9,
2026-01-07 14:10:47+05:30,NIFTY2621026400CE,26400.0,2026-02-10,412.9,
2026-01-07 14:10:48+05:30,NIFTY2621026400CE,26400.0,2026-02-10,412.9,
2026-01-07 14:10:49+05:30,NIFTY2621026400CE,26400.0,2026-02-10,412.9,
2026-01-07 14:10:50+05:30,NIFTY2621026400CE,26400.0,2026-02-10,412.9,
2026-01-07 14:10:51+05:30,NIFTY2621026400CE,26400.0,2026-02-10,412.9,
2026-01-07 14:10:52+05:30,NIFTY2621026400CE,26400.0,2026-02-10,412.9,
2026-01-07 14:10:53+05:30,NIFTY2621026400CE,26400.0,2026-02-10,412.9,
2026-01-07 14:10:54+05:30,NIFTY2621026400CE,26400.0,2026-02-10,412.9,
2026-01-07 14:10:55+05:30,NIFTY2621026400CE,26400.0,2026-02-10,412.9,
2026-01-07 14:10:56+05:30,NIFTY2621026400CE,26400.0,2026-02-10,412.9,
2026-01-07 14:10:57+05:30,NIFTY2621026400CE,26400.0,2026-02-10,412.9,
2026-01-07 14:10:58+05:30,NIFTY2621026400CE,26400.0,2026-02-10,412.9,
2026-01-07 14:10:59+05:30,NIFTY2621026400CE,26400.0,2026-02-10,412.9,
2026-01-07 14:11:00+05:30,NIFTY2621026400CE,26400.0,2026-02-10,412.9,
2026-01-07 14:11:01+05:30,NIFTY2621026400CE,26400.0,2026-02-10,412.9,
2026-01-07 14:11:02+05:30,NIFTY2621026400CE,26400.0,2026-02-10,412.9,
2026-01-07 14:11:03+05:30,NIFTY2621026400CE,26400.0,2026-02-10,412.9,
2026-01-07 14:11:04+05:30,NIFTY2621026400CE,26400.0,2026-02-10,412.9,
2026-01-07 14:11:05+05:30,NIFTY2621026400CE,26400.0,2026-02-10,412.9,
2026-01-07 14:11:06+05:30,NIFTY2621026400CE,26400.0,2026-02-10,412.9,
2026-01-07 14:11:07+05:30,NIFTY2621026400CE,26400.0,2026-02-10,412.9,
2026-01-07 14:11:08+05:30,NIFTY2621026400CE,26400.0,2026-02-10,412.9,
2026-01-07 14:11:09+05:30,NIFTY2621026400CE,26400.0,2026-02-10,412.9,
2026-01-07 14:11:10+05:30,NIFTY2621026400CE,26400.0,2026-02-10,412.9,
2026-01-07 14:11:11+05:30,NIFTY2621026400CE,26400.0,2026-02-10,412.9,
2026-01-07 14:11:12+05:30,NIFTY2621026400CE,26400.0,2026-02-10,412.9,
2026-01-07 14:11:13+05:30,NIFTY2621026400CE,26400.0,2026-02-10,412.9,
2026-01-07 14:11:14+05:30,NIFTY2621026400CE,26400.0,2026-02-10,412.9,
2026-01-07 14:11:15+05:30,NIFTY2621026400CE,26400.0,2026-02-10,412.9,
2026-01-07 14:11:16+05:30,NIFTY2621026400CE,26400.0,2026-02-10,412.9,
2026-01-07 14:11:17+05:30,NIFTY2621026400CE,26400.0,2026-02-10,412.9,
2026-01-07 14:11:18+05:30,NIFTY2621026400CE,26400.0,2026-02-10,412.9,
2026-01-07 14:11:19+05:30,NIFTY2621026400CE,26400.0,2026-02-10,412.9,
2026-01-07 14:11:20+05:30,NIFTY2621026400CE,26400.0,2026-02-10,412.9,
2026-01-07 14:11:21+05:30,NIFTY2621026400CE,26400.0,2026-02-10,412.9,
2026-01-07 14:11:22+05:30,NIFTY2621026400CE,26400.0,2026-02-10,412.9,
2026-01-07 14:11:23+05:30,NIFTY2621026400CE,26400.0,2026-02-10,412.9,
2026-01-07 14:11:24+05:30,NIFTY2621026400CE,26400.0,2026-02-10,412.9,
2026-01-07 14:11:25+05:30,NIFTY2621026400CE,26400.0,2026-02-10,412.9,
2026-01-07 14:11:26+05:30,NIFTY2621026400CE,26400.0,2026-02-10,412.9,
2026-01-07 14:11:27+05:30,NIFTY2621026400CE,26400.0,2026-02-10,412.9,
2026-01-07 14:11:28+05:30,NIFTY2621026400CE,26400.0,2026-02-10,412.9,
2026-01-07 14:11:29+05:30,NIFTY2621026400CE,26400.0,2026-02-10,412.9,
2026-01-07 14:11:30+05:30,NIFTY2621026400CE,26400.0,2026-02-10,412.9,
2026-01-07 14:11:31+05:30,NIFTY2621026400CE,26400.0,2026-02-10,412.9,
2026-01-07 14:11:32+05:30,NIFTY2621026400CE,26400.0,2026-02-10,412.9,
2026-01-07 14:11:33+05:30,NIFTY2621026400CE,26400.0,2026-02-10,412.9,
2026-01-07 14:11:34+05:30,NIFTY2621026400CE,26400.0,2026-02-10,412.9,
2026-01-07 14:11:35+05:30,NIFTY2621026400CE,26400.0,2026-02-10,412.9,
2026-01-07 14:11:36+05:30,NIFTY2621026400CE,26400.0,2026-02-10,412.9,
2026-01-07 14:11:37+05:30,NIFTY2621026400CE,26400.0,2026-02-10,412.9,
2026-01-07 14:11:38+05:30,NIFTY2621026400CE,26400.0,2026-02-10,412.9,
2026-01-07 14:11:39+05:30,NIFTY2621026400CE,26400.0,2026-02-10,412.9,
2026-01-07 14:11:40+05:30,NIFTY2621026400CE,26400.0,2026-02-10,412.9,
2026-01-07 14:11:41+05:30,NIFTY2621026400CE,26400.0,2026-02-10,412.9,
2026-01-07 14:11:42+05:30,NIFTY2621026400CE,26400.0,2026-02-10,412.9,
2026-01-07 14:11:43+05:30,NIFTY2621026400CE,26400.0,2026-02-10,412.9,
2026-01-07 14:11:44+05:30,NIFTY2621026400CE,26400.0,2026-02-10,412.9,
2026-01-07 14:11:45+05:30,NIFTY2621026400CE,26400.0,2026-02-10,412.9,
2026-01-07 14:11:46+05:30,NIFTY2621026400CE,26400.0,2026-02-10,412.9,
2026-01-07 14:11:47+05:30,NIFTY2621026400CE,26400.0,2026-02-10,412.9,
2026-01-07 14:11:48+05:30,NIFTY2621026400CE,26400.0,2026-02-10,412.9,
2026-01-07 14:11:49+05:30,NIFTY2621026400CE,26400.0,2026-02-10,412.9,
2026-01-07 14:11:50+05:30,NIFTY2621026400CE,26400.0,2026-02-10,412.9,
2026-01-07 14:11:51+05:30,NIFTY2621026400CE,26400.0,2026-02-10,412.9,
2026-01-07 14:11:52+05:30,NIFTY2621026400CE,26400.0,2026-02-10,412.9,
2026-01-07 14:11:53+05:30,NIFTY2621026400CE,26400.0,2026-02-10,412.9,
2026-01-07 14:11:54+05:30,NIFTY2621026400CE,26400.0,2026-02-10,412.9,
2026-01-07 14:11:55+05:30,NIFTY2621026400CE,26400.0,2026-02-10,412.9,
2026-01-07 14:11:56+05:30,NIFTY2621026400CE,26400.0,2026-02-10,412.9,
2026-01-07 14:11:57+05:30,NIFTY2621026400CE,26400.0,2026-02-10,412.9,
2026-01-07 14:11:58+05:30,NIFTY2621026400CE,26400.0,2026-02-10,412.9,
2026-01-07 14:11:59+05:30,NIFTY2621026400CE,26400.0,2026-02-10,412.9,
2026-01-07 14:12:00+05:30,NIFTY2621026400CE,26400.0,2026-02-10,412.9,
2026-01-07 14:12:01+05:30,NIFTY2621026400CE,26400.0,2026-02-10,412.9,
2026-01-07 14:12:02+05:30,NIFTY2621026400CE,26400.0,2026-02-10,412.9,
2026-01-07 14:12:03+05:30,NIFTY2621026400CE,26400.0,2026-02-10,412.9,
2026-01-07 14:12:04+05:30,NIFTY2621026400CE,26400.0,2026-02-10,412.9,
2026-01-07 14:12:05+05:30,NIFTY2621026400CE,26400.0,2026-02-10,412.9,
2026-01-07 14:12:06+05:30,NIFTY2621026400CE,26400.0,2026-02-10,412.9,
2026-01-07 14:12:07+05:30,NIFTY2621026400CE,26400.0,2026-02-10,412.9,
2026-01-07 14:12:08+05:30,NIFTY2621026400CE,26400.0,2026-02-10,412.9,
2026-01-07 14:12:09+05:30,NIFTY2621026400CE,26400.0,2026-02-10,412.9,
2026-01-07 14:12:10+05:30,NIFTY2621026400CE,26400.0,2026-02-10,412.9,
2026-01-07 14:12:11+05:30,NIFTY2621026400CE,26400.0,2026-02-10,412.9,
2026-01-07 14:12:12+05:30,NIFTY2621026400CE,26400.0,2026-02-10,412.9,
2026-01-07 14:12:13+05:30,NIFTY2621026400CE,26400.0,2026-02-10,412.9,
2026-01-07 14:12:14+05:30,NIFTY2621026400CE,26400.0,2026-02-10,412.9,
2026-01-07 14:12:15+05:30,NIFTY2621026400CE,26400.0,2026-02-10,412.9,
2026-01-07 14:12:16+05:30,NIFTY2621026400CE,26400.0,2026-02-10,412.9,
2026-01-07 14:12:17+05:30,NIFTY2621026400CE,26400.0,2026-02-10,412.9,
2026-01-07 14:12:18+05:30,NIFTY2621026400CE,26400.0,2026-02-10,412.9,
2026-01-07 14:12:19+05:30,NIFTY2621026400CE,26400.0,2026-02-10,412.9,
2026-01-07 14:12:20+05:30,NIFTY2621026400CE,26400.0,2026-02-10,412.9,
2026-01-07 14:12:21+05:30,NIFTY2621026400CE,26400.0,2026-02-10,412.9,
2026-01-07 14:12:22+05:30,NIFTY2621026400CE,26400.0,2026-02-10,412.9,
2026-01-07 14:12:23+05:30,NIFTY2621026400CE,26400.0,2026-02-10,412.9,
2026-01-07 14:12:24+05:30,NIFTY2621026400CE,26400.0,2026-02-10,412.9,
2026-01-07 14:12:25+05:30,NIFTY2621026400CE,26400.0,2026-02-10,412.9,
2026-01-07 14:12:26+05:30,NIFTY2621026400CE,26400.0,2026-02-10,412.9,
2026-01-07 14:12:27+05:30,NIFTY2621026400CE,26400.0,2026-02-10,412.9,
2026-01-07 14:12:28+05:30,NIFTY2621026400CE,26400.0,2026-02-10,412.9,
2026-01-07 14:12:29+05:30,NIFTY2621026400CE,26400.0,2026-02-10,412.9,
2026-01-07 14:12:30+05:30,NIFTY2621026400CE,26400.0,2026-02-10,412.9,
2026-01-07 14:12:31+05:30,NIFTY2621026400CE,26400.0,2026-02-10,412.9,
2026-01-07 14:12:32+05:30,NIFTY2621026400CE,26400.0,2026-02-10,412.9,
2026-01-07 14:12:33+05:30,NIFTY2621026400CE,26400.0,2026-02-10,412.9,
2026-01-07 14:12:34+05:30,NIFTY2621026400CE,26400.0,2026-02-10,412.9,
2026-01-07 14:12:35+05:30,NIFTY2621026400CE,26400.0,2026-02-10,412.9,
2026-01-07 14:12:36+05:30,NIFTY2621026400CE,26400.0,2026-02-10,412.9,
2026-01-07 14:12:37+05:30,NIFTY2621026400CE,26400.0,2026-02-10,412.9,
2026-01-07 14:12:38+05:30,NIFTY2621026400CE,26400.0,2026-02-10,412.9,
2026-01-07 14:12:39+05:30,NIFTY2621026400CE,26400.0,2026-02-10,412.9,
2026-01-07 14:12:40+05:30,NIFTY2621026400CE,26400.0,2026-02-10,412.9,
2026-01-07 14:12:41+05:30,NIFTY2621026400CE,26400.0,2026-02-10,412.9,
2026-01-07 14:12:42+05:30,NIFTY2621026400CE,26400.0,2026-02-10,412.9,
2026-01-07 14:12:43+05:30,NIFTY2621026400CE,26400.0,2026-02-10,412.9,
2026-01-07 14:12:44+05:30,NIFTY2621026400CE,26400.0,2026-02-10,412.9,
2026-01-07 14:12:45+05:30,NIFTY2621026400CE,26400.0,2026-02-10,412.9,
2026-01-07 14:12:46+05:30,NIFTY2621026400CE,26400.0,2026-02-10,412.9,
2026-01-07 14:12:47+05:30,NIFTY2621026400CE,26400.0,2026-02-10,412.9,
2026-01-07 14:12:48+05:30,NIFTY2621026400CE,26400.0,2026-02-10,412.9,
2026-01-07 14:12:49+05:30,NIFTY2621026400CE,26400.0,2026-02-10,412.9,
2026-01-07 14:12:50+05:30,NIFTY2621026400CE,26400.0,2026-02-10,412.9,
2026-01-07 14:12:51+05:30,NIFTY2621026400CE,26400.0,2026-02-10,412.9,
2026-01-07 14:12:52+05:30,NIFTY2621026400CE,26400.0,2026-02-10,412.9,
2026-01-07 14:12:53+05:30,NIFTY2621026400CE,26400.0,2026-02-10,412.9,
2026-01-07 14:12:54+05:30,NIFTY2621026400CE,26400.0,2026-02-10,412.9,
2026-01-07 14:12:55+05:30,NIFTY2621026400CE,26400.0,2026-02-10,412.9,
2026-01-07 14:12:56+05:30,NIFTY2621026400CE,26400.0,2026-02-10,412.9,
2026-01-07 14:12:57+05:30,NIFTY2621026400CE,26400.0,2026-02-10,412.9,
2026-01-07 14:12:58+05:30,NIFTY2621026400CE,26400.0,2026-02-10,412.9,
2026-01-07 14:12:59+05:30,NIFTY2621026400CE,26400.0,2026-02-10,412.9,
2026-01-07 14:13:00+05:30,NIFTY2621026400CE,26400.0,2026-02-10,412.9,
2026-01-07 14:13:01+05:30,NIFTY2621026400CE,26400.0,2026-02-10,412.9,
2026-01-07 14:13:02+05:30,NIFTY2621026400CE,26400.0,2026-02-10,412.9,
2026-01-07 14:13:03+05:30,NIFTY2621026400CE,26400.0,2026-02-10,412.9,
2026-01-07 14:13:04+05:30,NIFTY2621026400CE,26400.0,2026-02-10,412.9,
2026-01-07 14:13:05+05:30,NIFTY2621026400CE,26400.0,2026-02-10,412.9,
2026-01-07 14:13:06+05:30,NIFTY2621026400CE,26400.0,2026-02-10,412.9,
2026-01-07 14:13:07+05:30,NIFTY2621026400CE,26400.0,2026-02-10,412.9,
2026-01-07 14:13:08+05:30,NIFTY2621026400CE,26400.0,2026-02-10,412.9,
2026-01-07 14:13:09+05:30,NIFTY2621026400CE,26400.0,2026-02-10,412.9,
2026-01-07 14:13:10+05:30,NIFTY2621026400CE,26400.0,2026-02-10,412.9,
2026-01-07 14:13:11+05:30,NIFTY2621026400CE,26400.0,2026-02-10,412.9,
2026-01-07 14:13:12+05:30,NIFTY2621026400CE,26400.0,2026-02-10,412.9,
2026-01-07 14:13:13+05:30,NIFTY2621026400CE,26400.0,2026-02-10,412.9,
2026-01-07 14:13:14+05:30,NIFTY2621026400CE,26400.0,2026-02-10,412.9,
2026-01-07 14:13:15+05:30,NIFTY2621026400CE,26400.0,2026-02-10,412.9,
2026-01-07 14:13:16+05:30,NIFTY2621026400CE,26400.0,2026-02-10,412.9,
2026-01-07 14:13:17+05:30,NIFTY2621026400CE,26400.0,2026-02-10,412.9,
2026-01-07 14:13:18+05:30,NIFTY2621026400CE,26400.0,2026-02-10,412.9,
2026-01-07 14:13:19+05:30,NIFTY2621026400CE,26400.0,2026-02-10,412.9,
2026-01-07 14:13:20+05:30,NIFTY2621026400CE,26400.0,2026-02-10,412.9,
2026-01-07 14:13:21+05:30,NIFTY2621026400CE,26400.0,2026-02-10,412.9,
2026-01-07 14:13:22+05:30,NIFTY2621026400CE,26400.0,2026-02-10,412.9,
2026-01-07 14:13:23+05:30,NIFTY2621026400CE,26400.0,2026-02-10,412.9,
2026-01-07 14:13:24+05:30,NIFTY2621026400CE,26400.0,2026-02-10,412.9,
2026-01-07 14:13:25+05:30,NIFTY2621026400CE,26400.0,2026-02-10,412.9,
2026-01-07 14:13:26+05:30,NIFTY2621026400CE,26400.0,2026-02-10,412.9,
2026-01-07 14:13:27+05:30,NIFTY2621026400CE,26400.0,2026-02-10,412.9,
2026-01-07 14:13:28+05:30,NIFTY2621026400CE,26400.0,2026-02-10,412.9,
2026-01-07 14:13:29+05:30,NIFTY2621026400CE,26400.0,2026-02-10,412.9,
2026-01-07 14:13:30+05:30,NIFTY2621026400CE,26400.0,2026-02-10,412.9,
2026-01-07 14:13:31+05:30,NIFTY2621026400CE,26400.0,2026-02-10,412.9,
2026-01-07 14:13:32+05:30,NIFTY2621026400CE,26400.0,2026-02-10,412.9,
2026-01-07 14:13:33+05:30,NIFTY2621026400CE,26400.0,2026-02-10,412.9,
2026-01-07 14:13:34+05:30,NIFTY2621026400CE,26400.0,2026-02-10,412.9,
2026-01-07 14:13:35+05:30,NIFTY2621026400CE,26400.0,2026-02-10,412.9,
2026-01-07 14:13:36+05:30,NIFTY2621026400CE,26400.0,2026-02-10,412.9,
2026-01-07 14:13:37+05:30,NIFTY2621026400CE,26400.0,2026-02-10,412.9,
2026-01-07 14:13:38+05:30,NIFTY2621026400CE,26400.0,2026-02-10,412.9,
2026-01-07 14:13:39+05:30,NIFTY2621026400CE,26400.0,2026-02-10,412.9,
2026-01-07 14:13:40+05:30,NIFTY2621026400CE,26400.0,2026-02-10,412.9,
2026-01-07 14:13:41+05:30,NIFTY2621026400CE,26400.0,2026-02-10,412.9,
2026-01-07 14:13:42+05:30,NIFTY2621026400CE,26400.0,2026-02-10,412.9,
2026-01-07 14:13:43+05:30,NIFTY2621026400CE,26400.0,2026-02-10,412.9,
2026-01-07 14:13:44+05:30,NIFTY2621026400CE,26400.0,2026-02-10,412.9,
2026-01-07 14:13:45+05:30,NIFTY2621026400CE,26400.0,2026-02-10,412.9,
2026-01-07 14:13:46+05:30,NIFTY2621026400CE,26400.0,2026-02-10,412.9,
2026-01-07 14:13:47+05:30,NIFTY2621026400CE,26400.0,2026-02-10,412.9,
2026-01-07 14:13:48+05:30,NIFTY2621026400CE,26400.0,2026-02-10,412.9,
2026-01-07 14:13:49+05:30,NIFTY2621026400CE,26400.0,2026-02-10,412.9,
2026-01-07 14:13:50+05:30,NIFTY2621026400CE,26400.0,2026-02-10,412.9,
2026-01-07 14:13:51+05:30,NIFTY2621026400CE,26400.0,2026-02-10,412.9,
2026-01-07 14:13:52+05:30,NIFTY2621026400CE,26400.0,2026-02-10,412.9,
2026-01-07 14:13:53+05:30,NIFTY2621026400CE,26400.0,2026-02-10,412.9,
2026-01-07 14:13:54+05:30,NIFTY2621026400CE,26400.0,2026-02-10,412.9,
2026-01-07 14:13:55+05:30,NIFTY2621026400CE,26400.0,2026-02-10,412.9,
2026-01-07 14:13:56+05:30,NIFTY2621026400CE,26400.0,2026-02-10,412.9,
2026-01-07 14:13:57+05:30,NIFTY2621026400CE,26400.0,2026-02-10,412.9,
2026-01-07 14:13:58+05:30,NIFTY2621026400CE,26400.0,2026-02-10,412.9,
2026-01-07 14:13:59+05:30,NIFTY2621026400CE,26400.0,2026-02-10,412.9,
2026-01-07 14:14:00+05:30,NIFTY2621026400CE,26400.0,2026-02-10,412.9,
2026-01-07 14:14:01+05:30,NIFTY2621026400CE,26400.0,2026-02-10,412.9,
2026-01-07 14:14:02+05:30,NIFTY2621026400CE,26400.0,2026-02-10,412.9,
2026-01-07 14:14:03+05:30,NIFTY2621026400CE,26400.0,2026-02-10,412.9,
2026-01-07 14:14:04+05:30,NIFTY2621026400CE,26400.0,2026-02-10,412.9,
2026-01-07 14:14:05+05:30,NIFTY2621026400CE,26400.0,2026-02-10,412.9,
2026-01-07 14:14:06+05:30,NIFTY2621026400CE,26400.0,2026-02-10,412.9,
2026-01-07 14:14:07+05:30,NIFTY2621026400CE,26400.0,2026-02-10,412.9,
2026-01-07 14:14:08+05:30,NIFTY2621026400CE,26400.0,2026-02-10,412.9,
2026-01-07 14:14:09+05:30,NIFTY2621026400CE,26400.0,2026-02-10,412.9,
2026-01-07 14:14:10+05:30,NIFTY2621026400CE,26400.0,2026-02-10,412.9,
2026-01-07 14:14:11+05:30,NIFTY2621026400CE,26400.0,2026-02-10,412.9,
2026-01-07 14:14:12+05:30,NIFTY2621026400CE,26400.0,2026-02-10,412.9,
2026-01-07 14:14:13+05:30,NIFTY2621026400CE,26400.0,2026-02-10,412.9,
2026-01-07 14:14:14+05:30,NIFTY2621026400CE,26400.0,2026-02-10,412.9,
2026-01-07 14:14:15+05:30,NIFTY2621026400CE,26400.0,2026-02-10,412.9,
2026-01-07 14:14:16+05:30,NIFTY2621026400CE,26400.0,2026-02-10,412.9,
2026-01-07 14:14:17+05:30,NIFTY2621026400CE,26400.0,2026-02-10,412.9,
2026-01-07 14:14:18+05:30,NIFTY2621026400CE,26400.0,2026-02-10,412.9,
2026-01-07 14:14:19+05:30,NIFTY2621026400CE,26400.0,2026-02-10,412.9,
2026-01-07 14:14:20+05:30,NIFTY2621026400CE,26400.0,2026-02-10,412.9,
2026-01-07 14:14:21+05:30,NIFTY2621026400CE,26400.0,2026-02-10,412.9,
2026-01-07 14:14:22+05:30,NIFTY2621026400CE,26400.0,2026-02-10,412.9,
2026-01-07 14:14:23+05:30,NIFTY2621026400CE,26400.0,2026-02-10,412.9,
2026-01-07 14:14:24+05:30,NIFTY2621026400CE,26400.0,2026-02-10,412.9,
2026-01-07 14:14:25+05:30,NIFTY2621026400CE,26400.0,2026-02-10,412.9,
2026-01-07 14:14:26+05:30,NIFTY2621026400CE,26400.0,2026-02-10,412.9,
2026-01-07 14:14:27+05:30,NIFTY2621026400CE,26400.0,2026-02-10,412.9,
2026-01-07 14:14:28+05:30,NIFTY2621026400CE,26400.0,2026-02-10,412.9,
2026-01-07 14:14:29+05:30,NIFTY2621026400CE,26400.0,2026-02-10,412.9,
2026-01-07 14:14:30+05:30,NIFTY2621026400CE,26400.0,2026-02-10,412.9,
2026-01-07 14:14:31+05:30,NIFTY2621026400CE,26400.0,2026-02-10,412.9,
2026-01-07 14:14:32+05:30,NIFTY2621026400CE,26400.0,2026-02-10,412.9,
2026-01-07 14:14:33+05:30,NIFTY2621026400CE,26400.0,2026-02-10,412.9,
2026-01-07 14:14:34+05:30,NIFTY2621026400CE,26400.0,2026-02-10,412.9,
2026-01-07 14:14:35+05:30,NIFTY2621026400CE,26400.0,2026-02-10,412.9,
2026-01-07 14:14:36+05:30,NIFTY2621026400CE,26400.0,2026-02-10,412.9,
2026-01-07 14:14:37+05:30,NIFTY2621026400CE,26400.0,2026-02-10,412.9,
2026-01-07 14:14:38+05:30,NIFTY2621026400CE,26400.0,2026-02-10,412.9,
2026-01-07 14:14:39+05:30,NIFTY2621026400CE,26400.0,2026-02-10,412.9,
2026-01-07 14:14:40+05:30,NIFTY2621026400CE,26400.0,2026-02-10,412.9,
2026-01-07 14:14:41+05:30,NIFTY2621026400CE,26400.0,2026-02-10,412.9,
2026-01-07 14:14:42+05:30,NIFTY2621026400CE,26400.0,2026-02-10,412.9,
2026-01-07 14:14:43+05:30,NIFTY2621026400CE,26400.0,2026-02-10,412.9,
2026-01-07 14:14:44+05:30,NIFTY2621026400CE,26400.0,2026-02-10,412.9,
2026-01-07 14:14:45+05:30,NIFTY2621026400CE,26400.0,2026-02-10,412.9,
2026-01-07 14:14:46+05:30,NIFTY2621026400CE,26400.0,2026-02-10,412.9,
2026-01-07 14:14:47+05:30,NIFTY2621026400CE,26400.0,2026-02-10,412.9,
2026-01-07 14:14:48+05:30,NIFTY2621026400CE,26400.0,2026-02-10,412.9,
2026-01-07 14:14:49+05:30,NIFTY2621026400CE,26400.0,2026-02-10,412.9,
2026-01-07 14:14:50+05:30,NIFTY2621026400CE,26400.0,2026-02-10,412.9,
2026-01-07 14:14:51+05:30,NIFTY2621026400CE,26400.0,2026-02-10,412.9,
2026-01-07 14:14:52+05:30,NIFTY2621026400CE,26400.0,2026-02-10,412.9,
2026-01-07 14:14:53+05:30,NIFTY2621026400CE,26400.0,2026-02-10,412.9,
2026-01-07 14:14:54+05:30,NIFTY2621026400CE,26400.0,2026-02-10,412.9,
2026-01-07 14:14:55+05:30,NIFTY2621026400CE,26400.0,2026-02-10,412.9,
2026-01-07 14:14:56+05:30,NIFTY2621026400CE,26400.0,2026-02-10,412.9,
2026-01-07 14:14:57+05:30,NIFTY2621026400CE,26400.0,2026-02-10,412.9,
2026-01-07 14:14:58+05:30,NIFTY2621026400CE,26400.0,2026-02-10,412.9,
2026-01-07 14:14:59+05:30,NIFTY2621026400CE,26400.0,2026-02-10,412.9,
2026-01-07 14:15:00+05:30,NIFTY2621026400CE,26400.0,2026-02-10,412.9,
2026-01-07 14:15:01+05:30,NIFTY2621026400CE,26400.0,2026-02-10,412.9,
2026-01-07 14:15:02+05:30,NIFTY2621026400CE,26400.0,2026-02-10,412.9,
2026-01-07 14:15:03+05:30,NIFTY2621026400CE,26400.0,2026-02-10,412.9,
2026-01-07 14:15:04+05:30,NIFTY2621026400CE,26400.0,2026-02-10,412.9,
2026-01-07 14:15:05+05:30,NIFTY2621026400CE,26400.0,2026-02-10,412.9,
2026-01-07 14:15:06+05:30,NIFTY2621026400CE,26400.0,2026-02-10,412.9,
2026-01-07 14:15:07+05:30,NIFTY2621026400CE,26400.0,2026-02-10,412.9,
2026-01-07 14:15:08+05:30,NIFTY2621026400CE,26400.0,2026-02-10,412.9,
2026-01-07 14:15:09+05:30,NIFTY2621026400CE,26400.0,2026-02-10,412.9,
2026-01-07 14:15:10+05:30,NIFTY2621026400CE,26400.0,2026-02-10,412.9,
2026-01-07 14:15:11+05:30,NIFTY2621026400CE,26400.0,2026-02-10,412.9,
2026-01-07 14:15:12+05:30,NIFTY2621026400CE,26400.0,2026-02-10,412.9,
2026-01-07 14:15:13+05:30,NIFTY2621026400CE,26400.0,2026-02-10,412.9,
2026-01-07 14:15:14+05:30,NIFTY2621026400CE,26400.0,2026-02-10,412.9,
2026-01-07 14:15:15+05:30,NIFTY2621026400CE,26400.0,2026-02-10,412.9,
2026-01-07 14:15:16+05:30,NIFTY2621026400CE,26400.0,2026-02-10,412.9,
2026-01-07 14:15:17+05:30,NIFTY2621026400CE,26400.0,2026-02-10,412.9,
2026-01-07 14:15:18+05:30,NIFTY2621026400CE,26400.0,2026-02-10,412.9,
2026-01-07 14:15:19+05:30,NIFTY2621026400CE,26400.0,2026-02-10,412.9,
2026-01-07 14:15:20+05:30,NIFTY2621026400CE,26400.0,2026-02-10,412.9,
2026-01-07 14:15:21+05:30,NIFTY2621026400CE,26400.0,2026-02-10,412.9,
2026-01-07 14:15:22+05:30,NIFTY2621026400CE,26400.0,2026-02-10,412.9,
2026-01-07 14:15:23+05:30,NIFTY2621026400CE,26400.0,2026-02-10,412.9,
2026-01-07 14:15:24+05:30,NIFTY2621026400CE,26400.0,2026-02-10,412.9,
2026-01-07 14:15:25+05:30,NIFTY2621026400CE,26400.0,2026-02-10,412.9,
2026-01-07 14:15:26+05:30,NIFTY2621026400CE,26400.0,2026-02-10,412.9,
2026-01-07 14:15:27+05:30,NIFTY2621026400CE,26400.0,2026-02-10,412.9,
2026-01-07 14:15:28+05:30,NIFTY2621026400CE,26400.0,2026-02-10,412.9,
2026-01-07 14:15:29+05:30,NIFTY2621026400CE,26400.0,2026-02-10,412.9,
2026-01-07 14:15:30+05:30,NIFTY2621026400CE,26400.0,2026-02-10,412.9,
2026-01-07 14:15:31+05:30,NIFTY2621026400CE,26400.0,2026-02-10,412.9,
2026-01-07 14:15:32+05:30,NIFTY2621026400CE,26400.0,2026-02-10,412.9,
2026-01-07 14:15:33+05:30,NIFTY2621026400CE,26400.0,2026-02-10,412.9,
2026-01-07 14:15:34+05:30,NIFTY2621026400CE,26400.0,2026-02-10,412.9,
2026-01-07 14:15:35+05:30,NIFTY2621026400CE,26400.0,2026-02-10,412.9,
2026-01-07 14:15:36+05:30,NIFTY2621026400CE,26400.0,2026-02-10,412.9,
2026-01-07 14:15:37+05:30,NIFTY2621026400CE,26400.0,2026-02-10,412.9,
2026-01-07 14:15:38+05:30,NIFTY2621026400CE,26400.0,2026-02-10,412.9,
2026-01-07 14:15:39+05:30,NIFTY2621026400CE,26400.0,2026-02-10,412.9,
2026-01-07 14:15:40+05:30,NIFTY2621026400CE,26400.0,2026-02-10,412.9,
2026-01-07 14:15:41+05:30,NIFTY2621026400CE,26400.0,2026-02-10,412.9,
2026-01-07 14:15:42+05:30,NIFTY2621026400CE,26400.0,2026-02-10,412.9,
2026-01-07 14:15:43+05:30,NIFTY2621026400CE,26400.0,2026-02-10,412.9,
2026-01-07 14:15:44+05:30,NIFTY2621026400CE,26400.0,2026-02-10,412.9,
2026-01-07 14:15:45+05:30,NIFTY2621026400CE,26400.0,2026-02-10,412.9,
2026-01-07 14:15:46+05:30,NIFTY2621026400CE,26400.0,2026-02-10,412.9,
2026-01-07 14:15:47+05:30,NIFTY2621026400CE,26400.0,2026-02-10,412.9,
2026-01-07 14:15:48+05:30,NIFTY2621026400CE,26400.0,2026-02-10,412.9,
2026-01-07 14:15:49+05:30,NIFTY2621026400CE,26400.0,2026-02-10,412.9,
2026-01-07 14:15:50+05:30,NIFTY2621026400CE,26400.0,2026-02-10,412.9,
2026-01-07 14:15:51+05:30,NIFTY2621026400CE,26400.0,2026-02-10,412.9,
2026-01-07 14:15:52+05:30,NIFTY2621026400CE,26400.0,2026-02-10,412.9,
2026-01-07 14:15:53+05:30,NIFTY2621026400CE,26400.0,2026-02-10,412.9,
2026-01-07 14:15:54+05:30,NIFTY2621026400CE,26400.0,2026-02-10,412.9,
2026-01-07 14:15:55+05:30,NIFTY2621026400CE,26400.0,2026-02-10,412.9,
2026-01-07 14:15:56+05:30,NIFTY2621026400CE,26400.0,2026-02-10,412.9,
2026-01-07 14:15:57+05:30,NIFTY2621026400CE,26400.0,2026-02-10,412.9,
2026-01-07 14:15:58+05:30,NIFTY2621026400CE,26400.0,2026-02-10,412.9,
2026-01-07 14:15:59+05:30,NIFTY2621026400CE,26400.0,2026-02-10,412.9,
2026-01-07 14:16:00+05:30,NIFTY2621026400CE,26400.0,2026-02-10,412.9,
2026-01-07 14:16:01+05:30,NIFTY2621026400CE,26400.0,2026-02-10,412.9,
2026-01-07 14:16:02+05:30,NIFTY2621026400CE,26400.0,2026-02-10,412.9,
2026-01-07 14:16:03+05:30,NIFTY2621026400CE,26400.0,2026-02-10,412.9,
2026-01-07 14:16:04+05:30,NIFTY2621026400CE,26400.0,2026-02-10,412.9,
2026-01-07 14:16:05+05:30,NIFTY2621026400CE,26400.0,2026-02-10,412.9,
2026-01-07 14:16:06+05:30,NIFTY2621026400CE,26400.0,2026-02-10,412.9,
2026-01-07 14:16:07+05:30,NIFTY2621026400CE,26400.0,2026-02-10,412.9,
2026-01-07 14:16:08+05:30,NIFTY2621026400CE,26400.0,2026-02-10,412.9,
2026-01-07 14:16:09+05:30,NIFTY2621026400CE,26400.0,2026-02-10,412.9,
2026-01-07 14:16:10+05:30,NIFTY2621026400CE,26400.0,2026-02-10,412.9,
2026-01-07 14:16:11+05:30,NIFTY2621026400CE,26400.0,2026-02-10,412.9,
2026-01-07 14:16:12+05:30,NIFTY2621026400CE,26400.0,2026-02-10,412.9,
2026-01-07 14:16:13+05:30,NIFTY2621026400CE,26400.0,2026-02-10,412.9,
2026-01-07 14:16:14+05:30,NIFTY2621026400CE,26400.0,2026-02-10,412.9,
2026-01-07 14:16:15+05:30,NIFTY2621026400CE,26400.0,2026-02-10,412.9,
2026-01-07 14:16:16+05:30,NIFTY2621026400CE,26400.0,2026-02-10,412.9,
2026-01-07 14:16:17+05:30,NIFTY2621026400CE,26400.0,2026-02-10,412.9,
2026-01-07 14:16:18+05:30,NIFTY2621026400CE,26400.0,2026-02-10,412.9,
2026-01-07 14:16:19+05:30,NIFTY2621026400CE,26400.0,2026-02-10,412.9,
2026-01-07 14:16:20+05:30,NIFTY2621026400CE,26400.0,2026-02-10,412.9,
2026-01-07 14:16:21+05:30,NIFTY2621026400CE,26400.0,2026-02-10,412.9,
2026-01-07 14:16:22+05:30,NIFTY2621026400CE,26400.0,2026-02-10,412.9,
2026-01-07 14:16:23+05:30,NIFTY2621026400CE,26400.0,2026-02-10,412.9,
2026-01-07 14:16:24+05:30,NIFTY2621026400CE,26400.0,2026-02-10,412.9,
2026-01-07 14:16:25+05:30,NIFTY2621026400CE,26400.0,2026-02-10,412.9,
2026-01-07 14:16:26+05:30,NIFTY2621026400CE,26400.0,2026-02-10,412.9,
2026-01-07 14:16:27+05:30,NIFTY2621026400CE,26400.0,2026-02-10,412.9,
2026-01-07 14:16:28+05:30,NIFTY2621026400CE,26400.0,2026-02-10,412.9,
2026-01-07 14:16:29+05:30,NIFTY2621026400CE,26400.0,2026-02-10,412.9,
2026-01-07 14:16:30+05:30,NIFTY2621026400CE,26400.0,2026-02-10,412.9,
2026-01-07 14:16:31+05:30,NIFTY2621026400CE,26400.0,2026-02-10,412.9,
2026-01-07 14:16:32+05:30,NIFTY2621026400CE,26400.0,2026-02-10,412.9,
2026-01-07 14:16:33+05:30,NIFTY2621026400CE,26400.0,2026-02-10,412.9,
2026-01-07 14:16:34+05:30,NIFTY2621026400CE,26400.0,2026-02-10,412.9,
2026-01-07 14:16:35+05:30,NIFTY2621026400CE,26400.0,2026-02-10,412.9,
2026-01-07 14:16:36+05:30,NIFTY2621026400CE,26400.0,2026-02-10,412.9,
2026-01-07 14:16:37+05:30,NIFTY2621026400CE,26400.0,2026-02-10,412.9,
2026-01-07 14:16:38+05:30,NIFTY2621026400CE,26400.0,2026-02-10,412.9,
2026-01-07 14:16:39+05:30,NIFTY2621026400CE,26400.0,2026-02-10,412.9,
2026-01-07 14:16:40+05:30,NIFTY2621026400CE,26400.0,2026-02-10,412.9,
2026-01-07 14:16:41+05:30,NIFTY2621026400CE,26400.0,2026-02-10,412.9,
2026-01-07 14:16:42+05:30,NIFTY2621026400CE,26400.0,2026-02-10,412.9,
2026-01-07 14:16:43+05:30,NIFTY2621026400CE,26400.0,2026-02-10,412.9,
2026-01-07 14:16:44+05:30,NIFTY2621026400CE,26400.0,2026-02-10,412.9,
2026-01-07 14:16:45+05:30,NIFTY2621026400CE,26400.0,2026-02-10,412.9,
2026-01-07 14:16:46+05:30,NIFTY2621026400CE,26400.0,2026-02-10,412.9,
2026-01-07 14:16:47+05:30,NIFTY2621026400CE,26400.0,2026-02-10,412.9,
2026-01-07 14:16:48+05:30,NIFTY2621026400CE,26400.0,2026-02-10,412.9,
2026-01-07 14:16:49+05:30,NIFTY2621026400CE,26400.0,2026-02-10,412.9,
2026-01-07 14:16:50+05:30,NIFTY2621026400CE,26400.0,2026-02-10,412.9,
2026-01-07 14:16:51+05:30,NIFTY2621026400CE,26400.0,2026-02-10,412.9,
2026-01-07 14:16:52+05:30,NIFTY2621026400CE,26400.0,2026-02-10,412.9,
2026-01-07 14:16:53+05:30,NIFTY2621026400CE,26400.0,2026-02-10,412.9,
2026-01-07 14:16:54+05:30,NIFTY2621026400CE,26400.0,2026-02-10,412.9,
2026-01-07 14:16:55+05:30,NIFTY2621026400CE,26400.0,2026-02-10,412.9,
2026-01-07 14:16:56+05:30,NIFTY2621026400CE,26400.0,2026-02-10,412.9,
2026-01-07 14:16:57+05:30,NIFTY2621026400CE,26400.0,2026-02-10,412.9,
2026-01-07 14:16:58+05:30,NIFTY2621026400CE,26400.0,2026-02-10,412.9,
2026-01-07 14:16:59+05:30,NIFTY2621026400CE,26400.0,2026-02-10,412.9,
2026-01-07 14:17:00+05:30,NIFTY2621026400CE,26400.0,2026-02-10,412.9,
2026-01-07 14:17:01+05:30,NIFTY2621026400CE,26400.0,2026-02-10,412.9,
2026-01-07 14:17:02+05:30,NIFTY2621026400CE,26400.0,2026-02-10,412.9,
2026-01-07 14:17:03+05:30,NIFTY2621026400CE,26400.0,2026-02-10,412.9,
2026-01-07 14:17:04+05:30,NIFTY2621026400CE,26400.0,2026-02-10,412.9,
2026-01-07 14:17:05+05:30,NIFTY2621026400CE,26400.0,2026-02-10,412.9,
2026-01-07 14:17:06+05:30,NIFTY2621026400CE,26400.0,2026-02-10,412.9,
2026-01-07 14:17:07+05:30,NIFTY2621026400CE,26400.0,2026-02-10,412.9,
2026-01-07 14:17:08+05:30,NIFTY2621026400CE,26400.0,2026-02-10,412.9,
2026-01-07 14:17:09+05:30,NIFTY2621026400CE,26400.0,2026-02-10,412.9,
2026-01-07 14:17:10+05:30,NIFTY2621026400CE,26400.0,2026-02-10,412.9,
2026-01-07 14:17:11+05:30,NIFTY2621026400CE,26400.0,2026-02-10,412.9,
2026-01-07 14:17:12+05:30,NIFTY2621026400CE,26400.0,2026-02-10,412.9,
2026-01-07 14:17:13+05:30,NIFTY2621026400CE,26400.0,2026-02-10,412.9,
2026-01-07 14:17:14+05:30,NIFTY2621026400CE,26400.0,2026-02-10,412.9,
2026-01-07 14:17:15+05:30,NIFTY2621026400CE,26400.0,2026-02-10,412.9,
2026-01-07 14:17:16+05:30,NIFTY2621026400CE,26400.0,2026-02-10,412.9,
2026-01-07 14:17:17+05:30,NIFTY2621026400CE,26400.0,2026-02-10,412.9,
2026-01-07 14:17:18+05:30,NIFTY2621026400CE,26400.0,2026-02-10,412.9,
2026-01-07 14:17:19+05:30,NIFTY2621026400CE,26400.0,2026-02-10,412.9,
2026-01-07 14:17:20+05:30,NIFTY2621026400CE,26400.0,2026-02-10,412.9,
2026-01-07 14:17:21+05:30,NIFTY2621026400CE,26400.0,2026-02-10,412.9,
2026-01-07 14:17:22+05:30,NIFTY2621026400CE,26400.0,2026-02-10,412.9,
2026-01-07 14:17:23+05:30,NIFTY2621026400CE,26400.0,2026-02-10,412.9,
2026-01-07 14:17:24+05:30,NIFTY2621026400CE,26400.0,2026-02-10,412.9,
2026-01-07 14:17:25+05:30,NIFTY2621026400CE,26400.0,2026-02-10,412.9,
2026-01-07 14:17:26+05:30,NIFTY2621026400CE,26400.0,2026-02-10,412.9,
2026-01-07 14:17:27+05:30,NIFTY2621026400CE,26400.0,2026-02-10,412.9,
2026-01-07 14:17:28+05:30,NIFTY2621026400CE,26400.0,2026-02-10,412.9,
2026-01-07 14:17:29+05:30,NIFTY2621026400CE,26400.0,2026-02-10,412.9,
2026-01-07 14:17:30+05:30,NIFTY2621026400CE,26400.0,2026-02-10,412.9,
2026-01-07 14:17:31+05:30,NIFTY2621026400CE,26400.0,2026-02-10,412.9,
2026-01-07 14:17:32+05:30,NIFTY2621026400CE,26400.0,2026-02-10,412.9,
2026-01-07 14:17:33+05:30,NIFTY2621026400CE,26400.0,2026-02-10,412.9,
2026-01-07 14:17:34+05:30,NIFTY2621026400CE,26400.0,2026-02-10,412.9,
2026-01-07 14:17:35+05:30,NIFTY2621026400CE,26400.0,2026-02-10,412.9,
2026-01-07 14:17:36+05:30,NIFTY2621026400CE,26400.0,2026-02-10,412.9,
2026-01-07 14:17:37+05:30,NIFTY2621026400CE,26400.0,2026-02-10,412.9,
2026-01-07 14:17:38+05:30,NIFTY2621026400CE,26400.0,2026-02-10,412.9,
2026-01-07 14:17:39+05:30,NIFTY2621026400CE,26400.0,2026-02-10,412.9,
2026-01-07 14:17:40+05:30,NIFTY2621026400CE,26400.0,2026-02-10,412.9,
2026-01-07 14:17:41+05:30,NIFTY2621026400CE,26400.0,2026-02-10,412.9,
2026-01-07 14:17:42+05:30,NIFTY2621026400CE,26400.0,2026-02-10,412.9,
2026-01-07 14:17:43+05:30,NIFTY2621026400CE,26400.0,2026-02-10,412.9,
2026-01-07 14:17:44+05:30,NIFTY2621026400CE,26400.0,2026-02-10,412.9,
2026-01-07 14:17:45+05:30,NIFTY2621026400CE,26400.0,2026-02-10,412.9,
2026-01-07 14:17:46+05:30,NIFTY2621026400CE,26400.0,2026-02-10,412.9,
2026-01-07 14:17:47+05:30,NIFTY2621026400CE,26400.0,2026-02-10,412.9,
2026-01-07 14:17:48+05:30,NIFTY2621026400CE,26400.0,2026-02-10,412.9,
2026-01-07 14:17:49+05:30,NIFTY2621026400CE,26400.0,2026-02-10,412.9,
2026-01-07 14:17:50+05:30,NIFTY2621026400CE,26400.0,2026-02-10,412.9,
2026-01-07 14:17:51+05:30,NIFTY2621026400CE,26400.0,2026-02-10,412.9,
2026-01-07 14:17:52+05:30,NIFTY2621026400CE,26400.0,2026-02-10,412.9,
2026-01-07 14:17:53+05:30,NIFTY2621026400CE,26400.0,2026-02-10,412.9,
2026-01-07 14:17:54+05:30,NIFTY2621026400CE,26400.0,2026-02-10,412.9,
2026-01-07 14:17:55+05:30,NIFTY2621026400CE,26400.0,2026-02-10,412.9,
2026-01-07 14:17:56+05:30,NIFTY2621026400CE,26400.0,2026-02-10,412.9,
2026-01-07 14:17:57+05:30,NIFTY2621026400CE,26400.0,2026-02-10,412.9,
2026-01-07 14:17:58+05:30,NIFTY2621026400CE,26400.0,2026-02-10,412.9,
2026-01-07 14:17:59+05:30,NIFTY2621026400CE,26400.0,2026-02-10,412.9,
2026-01-07 14:18:00+05:30,NIFTY2621026400CE,26400.0,2026-02-10,412.9,
2026-01-07 14:18:01+05:30,NIFTY2621026400CE,26400.0,2026-02-10,412.9,
2026-01-07 14:18:02+05:30,NIFTY2621026400CE,26400.0,2026-02-10,412.9,
2026-01-07 14:18:03+05:30,NIFTY2621026400CE,26400.0,2026-02-10,412.9,
2026-01-07 14:18:04+05:30,NIFTY2621026400CE,26400.0,2026-02-10,412.9,
2026-01-07 14:18:05+05:30,NIFTY2621026400CE,26400.0,2026-02-10,412.9,
2026-01-07 14:18:06+05:30,NIFTY2621026400CE,26400.0,2026-02-10,412.9,
2026-01-07 14:18:07+05:30,NIFTY2621026400CE,26400.0,2026-02-10,412.9,
2026-01-07 14:18:08+05:30,NIFTY2621026400CE,26400.0,2026-02-10,412.9,
2026-01-07 14:18:09+05:30,NIFTY2621026400CE,26400.0,2026-02-10,412.9,
2026-01-07 14:18:10+05:30,NIFTY2621026400CE,26400.0,2026-02-10,412.9,
2026-01-07 14:18:11+05:30,NIFTY2621026400CE,26400.0,2026-02-10,412.9,
2026-01-07 14:18:12+05:30,NIFTY2621026400CE,26400.0,2026-02-10,412.9,
2026-01-07 14:18:13+05:30,NIFTY2621026400CE,26400.0,2026-02-10,412.9,
2026-01-07 14:18:14+05:30,NIFTY2621026400CE,26400.0,2026-02-10,412.9,
2026-01-07 14:18:15+05:30,NIFTY2621026400CE,26400.0,2026-02-10,412.9,
2026-01-07 14:18:16+05:30,NIFTY2621026400CE,26400.0,2026-02-10,412.9,
2026-01-07 14:18:17+05:30,NIFTY2621026400CE,26400.0,2026-02-10,412.9,
2026-01-07 14:18:18+05:30,NIFTY2621026400CE,26400.0,2026-02-10,412.9,
2026-01-07 14:18:19+05:30,NIFTY2621026400CE,26400.0,2026-02-10,412.9,
2026-01-07 14:18:20+05:30,NIFTY2621026400CE,26400.0,2026-02-10,412.9,
2026-01-07 14:18:21+05:30,NIFTY2621026400CE,26400.0,2026-02-10,412.9,
2026-01-07 14:18:22+05:30,NIFTY2621026400CE,26400.0,2026-02-10,412.9,
2026-01-07 14:18:23+05:30,NIFTY2621026400CE,26400.0,2026-02-10,412.9,
2026-01-07 14:18:24+05:30,NIFTY2621026400CE,26400.0,2026-02-10,412.9,
2026-01-07 14:18:25+05:30,NIFTY2621026400CE,26400.0,2026-02-10,412.9,
2026-01-07 14:18:26+05:30,NIFTY2621026400CE,26400.0,2026-02-10,412.9,
2026-01-07 14:18:27+05:30,NIFTY2621026400CE,26400.0,2026-02-10,412.9,
2026-01-07 14:18:28+05:30,NIFTY2621026400CE,26400.0,2026-02-10,412.9,
2026-01-07 14:18:29+05:30,NIFTY2621026400CE,26400.0,2026-02-10,412.9,
2026-01-07 14:18:30+05:30,NIFTY2621026400CE,26400.0,2026-02-10,412.9,
2026-01-07 14:18:31+05:30,NIFTY2621026400CE,26400.0,2026-02-10,412.9,
2026-01-07 14:18:32+05:30,NIFTY2621026400CE,26400.0,2026-02-10,412.9,
2026-01-07 14:18:33+05:30,NIFTY2621026400CE,26400.0,2026-02-10,412.9,
2026-01-07 14:18:34+05:30,NIFTY2621026400CE,26400.0,2026-02-10,412.9,
2026-01-07 14:18:35+05:30,NIFTY2621026400CE,26400.0,2026-02-10,412.9,
2026-01-07 14:18:36+05:30,NIFTY2621026400CE,26400.0,2026-02-10,412.9,
2026-01-07 14:18:37+05:30,NIFTY2621026400CE,26400.0,2026-02-10,412.9,
2026-01-07 14:18:38+05:30,NIFTY2621026400CE,26400.0,2026-02-10,412.9,
2026-01-07 14:18:39+05:30,NIFTY2621026400CE,26400.0,2026-02-10,412.9,
2026-01-07 14:18:40+05:30,NIFTY2621026400CE,26400.0,2026-02-10,412.9,
2026-01-07 14:18:41+05:30,NIFTY2621026400CE,26400.0,2026-02-10,412.9,
2026-01-07 14:18:42+05:30,NIFTY2621026400CE,26400.0,2026-02-10,412.9,
2026-01-07 14:18:43+05:30,NIFTY2621026400CE,26400.0,2026-02-10,412.9,
2026-01-07 14:18:44+05:30,NIFTY2621026400CE,26400.0,2026-02-10,412.9,
2026-01-07 14:18:45+05:30,NIFTY2621026400CE,26400.0,2026-02-10,412.9,
2026-01-07 14:18:46+05:30,NIFTY2621026400CE,26400.0,2026-02-10,412.9,
2026-01-07 14:18:47+05:30,NIFTY2621026400CE,26400.0,2026-02-10,412.9,
2026-01-07 14:18:48+05:30,NIFTY2621026400CE,26400.0,2026-02-10,412.9,
2026-01-07 14:18:49+05:30,NIFTY2621026400CE,26400.0,2026-02-10,412.9,
2026-01-07 14:18:50+05:30,NIFTY2621026400CE,26400.0,2026-02-10,412.9,
2026-01-07 14:18:51+05:30,NIFTY2621026400CE,26400.0,2026-02-10,412.9,
2026-01-07 14:18:52+05:30,NIFTY2621026400CE,26400.0,2026-02-10,412.9,
2026-01-07 14:18:53+05:30,NIFTY2621026400CE,26400.0,2026-02-10,412.9,
2026-01-07 14:18:54+05:30,NIFTY2621026400CE,26400.0,2026-02-10,412.9,
2026-01-07 14:18:55+05:30,NIFTY2621026400CE,26400.0,2026-02-10,412.9,
2026-01-07 14:18:56+05:30,NIFTY2621026400CE,26400.0,2026-02-10,412.9,
2026-01-07 14:18:57+05:30,NIFTY2621026400CE,26400.0,2026-02-10,412.9,
2026-01-07 14:18:58+05:30,NIFTY2621026400CE,26400.0,2026-02-10,412.9,
2026-01-07 14:18:59+05:30,NIFTY2621026400CE,26400.0,2026-02-10,412.9,
2026-01-07 14:19:00+05:30,NIFTY2621026400CE,26400.0,2026-02-10,412.9,
2026-01-07 14:19:01+05:30,NIFTY2621026400CE,26400.0,2026-02-10,412.9,
2026-01-07 14:19:02+05:30,NIFTY2621026400CE,26400.0,2026-02-10,412.9,
2026-01-07 14:19:03+05:30,NIFTY2621026400CE,26400.0,2026-02-10,412.9,
2026-01-07 14:19:04+05:30,NIFTY2621026400CE,26400.0,2026-02-10,412.9,
2026-01-07 14:19:05+05:30,NIFTY2621026400CE,26400.0,2026-02-10,412.9,
2026-01-07 14:19:06+05:30,NIFTY2621026400CE,26400.0,2026-02-10,412.9,
2026-01-07 14:19:07+05:30,NIFTY2621026400CE,26400.0,2026-02-10,412.9,
2026-01-07 14:19:08+05:30,NIFTY2621026400CE,26400.0,2026-02-10,412.9,
2026-01-07 14:19:09+05:30,NIFTY2621026400CE,26400.0,2026-02-10,412.9,
2026-01-07 14:19:10+05:30,NIFTY2621026400CE,26400.0,2026-02-10,412.9,
2026-01-07 14:19:11+05:30,NIFTY2621026400CE,26400.0,2026-02-10,412.9,
2026-01-07 14:19:12+05:30,NIFTY2621026400CE,26400.0,2026-02-10,412.9,
2026-01-07 14:19:13+05:30,NIFTY2621026400CE,26400.0,2026-02-10,412.9,
2026-01-07 14:19:14+05:30,NIFTY2621026400CE,26400.0,2026-02-10,412.9,
2026-01-07 14:19:15+05:30,NIFTY2621026400CE,26400.0,2026-02-10,412.9,
2026-01-07 14:19:16+05:30,NIFTY2621026400CE,26400.0,2026-02-10,412.9,
2026-01-07 14:19:17+05:30,NIFTY2621026400CE,26400.0,2026-02-10,412.9,
2026-01-07 14:19:18+05:30,NIFTY2621026400CE,26400.0,2026-02-10,412.9,
2026-01-07 14:19:19+05:30,NIFTY2621026400CE,26400.0,2026-02-10,412.9,
2026-01-07 14:19:20+05:30,NIFTY2621026400CE,26400.0,2026-02-10,412.9,
2026-01-07 14:19:21+05:30,NIFTY2621026400CE,26400.0,2026-02-10,412.9,
2026-01-07 14:19:22+05:30,NIFTY2621026400CE,26400.0,2026-02-10,412.9,
2026-01-07 14:19:23+05:30,NIFTY2621026400CE,26400.0,2026-02-10,412.9,
2026-01-07 14:19:24+05:30,NIFTY2621026400CE,26400.0,2026-02-10,412.9,
2026-01-07 14:19:25+05:30,NIFTY2621026400CE,26400.0,2026-02-10,412.9,
2026-01-07 14:19:26+05:30,NIFTY2621026400CE,26400.0,2026-02-10,412.9,
2026-01-07 14:19:27+05:30,NIFTY2621026400CE,26400.0,2026-02-10,412.9,
2026-01-07 14:19:28+05:30,NIFTY2621026400CE,26400.0,2026-02-10,412.9,
2026-01-07 14:19:29+05:30,NIFTY2621026400CE,26400.0,2026-02-10,412.9,
2026-01-07 14:19:30+05:30,NIFTY2621026400CE,26400.0,2026-02-10,412.9,
2026-01-07 14:19:31+05:30,NIFTY2621026400CE,26400.0,2026-02-10,412.9,
2026-01-07 14:19:32+05:30,NIFTY2621026400CE,26400.0,2026-02-10,412.9,
2026-01-07 14:19:33+05:30,NIFTY2621026400CE,26400.0,2026-02-10,412.9,
2026-01-07 14:19:34+05:30,NIFTY2621026400CE,26400.0,2026-02-10,412.9,
2026-01-07 14:19:35+05:30,NIFTY2621026400CE,26400.0,2026-02-10,412.9,
2026-01-07 14:19:36+05:30,NIFTY2621026400CE,26400.0,2026-02-10,412.9,
2026-01-07 14:19:37+05:30,NIFTY2621026400CE,26400.0,2026-02-10,412.9,
2026-01-07 14:19:38+05:30,NIFTY2621026400CE,26400.0,2026-02-10,412.9,
2026-01-07 14:19:39+05:30,NIFTY2621026400CE,26400.0,2026-02-10,412.9,
2026-01-07 14:19:40+05:30,NIFTY2621026400CE,26400.0,2026-02-10,412.9,
2026-01-07 14:19:41+05:30,NIFTY2621026400CE,26400.0,2026-02-10,412.9,
2026-01-07 14:19:42+05:30,NIFTY2621026400CE,26400.0,2026-02-10,412.9,
2026-01-07 14:19:43+05:30,NIFTY2621026400CE,26400.0,2026-02-10,412.9,
2026-01-07 14:19:44+05:30,NIFTY2621026400CE,26400.0,2026-02-10,412.9,
2026-01-07 14:19:45+05:30,NIFTY2621026400CE,26400.0,2026-02-10,412.9,
2026-01-07 14:19:46+05:30,NIFTY2621026400CE,26400.0,2026-02-10,412.9,
2026-01-07 14:19:47+05:30,NIFTY2621026400CE,26400.0,2026-02-10,412.9,
2026-01-07 14:19:48+05:30,NIFTY2621026400CE,26400.0,2026-02-10,412.9,
2026-01-07 14:19:49+05:30,NIFTY2621026400CE,26400.0,2026-02-10,412.9,
2026-01-07 14:19:50+05:30,NIFTY2621026400CE,26400.0,2026-02-10,412.9,
2026-01-07 14:19:51+05:30,NIFTY2621026400CE,26400.0,2026-02-10,412.9,
2026-01-07 14:19:52+05:30,NIFTY2621026400CE,26400.0,2026-02-10,412.9,
2026-01-07 14:19:53+05:30,NIFTY2621026400CE,26400.0,2026-02-10,412.9,
2026-01-07 14:19:54+05:30,NIFTY2621026400CE,26400.0,2026-02-10,412.9,
2026-01-07 14:19:55+05:30,NIFTY2621026400CE,26400.0,2026-02-10,412.9,
2026-01-07 14:19:56+05:30,NIFTY2621026400CE,26400.0,2026-02-10,412.9,
2026-01-07 14:19:57+05:30,NIFTY2621026400CE,26400.0,2026-02-10,412.9,
2026-01-07 14:19:58+05:30,NIFTY2621026400CE,26400.0,2026-02-10,412.9,
2026-01-07 14:19:59+05:30,NIFTY2621026400CE,26400.0,2026-02-10,412.9,
2026-01-07 14:20:00+05:30,NIFTY2621026400CE,26400.0,2026-02-10,412.9,
2026-01-07 14:20:01+05:30,NIFTY2621026400CE,26400.0,2026-02-10,412.9,
2026-01-07 14:20:02+05:30,NIFTY2621026400CE,26400.0,2026-02-10,412.9,
2026-01-07 14:20:03+05:30,NIFTY2621026400CE,26400.0,2026-02-10,412.9,
2026-01-07 14:20:04+05:30,NIFTY2621026400CE,26400.0,2026-02-10,412.9,
2026-01-07 14:20:05+05:30,NIFTY2621026400CE,26400.0,2026-02-10,412.9,
2026-01-07 14:20:06+05:30,NIFTY2621026400CE,26400.0,2026-02-10,412.9,
2026-01-07 14:20:07+05:30,NIFTY2621026400CE,26400.0,2026-02-10,412.9,
2026-01-07 14:20:08+05:30,NIFTY2621026400CE,26400.0,2026-02-10,412.9,
2026-01-07 14:20:09+05:30,NIFTY2621026400CE,26400.0,2026-02-10,412.9,
2026-01-07 14:20:10+05:30,NIFTY2621026400CE,26400.0,2026-02-10,412.9,
2026-01-07 14:20:11+05:30,NIFTY2621026400CE,26400.0,2026-02-10,412.9,
2026-01-07 14:20:12+05:30,NIFTY2621026400CE,26400.0,2026-02-10,412.9,
2026-01-07 14:20:13+05:30,NIFTY2621026400CE,26400.0,2026-02-10,412.9,
2026-01-07 14:20:14+05:30,NIFTY2621026400CE,26400.0,2026-02-10,412.9,
2026-01-07 14:20:15+05:30,NIFTY2621026400CE,26400.0,2026-02-10,412.9,
2026-01-07 14:20:16+05:30,NIFTY2621026400CE,26400.0,2026-02-10,412.9,
2026-01-07 14:20:17+05:30,NIFTY2621026400CE,26400.0,2026-02-10,412.9,
2026-01-07 14:20:18+05:30,NIFTY2621026400CE,26400.0,2026-02-10,412.9,
2026-01-07 14:20:19+05:30,NIFTY2621026400CE,26400.0,2026-02-10,412.9,
2026-01-07 14:20:20+05:30,NIFTY2621026400CE,26400.0,2026-02-10,412.9,
2026-01-07 14:20:21+05:30,NIFTY2621026400CE,26400.0,2026-02-10,412.9,
2026-01-07 14:20:22+05:30,NIFTY2621026400CE,26400.0,2026-02-10,412.9,
2026-01-07 14:20:23+05:30,NIFTY2621026400CE,26400.0,2026-02-10,412.9,
2026-01-07 14:20:24+05:30,NIFTY2621026400CE,26400.0,2026-02-10,412.9,
2026-01-07 14:20:25+05:30,NIFTY2621026400CE,26400.0,2026-02-10,412.9,
2026-01-07 14:20:26+05:30,NIFTY2621026400CE,26400.0,2026-02-10,412.9,
2026-01-07 14:20:27+05:30,NIFTY2621026400CE,26400.0,2026-02-10,412.9,
2026-01-07 14:20:28+05:30,NIFTY2621026400CE,26400.0,2026-02-10,412.9,
2026-01-07 14:20:29+05:30,NIFTY2621026400CE,26400.0,2026-02-10,412.9,
2026-01-07 14:20:30+05:30,NIFTY2621026400CE,26400.0,2026-02-10,412.9,
2026-01-07 14:20:31+05:30,NIFTY2621026400CE,26400.0,2026-02-10,412.9,
2026-01-07 14:20:32+05:30,NIFTY2621026400CE,26400.0,2026-02-10,412.9,
2026-01-07 14:20:33+05:30,NIFTY2621026400CE,26400.0,2026-02-10,412.9,
2026-01-07 14:20:34+05:30,NIFTY2621026400CE,26400.0,2026-02-10,412.9,
2026-01-07 14:20:35+05:30,NIFTY2621026400CE,26400.0,2026-02-10,412.9,
2026-01-07 14:20:36+05:30,NIFTY2621026400CE,26400.0,2026-02-10,412.9,
2026-01-07 14:20:37+05:30,NIFTY2621026400CE,26400.0,2026-02-10,412.9,
2026-01-07 14:20:38+05:30,NIFTY2621026400CE,26400.0,2026-02-10,412.9,
2026-01-07 14:20:39+05:30,NIFTY2621026400CE,26400.0,2026-02-10,412.9,
2026-01-07 14:20:40+05:30,NIFTY2621026400CE,26400.0,2026-02-10,412.9,
2026-01-07 14:20:41+05:30,NIFTY2621026400CE,26400.0,2026-02-10,412.9,
2026-01-07 14:20:42+05:30,NIFTY2621026400CE,26400.0,2026-02-10,412.9,
2026-01-07 14:20:43+05:30,NIFTY2621026400CE,26400.0,2026-02-10,412.9,
2026-01-07 14:20:44+05:30,NIFTY2621026400CE,26400.0,2026-02-10,412.9,
2026-01-07 14:20:45+05:30,NIFTY2621026400CE,26400.0,2026-02-10,412.9,
2026-01-07 14:20:46+05:30,NIFTY2621026400CE,26400.0,2026-02-10,412.9,
2026-01-07 14:20:47+05:30,NIFTY2621026400CE,26400.0,2026-02-10,412.9,
2026-01-07 14:20:48+05:30,NIFTY2621026400CE,26400.0,2026-02-10,412.9,
2026-01-07 14:20:49+05:30,NIFTY2621026400CE,26400.0,2026-02-10,412.9,
2026-01-07 14:20:50+05:30,NIFTY2621026400CE,26400.0,2026-02-10,412.9,
2026-01-07 14:20:51+05:30,NIFTY2621026400CE,26400.0,2026-02-10,412.9,
2026-01-07 14:20:52+05:30,NIFTY2621026400CE,26400.0,2026-02-10,412.9,
2026-01-07 14:20:53+05:30,NIFTY2621026400CE,26400.0,2026-02-10,412.9,
2026-01-07 14:20:54+05:30,NIFTY2621026400CE,26400.0,2026-02-10,412.9,
2026-01-07 14:20:55+05:30,NIFTY2621026400CE,26400.0,2026-02-10,412.9,
2026-01-07 14:20:56+05:30,NIFTY2621026400CE,26400.0,2026-02-10,412.9,
2026-01-07 14:20:57+05:30,NIFTY2621026400CE,26400.0,2026-02-10,412.9,
2026-01-07 14:20:58+05:30,NIFTY2621026400CE,26400.0,2026-02-10,412.9,
2026-01-07 14:20:59+05:30,NIFTY2621026400CE,26400.0,2026-02-10,412.9,
2026-01-07 14:21:00+05:30,NIFTY2621026400CE,26400.0,2026-02-10,412.9,
2026-01-07 14:21:01+05:30,NIFTY2621026400CE,26400.0,2026-02-10,412.9,
2026-01-07 14:21:02+05:30,NIFTY2621026400CE,26400.0,2026-02-10,412.9,
2026-01-07 14:21:03+05:30,NIFTY2621026400CE,26400.0,2026-02-10,412.9,
2026-01-07 14:21:04+05:30,NIFTY2621026400CE,26400.0,2026-02-10,412.9,
2026-01-07 14:21:05+05:30,NIFTY2621026400CE,26400.0,2026-02-10,412.9,
2026-01-07 14:21:06+05:30,NIFTY2621026400CE,26400.0,2026-02-10,412.9,
2026-01-07 14:21:07+05:30,NIFTY2621026400CE,26400.0,2026-02-10,412.9,
2026-01-07 14:21:08+05:30,NIFTY2621026400CE,26400.0,2026-02-10,412.9,
2026-01-07 14:21:09+05:30,NIFTY2621026400CE,26400.0,2026-02-10,412.9,
2026-01-07 14:21:10+05:30,NIFTY2621026400CE,26400.0,2026-02-10,412.9,
2026-01-07 14:21:11+05:30,NIFTY2621026400CE,26400.0,2026-02-10,412.9,
2026-01-07 14:21:12+05:30,NIFTY2621026400CE,26400.0,2026-02-10,412.9,
2026-01-07 14:21:13+05:30,NIFTY2621026400CE,26400.0,2026-02-10,412.9,
2026-01-07 14:21:14+05:30,NIFTY2621026400CE,26400.0,2026-02-10,412.9,
2026-01-07 14:21:15+05:30,NIFTY2621026400CE,26400.0,2026-02-10,412.9,
2026-01-07 14:21:16+05:30,NIFTY2621026400CE,26400.0,2026-02-10,412.9,
2026-01-07 14:21:17+05:30,NIFTY2621026400CE,26400.0,2026-02-10,412.9,
2026-01-07 14:21:18+05:30,NIFTY2621026400CE,26400.0,2026-02-10,412.9,
2026-01-07 14:21:19+05:30,NIFTY2621026400CE,26400.0,2026-02-10,412.9,
2026-01-07 14:21:20+05:30,NIFTY2621026400CE,26400.0,2026-02-10,412.9,
2026-01-07 14:21:21+05:30,NIFTY2621026400CE,26400.0,2026-02-10,412.9,
2026-01-07 14:21:22+05:30,NIFTY2621026400CE,26400.0,2026-02-10,412.9,
2026-01-07 14:21:23+05:30,NIFTY2621026400CE,26400.0,2026-02-10,412.9,
2026-01-07 14:21:24+05:30,NIFTY2621026400CE,26400.0,2026-02-10,412.9,
2026-01-07 14:21:25+05:30,NIFTY2621026400CE,26400.0,2026-02-10,412.9,
2026-01-07 14:21:26+05:30,NIFTY2621026400CE,26400.0,2026-02-10,412.9,
2026-01-07 14:21:27+05:30,NIFTY2621026400CE,26400.0,2026-02-10,412.9,
2026-01-07 14:21:28+05:30,NIFTY2621026400CE,26400.0,2026-02-10,412.9,
2026-01-07 14:21:29+05:30,NIFTY2621026400CE,26400.0,2026-02-10,412.9,
2026-01-07 14:21:30+05:30,NIFTY2621026400CE,26400.0,2026-02-10,412.9,
2026-01-07 14:21:31+05:30,NIFTY2621026400CE,26400.0,2026-02-10,412.9,
2026-01-07 14:21:32+05:30,NIFTY2621026400CE,26400.0,2026-02-10,412.9,
2026-01-07 14:21:33+05:30,NIFTY2621026400CE,26400.0,2026-02-10,412.9,
2026-01-07 14:21:34+05:30,NIFTY2621026400CE,26400.0,2026-02-10,412.9,
2026-01-07 14:21:35+05:30,NIFTY2621026400CE,26400.0,2026-02-10,412.9,
2026-01-07 14:21:36+05:30,NIFTY2621026400CE,26400.0,2026-02-10,412.9,
2026-01-07 14:21:37+05:30,NIFTY2621026400CE,26400.0,2026-02-10,412.9,
2026-01-07 14:21:38+05:30,NIFTY2621026400CE,26400.0,2026-02-10,412.9,
2026-01-07 14:21:39+05:30,NIFTY2621026400CE,26400.0,2026-02-10,412.9,
2026-01-07 14:21:40+05:30,NIFTY2621026400CE,26400.0,2026-02-10,412.9,
2026-01-07 14:21:41+05:30,NIFTY2621026400CE,26400.0,2026-02-10,412.9,
2026-01-07 14:21:42+05:30,NIFTY2621026400CE,26400.0,2026-02-10,412.9,
2026-01-07 14:21:43+05:30,NIFTY2621026400CE,26400.0,2026-02-10,412.9,
2026-01-07 14:21:44+05:30,NIFTY2621026400CE,26400.0,2026-02-10,412.9,
2026-01-07 14:21:45+05:30,NIFTY2621026400CE,26400.0,2026-02-10,412.9,
2026-01-07 14:21:46+05:30,NIFTY2621026400CE,26400.0,2026-02-10,412.9,
2026-01-07 14:21:47+05:30,NIFTY2621026400CE,26400.0,2026-02-10,412.9,
2026-01-07 14:21:48+05:30,NIFTY2621026400CE,26400.0,2026-02-10,412.9,
2026-01-07 14:21:49+05:30,NIFTY2621026400CE,26400.0,2026-02-10,412.9,
2026-01-07 14:21:50+05:30,NIFTY2621026400CE,26400.0,2026-02-10,412.9,
2026-01-07 14:21:51+05:30,NIFTY2621026400CE,26400.0,2026-02-10,412.9,
2026-01-07 14:21:52+05:30,NIFTY2621026400CE,26400.0,2026-02-10,412.9,
2026-01-07 14:21:53+05:30,NIFTY2621026400CE,26400.0,2026-02-10,412.9,
2026-01-07 14:21:54+05:30,NIFTY2621026400CE,26400.0,2026-02-10,412.9,
2026-01-07 14:21:55+05:30,NIFTY2621026400CE,26400.0,2026-02-10,412.9,
2026-01-07 14:21:56+05:30,NIFTY2621026400CE,26400.0,2026-02-10,412.9,
2026-01-07 14:21:57+05:30,NIFTY2621026400CE,26400.0,2026-02-10,412.9,
2026-01-07 14:21:58+05:30,NIFTY2621026400CE,26400.0,2026-02-10,412.9,
2026-01-07 14:21:59+05:30,NIFTY2621026400CE,26400.0,2026-02-10,412.9,
2026-01-07 14:22:00+05:30,NIFTY2621026400CE,26400.0,2026-02-10,412.9,
2026-01-07 14:22:01+05:30,NIFTY2621026400CE,26400.0,2026-02-10,412.9,
2026-01-07 14:22:02+05:30,NIFTY2621026400CE,26400.0,2026-02-10,412.9,
2026-01-07 14:22:03+05:30,NIFTY2621026400CE,26400.0,2026-02-10,412.9,
2026-01-07 14:22:04+05:30,NIFTY2621026400CE,26400.0,2026-02-10,412.9,
2026-01-07 14:22:05+05:30,NIFTY2621026400CE,26400.0,2026-02-10,412.9,
2026-01-07 14:22:06+05:30,NIFTY2621026400CE,26400.0,2026-02-10,412.9,
2026-01-07 14:22:07+05:30,NIFTY2621026400CE,26400.0,2026-02-10,412.9,
2026-01-07 14:22:08+05:30,NIFTY2621026400CE,26400.0,2026-02-10,412.9,
2026-01-07 14:22:09+05:30,NIFTY2621026400CE,26400.0,2026-02-10,412.9,
2026-01-07 14:22:10+05:30,NIFTY2621026400CE,26400.0,2026-02-10,412.9,
2026-01-07 14:22:11+05:30,NIFTY2621026400CE,26400.0,2026-02-10,412.9,
2026-01-07 14:22:12+05:30,NIFTY2621026400CE,26400.0,2026-02-10,412.9,
2026-01-07 14:22:13+05:30,NIFTY2621026400CE,26400.0,2026-02-10,412.9,
2026-01-07 14:22:14+05:30,NIFTY2621026400CE,26400.0,2026-02-10,412.9,
2026-01-07 14:22:15+05:30,NIFTY2621026400CE,26400.0,2026-02-10,412.9,
2026-01-07 14:22:16+05:30,NIFTY2621026400CE,26400.0,2026-02-10,412.9,
2026-01-07 14:22:17+05:30,NIFTY2621026400CE,26400.0,2026-02-10,412.9,
2026-01-07 14:22:18+05:30,NIFTY2621026400CE,26400.0,2026-02-10,412.9,
2026-01-07 14:22:19+05:30,NIFTY2621026400CE,26400.0,2026-02-10,412.9,
2026-01-07 14:22:20+05:30,NIFTY2621026400CE,26400.0,2026-02-10,412.9,
2026-01-07 14:22:21+05:30,NIFTY2621026400CE,26400.0,2026-02-10,412.9,
2026-01-07 14:22:22+05:30,NIFTY2621026400CE,26400.0,2026-02-10,412.9,
2026-01-07 14:22:23+05:30,NIFTY2621026400CE,26400.0,2026-02-10,412.9,
2026-01-07 14:22:24+05:30,NIFTY2621026400CE,26400.0,2026-02-10,412.9,
2026-01-07 14:22:25+05:30,NIFTY2621026400CE,26400.0,2026-02-10,412.9,
2026-01-07 14:22:26+05:30,NIFTY2621026400CE,26400.0,2026-02-10,412.9,
2026-01-07 14:22:27+05:30,NIFTY2621026400CE,26400.0,2026-02-10,412.9,
2026-01-07 14:22:28+05:30,NIFTY2621026400CE,26400.0,2026-02-10,412.9,
2026-01-07 14:22:29+05:30,NIFTY2621026400CE,26400.0,2026-02-10,412.9,
2026-01-07 14:22:30+05:30,NIFTY2621026400CE,26400.0,2026-02-10,412.9,
2026-01-07 14:22:31+05:30,NIFTY2621026400CE,26400.0,2026-02-10,412.9,
2026-01-07 14:22:32+05:30,NIFTY2621026400CE,26400.0,2026-02-10,412.9,
2026-01-07 14:22:33+05:30,NIFTY2621026400CE,26400.0,2026-02-10,412.9,
2026-01-07 14:22:34+05:30,NIFTY2621026400CE,26400.0,2026-02-10,412.9,
2026-01-07 14:22:35+05:30,NIFTY2621026400CE,26400.0,2026-02-10,412.9,
2026-01-07 14:22:36+05:30,NIFTY2621026400CE,26400.0,2026-02-10,412.9,
2026-01-07 14:22:37+05:30,NIFTY2621026400CE,26400.0,2026-02-10,412.9,
2026-01-07 14:22:38+05:30,NIFTY2621026400CE,26400.0,2026-02-10,412.9,
2026-01-07 14:22:39+05:30,NIFTY2621026400CE,26400.0,2026-02-10,412.9,
2026-01-07 14:22:40+05:30,NIFTY2621026400CE,26400.0,2026-02-10,412.9,
2026-01-07 14:22:41+05:30,NIFTY2621026400CE,26400.0,2026-02-10,412.9,
2026-01-07 14:22:42+05:30,NIFTY2621026400CE,26400.0,2026-02-10,412.9,
2026-01-07 14:22:43+05:30,NIFTY2621026400CE,26400.0,2026-02-10,412.9,
2026-01-07 14:22:44+05:30,NIFTY2621026400CE,26400.0,2026-02-10,412.9,
2026-01-07 14:22:45+05:30,NIFTY2621026400CE,26400.0,2026-02-10,412.9,
2026-01-07 14:22:46+05:30,NIFTY2621026400CE,26400.0,2026-02-10,412.9,
2026-01-07 14:22:47+05:30,NIFTY2621026400CE,26400.0,2026-02-10,412.9,
2026-01-07 14:22:48+05:30,NIFTY2621026400CE,26400.0,2026-02-10,412.9,
2026-01-07 14:22:49+05:30,NIFTY2621026400CE,26400.0,2026-02-10,412.9,
2026-01-07 14:22:50+05:30,NIFTY2621026400CE,26400.0,2026-02-10,412.9,
2026-01-07 14:22:51+05:30,NIFTY2621026400CE,26400.0,2026-02-10,412.9,
2026-01-07 14:22:52+05:30,NIFTY2621026400CE,26400.0,2026-02-10,412.9,
2026-01-07 14:22:53+05:30,NIFTY2621026400CE,26400.0,2026-02-10,412.9,
2026-01-07 14:22:54+05:30,NIFTY2621026400CE,26400.0,2026-02-10,412.9,
2026-01-07 14:22:55+05:30,NIFTY2621026400CE,26400.0,2026-02-10,412.9,
2026-01-07 14:22:56+05:30,NIFTY2621026400CE,26400.0,2026-02-10,412.9,
2026-01-07 14:22:57+05:30,NIFTY2621026400CE,26400.0,2026-02-10,412.9,
2026-01-07 14:22:58+05:30,NIFTY2621026400CE,26400.0,2026-02-10,412.9,
2026-01-07 14:22:59+05:30,NIFTY2621026400CE,26400.0,2026-02-10,412.9,
2026-01-07 14:23:00+05:30,NIFTY2621026400CE,26400.0,2026-02-10,412.9,
2026-01-07 14:23:01+05:30,NIFTY2621026400CE,26400.0,2026-02-10,412.9,
2026-01-07 14:23:02+05:30,NIFTY2621026400CE,26400.0,2026-02-10,412.9,
2026-01-07 14:23:03+05:30,NIFTY2621026400CE,26400.0,2026-02-10,412.9,
2026-01-07 14:23:04+05:30,NIFTY2621026400CE,26400.0,2026-02-10,412.9,
2026-01-07 14:23:05+05:30,NIFTY2621026400CE,26400.0,2026-02-10,412.9,
2026-01-07 14:23:06+05:30,NIFTY2621026400CE,26400.0,2026-02-10,412.9,
2026-01-07 14:23:07+05:30,NIFTY2621026400CE,26400.0,2026-02-10,412.9,
2026-01-07 14:23:08+05:30,NIFTY2621026400CE,26400.0,2026-02-10,412.9,
2026-01-07 14:23:09+05:30,NIFTY2621026400CE,26400.0,2026-02-10,412.9,
2026-01-07 14:23:10+05:30,NIFTY2621026400CE,26400.0,2026-02-10,412.9,
2026-01-07 14:23:11+05:30,NIFTY2621026400CE,26400.0,2026-02-10,412.9,
2026-01-07 14:23:12+05:30,NIFTY2621026400CE,26400.0,2026-02-10,412.9,
2026-01-07 14:23:13+05:30,NIFTY2621026400CE,26400.0,2026-02-10,412.9,
2026-01-07 14:23:14+05:30,NIFTY2621026400CE,26400.0,2026-02-10,412.9,
2026-01-07 14:23:15+05:30,NIFTY2621026400CE,26400.0,2026-02-10,412.9,
2026-01-07 14:23:16+05:30,NIFTY2621026400CE,26400.0,2026-02-10,412.9,
2026-01-07 14:23:17+05:30,NIFTY2621026400CE,26400.0,2026-02-10,412.9,
2026-01-07 14:23:18+05:30,NIFTY2621026400CE,26400.0,2026-02-10,412.9,
2026-01-07 14:23:19+05:30,NIFTY2621026400CE,26400.0,2026-02-10,412.9,
2026-01-07 14:23:20+05:30,NIFTY2621026400CE,26400.0,2026-02-10,412.9,
2026-01-07 14:23:21+05:30,NIFTY2621026400CE,26400.0,2026-02-10,412.9,
2026-01-07 14:23:22+05:30,NIFTY2621026400CE,26400.0,2026-02-10,412.9,
2026-01-07 14:23:23+05:30,NIFTY2621026400CE,26400.0,2026-02-10,412.9,
2026-01-07 14:23:24+05:30,NIFTY2621026400CE,26400.0,2026-02-10,412.9,
2026-01-07 14:23:25+05:30,NIFTY2621026400CE,26400.0,2026-02-10,412.9,
2026-01-07 14:23:26+05:30,NIFTY2621026400CE,26400.0,2026-02-10,412.9,
2026-01-07 14:23:27+05:30,NIFTY2621026400CE,26400.0,2026-02-10,412.9,
2026-01-07 14:23:28+05:30,NIFTY2621026400CE,26400.0,2026-02-10,412.9,
2026-01-07 14:23:29+05:30,NIFTY2621026400CE,26400.0,2026-02-10,412.9,
2026-01-07 14:23:30+05:30,NIFTY2621026400CE,26400.0,2026-02-10,412.9,
2026-01-07 14:23:31+05:30,NIFTY2621026400CE,26400.0,2026-02-10,412.9,
2026-01-07 14:23:32+05:30,NIFTY2621026400CE,26400.0,2026-02-10,412.9,
2026-01-07 14:23:33+05:30,NIFTY2621026400CE,26400.0,2026-02-10,412.9,
2026-01-07 14:23:34+05:30,NIFTY2621026400CE,26400.0,2026-02-10,412.9,
2026-01-07 14:23:35+05:30,NIFTY2621026400CE,26400.0,2026-02-10,412.9,
2026-01-07 14:23:36+05:30,NIFTY2621026400CE,26400.0,2026-02-10,412.9,
2026-01-07 14:23:37+05:30,NIFTY2621026400CE,26400.0,2026-02-10,412.9,
2026-01-07 14:23:38+05:30,NIFTY2621026400CE,26400.0,2026-02-10,412.9,
2026-01-07 14:23:39+05:30,NIFTY2621026400CE,26400.0,2026-02-10,412.9,
2026-01-07 14:23:40+05:30,NIFTY2621026400CE,26400.0,2026-02-10,412.9,
2026-01-07 14:23:41+05:30,NIFTY2621026400CE,26400.0,2026-02-10,412.9,
2026-01-07 14:23:42+05:30,NIFTY2621026400CE,26400.0,2026-02-10,412.9,
2026-01-07 14:23:43+05:30,NIFTY2621026400CE,26400.0,2026-02-10,412.9,
2026-01-07 14:23:44+05:30,NIFTY2621026400CE,26400.0,2026-02-10,412.9,
2026-01-07 14:23:45+05:30,NIFTY2621026400CE,26400.0,2026-02-10,412.9,
2026-01-07 14:23:46+05:30,NIFTY2621026400CE,26400.0,2026-02-10,412.9,
2026-01-07 14:23:47+05:30,NIFTY2621026400CE,26400.0,2026-02-10,412.9,
2026-01-07 14:23:48+05:30,NIFTY2621026400CE,26400.0,2026-02-10,412.9,
2026-01-07 14:23:49+05:30,NIFTY2621026400CE,26400.0,2026-02-10,412.9,
2026-01-07 14:23:50+05:30,NIFTY2621026400CE,26400.0,2026-02-10,412.9,
2026-01-07 14:23:51+05:30,NIFTY2621026400CE,26400.0,2026-02-10,412.9,
2026-01-07 14:23:52+05:30,NIFTY2621026400CE,26400.0,2026-02-10,412.9,
2026-01-07 14:23:53+05:30,NIFTY2621026400CE,26400.0,2026-02-10,412.9,
2026-01-07 14:23:54+05:30,NIFTY2621026400CE,26400.0,2026-02-10,412.9,
2026-01-07 14:23:55+05:30,NIFTY2621026400CE,26400.0,2026-02-10,412.9,
2026-01-07 14:23:56+05:30,NIFTY2621026400CE,26400.0,2026-02-10,412.9,
2026-01-07 14:23:57+05:30,NIFTY2621026400CE,26400.0,2026-02-10,412.9,
2026-01-07 14:23:58+05:30,NIFTY2621026400CE,26400.0,2026-02-10,412.9,
2026-01-07 14:23:59+05:30,NIFTY2621026400CE,26400.0,2026-02-10,412.9,
2026-01-07 14:24:00+05:30,NIFTY2621026400CE,26400.0,2026-02-10,412.9,
2026-01-07 14:24:01+05:30,NIFTY2621026400CE,26400.0,2026-02-10,412.9,
2026-01-07 14:24:02+05:30,NIFTY2621026400CE,26400.0,2026-02-10,412.9,
2026-01-07 14:24:03+05:30,NIFTY2621026400CE,26400.0,2026-02-10,412.9,
2026-01-07 14:24:04+05:30,NIFTY2621026400CE,26400.0,2026-02-10,412.9,
2026-01-07 14:24:05+05:30,NIFTY2621026400CE,26400.0,2026-02-10,412.9,
2026-01-07 14:24:06+05:30,NIFTY2621026400CE,26400.0,2026-02-10,412.9,
2026-01-07 14:24:07+05:30,NIFTY2621026400CE,26400.0,2026-02-10,412.9,
2026-01-07 14:24:08+05:30,NIFTY2621026400CE,26400.0,2026-02-10,412.9,
2026-01-07 14:24:09+05:30,NIFTY2621026400CE,26400.0,2026-02-10,412.9,
2026-01-07 14:24:10+05:30,NIFTY2621026400CE,26400.0,2026-02-10,412.9,
2026-01-07 14:24:11+05:30,NIFTY2621026400CE,26400.0,2026-02-10,412.9,
2026-01-07 14:24:12+05:30,NIFTY2621026400CE,26400.0,2026-02-10,412.9,
2026-01-07 14:24:13+05:30,NIFTY2621026400CE,26400.0,2026-02-10,412.9,
2026-01-07 14:24:14+05:30,NIFTY2621026400CE,26400.0,2026-02-10,412.9,
2026-01-07 14:24:15+05:30,NIFTY2621026400CE,26400.0,2026-02-10,412.9,
2026-01-07 14:24:16+05:30,NIFTY2621026400CE,26400.0,2026-02-10,412.9,
2026-01-07 14:24:17+05:30,NIFTY2621026400CE,26400.0,2026-02-10,412.9,
2026-01-07 14:24:18+05:30,NIFTY2621026400CE,26400.0,2026-02-10,412.9,
2026-01-07 14:24:19+05:30,NIFTY2621026400CE,26400.0,2026-02-10,412.9,
2026-01-07 14:24:20+05:30,NIFTY2621026400CE,26400.0,2026-02-10,412.9,
2026-01-07 14:24:21+05:30,NIFTY2621026400CE,26400.0,2026-02-10,412.9,
2026-01-07 14:24:22+05:30,NIFTY2621026400CE,26400.0,2026-02-10,412.9,
2026-01-07 14:24:23+05:30,NIFTY2621026400CE,26400.0,2026-02-10,412.9,
2026-01-07 14:24:24+05:30,NIFTY2621026400CE,26400.0,2026-02-10,412.9,
2026-01-07 14:24:25+05:30,NIFTY2621026400CE,26400.0,2026-02-10,412.9,
2026-01-07 14:24:26+05:30,NIFTY2621026400CE,26400.0,2026-02-10,412.9,
2026-01-07 14:24:27+05:30,NIFTY2621026400CE,26400.0,2026-02-10,412.9,
2026-01-07 14:24:28+05:30,NIFTY2621026400CE,26400.0,2026-02-10,412.9,
2026-01-07 14:24:29+05:30,NIFTY2621026400CE,26400.0,2026-02-10,412.9,
2026-01-07 14:24:30+05:30,NIFTY2621026400CE,26400.0,2026-02-10,412.9,
2026-01-07 14:24:31+05:30,NIFTY2621026400CE,26400.0,2026-02-10,412.9,
2026-01-07 14:24:32+05:30,NIFTY2621026400CE,26400.0,2026-02-10,412.9,
2026-01-07 14:24:33+05:30,NIFTY2621026400CE,26400.0,2026-02-10,412.9,
2026-01-07 14:24:34+05:30,NIFTY2621026400CE,26400.0,2026-02-10,412.9,
2026-01-07 14:24:35+05:30,NIFTY2621026400CE,26400.0,2026-02-10,412.9,
2026-01-07 14:24:36+05:30,NIFTY2621026400CE,26400.0,2026-02-10,412.9,
2026-01-07 14:24:37+05:30,NIFTY2621026400CE,26400.0,2026-02-10,412.9,
2026-01-07 14:24:38+05:30,NIFTY2621026400CE,26400.0,2026-02-10,412.9,
2026-01-07 14:24:39+05:30,NIFTY2621026400CE,26400.0,2026-02-10,412.9,
2026-01-07 14:24:40+05:30,NIFTY2621026400CE,26400.0,2026-02-10,412.9,
2026-01-07 14:24:41+05:30,NIFTY2621026400CE,26400.0,2026-02-10,412.9,
2026-01-07 14:24:42+05:30,NIFTY2621026400CE,26400.0,2026-02-10,412.9,
2026-01-07 14:24:43+05:30,NIFTY2621026400CE,26400.0,2026-02-10,412.9,
2026-01-07 14:24:44+05:30,NIFTY2621026400CE,26400.0,2026-02-10,412.9,
2026-01-07 14:24:45+05:30,NIFTY2621026400CE,26400.0,2026-02-10,412.9,
2026-01-07 14:24:46+05:30,NIFTY2621026400CE,26400.0,2026-02-10,412.9,
2026-01-07 14:24:47+05:30,NIFTY2621026400CE,26400.0,2026-02-10,412.9,
2026-01-07 14:24:48+05:30,NIFTY2621026400CE,26400.0,2026-02-10,412.9,
2026-01-07 14:24:49+05:30,NIFTY2621026400CE,26400.0,2026-02-10,412.9,
2026-01-07 14:24:50+05:30,NIFTY2621026400CE,26400.0,2026-02-10,412.9,
2026-01-07 14:24:51+05:30,NIFTY2621026400CE,26400.0,2026-02-10,412.9,
2026-01-07 14:24:52+05:30,NIFTY2621026400CE,26400.0,2026-02-10,412.9,
2026-01-07 14:24:53+05:30,NIFTY2621026400CE,26400.0,2026-02-10,412.9,
2026-01-07 14:24:54+05:30,NIFTY2621026400CE,26400.0,2026-02-10,412.9,
2026-01-07 14:24:55+05:30,NIFTY2621026400CE,26400.0,2026-02-10,412.9,
2026-01-07 14:24:56+05:30,NIFTY2621026400CE,26400.0,2026-02-10,412.9,
2026-01-07 14:24:57+05:30,NIFTY2621026400CE,26400.0,2026-02-10,412.9,
2026-01-07 14:24:58+05:30,NIFTY2621026400CE,26400.0,2026-02-10,412.9,
2026-01-07 14:24:59+05:30,NIFTY2621026400CE,26400.0,2026-02-10,412.9,
2026-01-07 14:25:00+05:30,NIFTY2621026400CE,26400.0,2026-02-10,412.9,
2026-01-07 14:25:01+05:30,NIFTY2621026400CE,26400.0,2026-02-10,412.9,
2026-01-07 14:25:02+05:30,NIFTY2621026400CE,26400.0,2026-02-10,412.9,
2026-01-07 14:25:03+05:30,NIFTY2621026400CE,26400.0,2026-02-10,412.9,
2026-01-07 14:25:04+05:30,NIFTY2621026400CE,26400.0,2026-02-10,412.9,
2026-01-07 14:25:05+05:30,NIFTY2621026400CE,26400.0,2026-02-10,412.9,
2026-01-07 14:25:06+05:30,NIFTY2621026400CE,26400.0,2026-02-10,412.9,
2026-01-07 14:25:07+05:30,NIFTY2621026400CE,26400.0,2026-02-10,412.9,
2026-01-07 14:25:08+05:30,NIFTY2621026400CE,26400.0,2026-02-10,412.9,
2026-01-07 14:25:09+05:30,NIFTY2621026400CE,26400.0,2026-02-10,412.9,
2026-01-07 14:25:10+05:30,NIFTY2621026400CE,26400.0,2026-02-10,412.9,
2026-01-07 14:25:11+05:30,NIFTY2621026400CE,26400.0,2026-02-10,412.9,
2026-01-07 14:25:12+05:30,NIFTY2621026400CE,26400.0,2026-02-10,412.9,
2026-01-07 14:25:13+05:30,NIFTY2621026400CE,26400.0,2026-02-10,412.9,
2026-01-07 14:25:14+05:30,NIFTY2621026400CE,26400.0,2026-02-10,412.9,
2026-01-07 14:25:15+05:30,NIFTY2621026400CE,26400.0,2026-02-10,412.9,
2026-01-07 14:25:16+05:30,NIFTY2621026400CE,26400.0,2026-02-10,412.9,
2026-01-07 14:25:17+05:30,NIFTY2621026400CE,26400.0,2026-02-10,412.9,
2026-01-07 14:25:18+05:30,NIFTY2621026400CE,26400.0,2026-02-10,412.9,
2026-01-07 14:25:19+05:30,NIFTY2621026400CE,26400.0,2026-02-10,412.9,
2026-01-07 14:25:20+05:30,NIFTY2621026400CE,26400.0,2026-02-10,412.9,
2026-01-07 14:25:21+05:30,NIFTY2621026400CE,26400.0,2026-02-10,412.9,
2026-01-07 14:25:22+05:30,NIFTY2621026400CE,26400.0,2026-02-10,412.9,
2026-01-07 14:25:23+05:30,NIFTY2621026400CE,26400.0,2026-02-10,412.9,
2026-01-07 14:25:24+05:30,NIFTY2621026400CE,26400.0,2026-02-10,412.9,
2026-01-07 14:25:25+05:30,NIFTY2621026400CE,26400.0,2026-02-10,412.9,
2026-01-07 14:25:26+05:30,NIFTY2621026400CE,26400.0,2026-02-10,412.9,
2026-01-07 14:25:27+05:30,NIFTY2621026400CE,26400.0,2026-02-10,412.9,
2026-01-07 14:25:28+05:30,NIFTY2621026400CE,26400.0,2026-02-10,412.9,
2026-01-07 14:25:29+05:30,NIFTY2621026400CE,26400.0,2026-02-10,412.9,
2026-01-07 14:25:30+05:30,NIFTY2621026400CE,26400.0,2026-02-10,412.9,
2026-01-07 14:25:31+05:30,NIFTY2621026400CE,26400.0,2026-02-10,412.9,
2026-01-07 14:25:32+05:30,NIFTY2621026400CE,26400.0,2026-02-10,412.9,
2026-01-07 14:25:33+05:30,NIFTY2621026400CE,26400.0,2026-02-10,412.9,
2026-01-07 14:25:34+05:30,NIFTY2621026400CE,26400.0,2026-02-10,412.9,
2026-01-07 14:25:35+05:30,NIFTY2621026400CE,26400.0,2026-02-10,412.9,
2026-01-07 14:25:36+05:30,NIFTY2621026400CE,26400.0,2026-02-10,412.9,
2026-01-07 14:25:37+05:30,NIFTY2621026400CE,26400.0,2026-02-10,412.9,
2026-01-07 14:25:38+05:30,NIFTY2621026400CE,26400.0,2026-02-10,412.9,
2026-01-07 14:25:39+05:30,NIFTY2621026400CE,26400.0,2026-02-10,412.9,
2026-01-07 14:25:40+05:30,NIFTY2621026400CE,26400.0,2026-02-10,412.9,
2026-01-07 14:25:41+05:30,NIFTY2621026400CE,26400.0,2026-02-10,412.9,
2026-01-07 14:25:42+05:30,NIFTY2621026400CE,26400.0,2026-02-10,412.9,
2026-01-07 14:25:43+05:30,NIFTY2621026400CE,26400.0,2026-02-10,412.9,
2026-01-07 14:25:44+05:30,NIFTY2621026400CE,26400.0,2026-02-10,412.9,
2026-01-07 14:25:45+05:30,NIFTY2621026400CE,26400.0,2026-02-10,412.9,
2026-01-07 14:25:46+05:30,NIFTY2621026400CE,26400.0,2026-02-10,412.9,
2026-01-07 14:25:47+05:30,NIFTY2621026400CE,26400.0,2026-02-10,412.9,
2026-01-07 14:25:48+05:30,NIFTY2621026400CE,26400.0,2026-02-10,412.9,
2026-01-07 14:25:49+05:30,NIFTY2621026400CE,26400.0,2026-02-10,412.9,
2026-01-07 14:25:50+05:30,NIFTY2621026400CE,26400.0,2026-02-10,412.9,
2026-01-07 14:25:51+05:30,NIFTY2621026400CE,26400.0,2026-02-10,412.9,
2026-01-07 14:25:52+05:30,NIFTY2621026400CE,26400.0,2026-02-10,412.9,
2026-01-07 14:25:53+05:30,NIFTY2621026400CE,26400.0,2026-02-10,412.9,
2026-01-07 14:25:54+05:30,NIFTY2621026400CE,26400.0,2026-02-10,412.9,
2026-01-07 14:25:55+05:30,NIFTY2621026400CE,26400.0,2026-02-10,412.9,
2026-01-07 14:25:56+05:30,NIFTY2621026400CE,26400.0,2026-02-10,412.9,
2026-01-07 14:25:57+05:30,NIFTY2621026400CE,26400.0,2026-02-10,412.9,
2026-01-07 14:25:58+05:30,NIFTY2621026400CE,26400.0,2026-02-10,412.9,
2026-01-07 14:25:59+05:30,NIFTY2621026400CE,26400.0,2026-02-10,412.9,
2026-01-07 14:26:00+05:30,NIFTY2621026400CE,26400.0,2026-02-10,412.9,
2026-01-07 14:26:01+05:30,NIFTY2621026400CE,26400.0,2026-02-10,412.9,
2026-01-07 14:26:02+05:30,NIFTY2621026400CE,26400.0,2026-02-10,412.9,
2026-01-07 14:26:03+05:30,NIFTY2621026400CE,26400.0,2026-02-10,412.9,
2026-01-07 14:26:04+05:30,NIFTY2621026400CE,26400.0,2026-02-10,412.9,
2026-01-07 14:26:05+05:30,NIFTY2621026400CE,26400.0,2026-02-10,412.9,
2026-01-07 14:26:06+05:30,NIFTY2621026400CE,26400.0,2026-02-10,412.9,
2026-01-07 14:26:07+05:30,NIFTY2621026400CE,26400.0,2026-02-10,412.9,
2026-01-07 14:26:08+05:30,NIFTY2621026400CE,26400.0,2026-02-10,412.9,
2026-01-07 14:26:09+05:30,NIFTY2621026400CE,26400.0,2026-02-10,412.9,
2026-01-07 14:26:10+05:30,NIFTY2621026400CE,26400.0,2026-02-10,412.9,
2026-01-07 14:26:11+05:30,NIFTY2621026400CE,26400.0,2026-02-10,412.9,
2026-01-07 14:26:12+05:30,NIFTY2621026400CE,26400.0,2026-02-10,412.9,
2026-01-07 14:26:13+05:30,NIFTY2621026400CE,26400.0,2026-02-10,412.9,
2026-01-07 14:26:14+05:30,NIFTY2621026400CE,26400.0,2026-02-10,412.9,
2026-01-07 14:26:15+05:30,NIFTY2621026400CE,26400.0,2026-02-10,412.9,
2026-01-07 14:26:16+05:30,NIFTY2621026400CE,26400.0,2026-02-10,412.9,
2026-01-07 14:26:17+05:30,NIFTY2621026400CE,26400.0,2026-02-10,412.9,
2026-01-07 14:26:18+05:30,NIFTY2621026400CE,26400.0,2026-02-10,412.9,
2026-01-07 14:26:19+05:30,NIFTY2621026400CE,26400.0,2026-02-10,412.9,
2026-01-07 14:26:20+05:30,NIFTY2621026400CE,26400.0,2026-02-10,412.9,
2026-01-07 14:26:21+05:30,NIFTY2621026400CE,26400.0,2026-02-10,412.9,
2026-01-07 14:26:22+05:30,NIFTY2621026400CE,26400.0,2026-02-10,412.9,
2026-01-07 14:26:23+05:30,NIFTY2621026400CE,26400.0,2026-02-10,412.9,
2026-01-07 14:26:24+05:30,NIFTY2621026400CE,26400.0,2026-02-10,412.9,
2026-01-07 14:26:25+05:30,NIFTY2621026400CE,26400.0,2026-02-10,412.9,
2026-01-07 14:26:26+05:30,NIFTY2621026400CE,26400.0,2026-02-10,412.9,
2026-01-07 14:26:27+05:30,NIFTY2621026400CE,26400.0,2026-02-10,412.9,
2026-01-07 14:26:28+05:30,NIFTY2621026400CE,26400.0,2026-02-10,412.9,
2026-01-07 14:26:29+05:30,NIFTY2621026400CE,26400.0,2026-02-10,412.9,
2026-01-07 14:26:30+05:30,NIFTY2621026400CE,26400.0,2026-02-10,412.9,
2026-01-07 14:26:31+05:30,NIFTY2621026400CE,26400.0,2026-02-10,412.9,
2026-01-07 14:26:32+05:30,NIFTY2621026400CE,26400.0,2026-02-10,412.9,
2026-01-07 14:26:33+05:30,NIFTY2621026400CE,26400.0,2026-02-10,412.9,
2026-01-07 14:26:34+05:30,NIFTY2621026400CE,26400.0,2026-02-10,412.9,
2026-01-07 14:26:35+05:30,NIFTY2621026400CE,26400.0,2026-02-10,412.9,
2026-01-07 14:26:36+05:30,NIFTY2621026400CE,26400.0,2026-02-10,412.9,
2026-01-07 14:26:37+05:30,NIFTY2621026400CE,26400.0,2026-02-10,412.9,
2026-01-07 14:26:38+05:30,NIFTY2621026400CE,26400.0,2026-02-10,412.9,
2026-01-07 14:26:39+05:30,NIFTY2621026400CE,26400.0,2026-02-10,412.9,
2026-01-07 14:26:40+05:30,NIFTY2621026400CE,26400.0,2026-02-10,412.9,
2026-01-07 14:26:41+05:30,NIFTY2621026400CE,26400.0,2026-02-10,412.9,
2026-01-07 14:26:42+05:30,NIFTY2621026400CE,26400.0,2026-02-10,412.9,
2026-01-07 14:26:43+05:30,NIFTY2621026400CE,26400.0,2026-02-10,412.9,
2026-01-07 14:26:44+05:30,NIFTY2621026400CE,26400.0,2026-02-10,412.9,
2026-01-07 14:26:45+05:30,NIFTY2621026400CE,26400.0,2026-02-10,412.9,
2026-01-07 14:26:46+05:30,NIFTY2621026400CE,26400.0,2026-02-10,412.9,
2026-01-07 14:26:47+05:30,NIFTY2621026400CE,26400.0,2026-02-10,412.9,
2026-01-07 14:26:48+05:30,NIFTY2621026400CE,26400.0,2026-02-10,412.9,
2026-01-07 14:26:49+05:30,NIFTY2621026400CE,26400.0,2026-02-10,412.9,
2026-01-07 14:26:50+05:30,NIFTY2621026400CE,26400.0,2026-02-10,412.9,
2026-01-07 14:26:51+05:30,NIFTY2621026400CE,26400.0,2026-02-10,412.9,
2026-01-07 14:26:52+05:30,NIFTY2621026400CE,26400.0,2026-02-10,412.9,
2026-01-07 14:26:53+05:30,NIFTY2621026400CE,26400.0,2026-02-10,412.9,
2026-01-07 14:26:54+05:30,NIFTY2621026400CE,26400.0,2026-02-10,412.9,
2026-01-07 14:26:55+05:30,NIFTY2621026400CE,26400.0,2026-02-10,412.9,
2026-01-07 14:26:56+05:30,NIFTY2621026400CE,26400.0,2026-02-10,412.9,
2026-01-07 14:26:57+05:30,NIFTY2621026400CE,26400.0,2026-02-10,412.9,
2026-01-07 14:26:58+05:30,NIFTY2621026400CE,26400.0,2026-02-10,412.9,
2026-01-07 14:26:59+05:30,NIFTY2621026400CE,26400.0,2026-02-10,412.9,
2026-01-07 14:27:00+05:30,NIFTY2621026400CE,26400.0,2026-02-10,412.9,
2026-01-07 14:27:01+05:30,NIFTY2621026400CE,26400.0,2026-02-10,412.9,
2026-01-07 14:27:02+05:30,NIFTY2621026400CE,26400.0,2026-02-10,412.9,
2026-01-07 14:27:03+05:30,NIFTY2621026400CE,26400.0,2026-02-10,412.9,
2026-01-07 14:27:04+05:30,NIFTY2621026400CE,26400.0,2026-02-10,412.9,
2026-01-07 14:27:05+05:30,NIFTY2621026400CE,26400.0,2026-02-10,412.9,
2026-01-07 14:27:06+05:30,NIFTY2621026400CE,26400.0,2026-02-10,412.9,
2026-01-07 14:27:07+05:30,NIFTY2621026400CE,26400.0,2026-02-10,412.9,
2026-01-07 14:27:08+05:30,NIFTY2621026400CE,26400.0,2026-02-10,412.9,
2026-01-07 14:27:09+05:30,NIFTY2621026400CE,26400.0,2026-02-10,412.9,
2026-01-07 14:27:10+05:30,NIFTY2621026400CE,26400.0,2026-02-10,412.9,
2026-01-07 14:27:11+05:30,NIFTY2621026400CE,26400.0,2026-02-10,412.9,
2026-01-07 14:27:12+05:30,NIFTY2621026400CE,26400.0,2026-02-10,412.9,
2026-01-07 14:27:13+05:30,NIFTY2621026400CE,26400.0,2026-02-10,412.9,
2026-01-07 14:27:14+05:30,NIFTY2621026400CE,26400.0,2026-02-10,412.9,
2026-01-07 14:27:15+05:30,NIFTY2621026400CE,26400.0,2026-02-10,412.9,
2026-01-07 14:27:16+05:30,NIFTY2621026400CE,26400.0,2026-02-10,412.9,
2026-01-07 14:27:17+05:30,NIFTY2621026400CE,26400.0,2026-02-10,412.9,
2026-01-07 14:27:18+05:30,NIFTY2621026400CE,26400.0,2026-02-10,412.9,
2026-01-07 14:27:19+05:30,NIFTY2621026400CE,26400.0,2026-02-10,412.9,
2026-01-07 14:27:20+05:30,NIFTY2621026400CE,26400.0,2026-02-10,412.9,
2026-01-07 14:27:21+05:30,NIFTY2621026400CE,26400.0,2026-02-10,412.9,
2026-01-07 14:27:22+05:30,NIFTY2621026400CE,26400.0,2026-02-10,412.9,
2026-01-07 14:27:23+05:30,NIFTY2621026400CE,26400.0,2026-02-10,412.9,
2026-01-07 14:27:24+05:30,NIFTY2621026400CE,26400.0,2026-02-10,412.9,
2026-01-07 14:27:25+05:30,NIFTY2621026400CE,26400.0,2026-02-10,412.9,
2026-01-07 14:27:26+05:30,NIFTY2621026400CE,26400.0,2026-02-10,412.9,
2026-01-07 14:27:27+05:30,NIFTY2621026400CE,26400.0,2026-02-10,412.9,
2026-01-07 14:27:28+05:30,NIFTY2621026400CE,26400.0,2026-02-10,412.9,
2026-01-07 14:27:29+05:30,NIFTY2621026400CE,26400.0,2026-02-10,412.9,
2026-01-07 14:27:30+05:30,NIFTY2621026400CE,26400.0,2026-02-10,412.9,
2026-01-07 14:27:31+05:30,NIFTY2621026400CE,26400.0,2026-02-10,412.9,
2026-01-07 14:27:32+05:30,NIFTY2621026400CE,26400.0,2026-02-10,412.9,
2026-01-07 14:27:33+05:30,NIFTY2621026400CE,26400.0,2026-02-10,412.9,
2026-01-07 14:27:34+05:30,NIFTY2621026400CE,26400.0,2026-02-10,412.9,
2026-01-07 14:27:35+05:30,NIFTY2621026400CE,26400.0,2026-02-10,412.9,
2026-01-07 14:27:36+05:30,NIFTY2621026400CE,26400.0,2026-02-10,412.9,
2026-01-07 14:27:37+05:30,NIFTY2621026400CE,26400.0,2026-02-10,412.9,
2026-01-07 14:27:38+05:30,NIFTY2621026400CE,26400.0,2026-02-10,412.9,
2026-01-07 14:27:39+05:30,NIFTY2621026400CE,26400.0,2026-02-10,412.9,
2026-01-07 14:27:40+05:30,NIFTY2621026400CE,26400.0,2026-02-10,412.9,
2026-01-07 14:27:41+05:30,NIFTY2621026400CE,26400.0,2026-02-10,412.9,
2026-01-07 14:27:42+05:30,NIFTY2621026400CE,26400.0,2026-02-10,412.9,
2026-01-07 14:27:43+05:30,NIFTY2621026400CE,26400.0,2026-02-10,412.9,
2026-01-07 14:27:44+05:30,NIFTY2621026400CE,26400.0,2026-02-10,412.9,
2026-01-07 14:27:45+05:30,NIFTY2621026400CE,26400.0,2026-02-10,412.9,
2026-01-07 14:27:46+05:30,NIFTY2621026400CE,26400.0,2026-02-10,412.9,
2026-01-07 14:27:47+05:30,NIFTY2621026400CE,26400.0,2026-02-10,412.9,
2026-01-07 14:27:48+05:30,NIFTY2621026400CE,26400.0,2026-02-10,412.9,
2026-01-07 14:27:49+05:30,NIFTY2621026400CE,26400.0,2026-02-10,412.9,
2026-01-07 14:27:50+05:30,NIFTY2621026400CE,26400.0,2026-02-10,412.9,
2026-01-07 14:27:51+05:30,NIFTY2621026400CE,26400.0,2026-02-10,412.9,
2026-01-07 14:27:52+05:30,NIFTY2621026400CE,26400.0,2026-02-10,412.9,
2026-01-07 14:27:53+05:30,NIFTY2621026400CE,26400.0,2026-02-10,412.9,
2026-01-07 14:27:54+05:30,NIFTY2621026400CE,26400.0,2026-02-10,412.9,
2026-01-07 14:27:55+05:30,NIFTY2621026400CE,26400.0,2026-02-10,412.9,
2026-01-07 14:27:56+05:30,NIFTY2621026400CE,26400.0,2026-02-10,412.9,
2026-01-07 14:27:57+05:30,NIFTY2621026400CE,26400.0,2026-02-10,412.9,
2026-01-07 14:27:58+05:30,NIFTY2621026400CE,26400.0,2026-02-10,412.9,
2026-01-07 14:27:59+05:30,NIFTY2621026400CE,26400.0,2026-02-10,412.9,
2026-01-07 14:28:00+05:30,NIFTY2621026400CE,26400.0,2026-02-10,412.9,
2026-01-07 14:28:01+05:30,NIFTY2621026400CE,26400.0,2026-02-10,412.9,
2026-01-07 14:28:02+05:30,NIFTY2621026400CE,26400.0,2026-02-10,412.9,
2026-01-07 14:28:03+05:30,NIFTY2621026400CE,26400.0,2026-02-10,412.9,
2026-01-07 14:28:04+05:30,NIFTY2621026400CE,26400.0,2026-02-10,412.9,
2026-01-07 14:28:05+05:30,NIFTY2621026400CE,26400.0,2026-02-10,412.9,
2026-01-07 14:28:06+05:30,NIFTY2621026400CE,26400.0,2026-02-10,412.9,
2026-01-07 14:28:07+05:30,NIFTY2621026400CE,26400.0,2026-02-10,412.9,
2026-01-07 14:28:08+05:30,NIFTY2621026400CE,26400.0,2026-02-10,412.9,
2026-01-07 14:28:09+05:30,NIFTY2621026400CE,26400.0,2026-02-10,412.9,
2026-01-07 14:28:10+05:30,NIFTY2621026400CE,26400.0,2026-02-10,412.9,
2026-01-07 14:28:11+05:30,NIFTY2621026400CE,26400.0,2026-02-10,412.9,
2026-01-07 14:28:12+05:30,NIFTY2621026400CE,26400.0,2026-02-10,412.9,
2026-01-07 14:28:13+05:30,NIFTY2621026400CE,26400.0,2026-02-10,412.9,
2026-01-07 14:28:14+05:30,NIFTY2621026400CE,26400.0,2026-02-10,412.9,
2026-01-07 14:28:15+05:30,NIFTY2621026400CE,26400.0,2026-02-10,412.9,
2026-01-07 14:28:16+05:30,NIFTY2621026400CE,26400.0,2026-02-10,412.9,
2026-01-07 14:28:17+05:30,NIFTY2621026400CE,26400.0,2026-02-10,412.9,
2026-01-07 14:28:18+05:30,NIFTY2621026400CE,26400.0,2026-02-10,412.9,
2026-01-07 14:28:19+05:30,NIFTY2621026400CE,26400.0,2026-02-10,412.9,
2026-01-07 14:28:20+05:30,NIFTY2621026400CE,26400.0,2026-02-10,412.9,
2026-01-07 14:28:21+05:30,NIFTY2621026400CE,26400.0,2026-02-10,412.9,
2026-01-07 14:28:22+05:30,NIFTY2621026400CE,26400.0,2026-02-10,412.9,
2026-01-07 14:28:23+05:30,NIFTY2621026400CE,26400.0,2026-02-10,412.9,
2026-01-07 14:28:24+05:30,NIFTY2621026400CE,26400.0,2026-02-10,412.9,
2026-01-07 14:28:25+05:30,NIFTY2621026400CE,26400.0,2026-02-10,412.9,
2026-01-07 14:28:26+05:30,NIFTY2621026400CE,26400.0,2026-02-10,412.9,
2026-01-07 14:28:27+05:30,NIFTY2621026400CE,26400.0,2026-02-10,412.9,
2026-01-07 14:28:28+05:30,NIFTY2621026400CE,26400.0,2026-02-10,412.9,
2026-01-07 14:28:29+05:30,NIFTY2621026400CE,26400.0,2026-02-10,412.9,
2026-01-07 14:28:30+05:30,NIFTY2621026400CE,26400.0,2026-02-10,412.9,
2026-01-07 14:28:31+05:30,NIFTY2621026400CE,26400.0,2026-02-10,412.9,
2026-01-07 14:28:32+05:30,NIFTY2621026400CE,26400.0,2026-02-10,412.9,
2026-01-07 14:28:33+05:30,NIFTY2621026400CE,26400.0,2026-02-10,412.9,
2026-01-07 14:28:34+05:30,NIFTY2621026400CE,26400.0,2026-02-10,412.9,
2026-01-07 14:28:35+05:30,NIFTY2621026400CE,26400.0,2026-02-10,412.9,
2026-01-07 14:28:36+05:30,NIFTY2621026400CE,26400.0,2026-02-10,412.9,
2026-01-07 14:28:37+05:30,NIFTY2621026400CE,26400.0,2026-02-10,412.9,
2026-01-07 14:28:38+05:30,NIFTY2621026400CE,26400.0,2026-02-10,412.9,
2026-01-07 14:28:39+05:30,NIFTY2621026400CE,26400.0,2026-02-10,412.9,
2026-01-07 14:28:40+05:30,NIFTY2621026400CE,26400.0,2026-02-10,412.9,
2026-01-07 14:28:41+05:30,NIFTY2621026400CE,26400.0,2026-02-10,412.9,
2026-01-07 14:28:42+05:30,NIFTY2621026400CE,26400.0,2026-02-10,412.9,
2026-01-07 14:28:43+05:30,NIFTY2621026400CE,26400.0,2026-02-10,412.9,
2026-01-07 14:28:44+05:30,NIFTY2621026400CE,26400.0,2026-02-10,412.9,
2026-01-07 14:28:45+05:30,NIFTY2621026400CE,26400.0,2026-02-10,412.9,
2026-01-07 14:28:46+05:30,NIFTY2621026400CE,26400.0,2026-02-10,412.9,
2026-01-07 14:28:47+05:30,NIFTY2621026400CE,26400.0,2026-02-10,412.9,
2026-01-07 14:28:48+05:30,NIFTY2621026400CE,26400.0,2026-02-10,412.9,
2026-01-07 14:28:49+05:30,NIFTY2621026400CE,26400.0,2026-02-10,412.9,
2026-01-07 14:28:50+05:30,NIFTY2621026400CE,26400.0,2026-02-10,412.9,
2026-01-07 14:28:51+05:30,NIFTY2621026400CE,26400.0,2026-02-10,412.9,
2026-01-07 14:28:52+05:30,NIFTY2621026400CE,26400.0,2026-02-10,412.9,
2026-01-07 14:28:53+05:30,NIFTY2621026400CE,26400.0,2026-02-10,412.9,
2026-01-07 14:28:54+05:30,NIFTY2621026400CE,26400.0,2026-02-10,412.9,
2026-01-07 14:28:55+05:30,NIFTY2621026400CE,26400.0,2026-02-10,412.9,
2026-01-07 14:28:56+05:30,NIFTY2621026400CE,26400.0,2026-02-10,412.9,
2026-01-07 14:28:57+05:30,NIFTY2621026400CE,26400.0,2026-02-10,412.9,
2026-01-07 14:28:58+05:30,NIFTY2621026400CE,26400.0,2026-02-10,412.9,
2026-01-07 14:28:59+05:30,NIFTY2621026400CE,26400.0,2026-02-10,412.9,
2026-01-07 14:29:00+05:30,NIFTY2621026400CE,26400.0,2026-02-10,412.9,
2026-01-07 14:29:01+05:30,NIFTY2621026400CE,26400.0,2026-02-10,412.9,
2026-01-07 14:29:02+05:30,NIFTY2621026400CE,26400.0,2026-02-10,412.9,
2026-01-07 14:29:03+05:30,NIFTY2621026400CE,26400.0,2026-02-10,412.9,
2026-01-07 14:29:04+05:30,NIFTY2621026400CE,26400.0,2026-02-10,412.9,
2026-01-07 14:29:05+05:30,NIFTY2621026400CE,26400.0,2026-02-10,412.9,
2026-01-07 14:29:06+05:30,NIFTY2621026400CE,26400.0,2026-02-10,412.9,
2026-01-07 14:29:07+05:30,NIFTY2621026400CE,26400.0,2026-02-10,412.9,
2026-01-07 14:29:08+05:30,NIFTY2621026400CE,26400.0,2026-02-10,412.9,
2026-01-07 14:29:09+05:30,NIFTY2621026400CE,26400.0,2026-02-10,412.9,
2026-01-07 14:29:10+05:30,NIFTY2621026400CE,26400.0,2026-02-10,412.9,
2026-01-07 14:29:11+05:30,NIFTY2621026400CE,26400.0,2026-02-10,412.9,
2026-01-07 14:29:12+05:30,NIFTY2621026400CE,26400.0,2026-02-10,412.9,
2026-01-07 14:29:13+05:30,NIFTY2621026400CE,26400.0,2026-02-10,412.9,
2026-01-07 14:29:14+05:30,NIFTY2621026400CE,26400.0,2026-02-10,412.9,
2026-01-07 14:29:15+05:30,NIFTY2621026400CE,26400.0,2026-02-10,412.9,
2026-01-07 14:29:16+05:30,NIFTY2621026400CE,26400.0,2026-02-10,412.9,
2026-01-07 14:29:17+05:30,NIFTY2621026400CE,26400.0,2026-02-10,412.9,
2026-01-07 14:29:18+05:30,NIFTY2621026400CE,26400.0,2026-02-10,412.9,
2026-01-07 14:29:19+05:30,NIFTY2621026400CE,26400.0,2026-02-10,412.9,
2026-01-07 14:29:20+05:30,NIFTY2621026400CE,26400.0,2026-02-10,412.9,
2026-01-07 14:29:21+05:30,NIFTY2621026400CE,26400.0,2026-02-10,412.9,
2026-01-07 14:29:22+05:30,NIFTY2621026400CE,26400.0,2026-02-10,412.9,
2026-01-07 14:29:23+05:30,NIFTY2621026400CE,26400.0,2026-02-10,412.9,
2026-01-07 14:29:24+05:30,NIFTY2621026400CE,26400.0,2026-02-10,412.9,
2026-01-07 14:29:25+05:30,NIFTY2621026400CE,26400.0,2026-02-10,412.9,
2026-01-07 14:29:26+05:30,NIFTY2621026400CE,26400.0,2026-02-10,412.9,
2026-01-07 14:29:27+05:30,NIFTY2621026400CE,26400.0,2026-02-10,412.9,
2026-01-07 14:29:28+05:30,NIFTY2621026400CE,26400.0,2026-02-10,412.9,
2026-01-07 14:29:29+05:30,NIFTY2621026400CE,26400.0,2026-02-10,412.9,
2026-01-07 14:29:30+05:30,NIFTY2621026400CE,26400.0,2026-02-10,412.9,
2026-01-07 14:29:31+05:30,NIFTY2621026400CE,26400.0,2026-02-10,412.9,
2026-01-07 14:29:32+05:30,NIFTY2621026400CE,26400.0,2026-02-10,412.9,
2026-01-07 14:29:33+05:30,NIFTY2621026400CE,26400.0,2026-02-10,412.9,
2026-01-07 14:29:34+05:30,NIFTY2621026400CE,26400.0,2026-02-10,412.9,
2026-01-07 14:29:35+05:30,NIFTY2621026400CE,26400.0,2026-02-10,412.9,
2026-01-07 14:29:36+05:30,NIFTY2621026400CE,26400.0,2026-02-10,412.9,
2026-01-07 14:29:37+05:30,NIFTY2621026400CE,26400.0,2026-02-10,412.9,
2026-01-07 14:29:38+05:30,NIFTY2621026400CE,26400.0,2026-02-10,412.9,
2026-01-07 14:29:39+05:30,NIFTY2621026400CE,26400.0,2026-02-10,412.9,
2026-01-07 14:29:40+05:30,NIFTY2621026400CE,26400.0,2026-02-10,412.9,
2026-01-07 14:29:41+05:30,NIFTY2621026400CE,26400.0,2026-02-10,412.9,
2026-01-07 14:29:42+05:30,NIFTY2621026400CE,26400.0,2026-02-10,412.9,
2026-01-07 14:29:43+05:30,NIFTY2621026400CE,26400.0,2026-02-10,412.9,
2026-01-07 14:29:44+05:30,NIFTY2621026400CE,26400.0,2026-02-10,412.9,
2026-01-07 14:29:45+05:30,NIFTY2621026400CE,26400.0,2026-02-10,412.9,
2026-01-07 14:29:46+05:30,NIFTY2621026400CE,26400.0,2026-02-10,412.9,
2026-01-07 14:29:47+05:30,NIFTY2621026400CE,26400.0,2026-02-10,412.9,
2026-01-07 14:29:48+05:30,NIFTY2621026400CE,26400.0,2026-02-10,412.9,
2026-01-07 14:29:49+05:30,NIFTY2621026400CE,26400.0,2026-02-10,412.9,
2026-01-07 14:29:50+05:30,NIFTY2621026400CE,26400.0,2026-02-10,412.9,
2026-01-07 14:29:51+05:30,NIFTY2621026400CE,26400.0,2026-02-10,412.9,
2026-01-07 14:29:52+05:30,NIFTY2621026400CE,26400.0,2026-02-10,412.9,
2026-01-07 14:29:53+05:30,NIFTY2621026400CE,26400.0,2026-02-10,412.9,
2026-01-07 14:29:54+05:30,NIFTY2621026400CE,26400.0,2026-02-10,412.9,
2026-01-07 14:29:55+05:30,NIFTY2621026400CE,26400.0,2026-02-10,412.9,
2026-01-07 14:29:56+05:30,NIFTY2621026400CE,26400.0,2026-02-10,412.9,
2026-01-07 14:29:57+05:30,NIFTY2621026400CE,26400.0,2026-02-10,412.9,
2026-01-07 14:29:58+05:30,NIFTY2621026400CE,26400.0,2026-02-10,412.9,
2026-01-07 14:29:59+05:30,NIFTY2621026400CE,26400.0,2026-02-10,412.9,
2026-01-07 14:30:00+05:30,NIFTY2621026400CE,26400.0,2026-02-10,412.9,
2026-01-07 14:30:01+05:30,NIFTY2621026400CE,26400.0,2026-02-10,412.9,
2026-01-07 14:30:02+05:30,NIFTY2621026400CE,26400.0,2026-02-10,412.9,
2026-01-07 14:30:03+05:30,NIFTY2621026400CE,26400.0,2026-02-10,412.9,
2026-01-07 14:30:04+05:30,NIFTY2621026400CE,26400.0,2026-02-10,412.9,
2026-01-07 14:30:05+05:30,NIFTY2621026400CE,26400.0,2026-02-10,412.9,
2026-01-07 14:30:06+05:30,NIFTY2621026400CE,26400.0,2026-02-10,412.9,
2026-01-07 14:30:07+05:30,NIFTY2621026400CE,26400.0,2026-02-10,412.9,
2026-01-07 14:30:08+05:30,NIFTY2621026400CE,26400.0,2026-02-10,412.9,
2026-01-07 14:30:09+05:30,NIFTY2621026400CE,26400.0,2026-02-10,412.9,
2026-01-07 14:30:10+05:30,NIFTY2621026400CE,26400.0,2026-02-10,412.9,
2026-01-07 14:30:11+05:30,NIFTY2621026400CE,26400.0,2026-02-10,412.9,
2026-01-07 14:30:12+05:30,NIFTY2621026400CE,26400.0,2026-02-10,412.9,
2026-01-07 14:30:13+05:30,NIFTY2621026400CE,26400.0,2026-02-10,412.9,
2026-01-07 14:30:14+05:30,NIFTY2621026400CE,26400.0,2026-02-10,412.9,
2026-01-07 14:30:15+05:30,NIFTY2621026400CE,26400.0,2026-02-10,412.9,
2026-01-07 14:30:16+05:30,NIFTY2621026400CE,26400.0,2026-02-10,412.9,
2026-01-07 14:30:17+05:30,NIFTY2621026400CE,26400.0,2026-02-10,412.9,
2026-01-07 14:30:18+05:30,NIFTY2621026400CE,26400.0,2026-02-10,412.9,
2026-01-07 14:30:19+05:30,NIFTY2621026400CE,26400.0,2026-02-10,412.9,
2026-01-07 14:30:20+05:30,NIFTY2621026400CE,26400.0,2026-02-10,412.9,
2026-01-07 14:30:21+05:30,NIFTY2621026400CE,26400.0,2026-02-10,412.9,
2026-01-07 14:30:22+05:30,NIFTY2621026400CE,26400.0,2026-02-10,412.9,
2026-01-07 14:30:23+05:30,NIFTY2621026400CE,26400.0,2026-02-10,412.9,
2026-01-07 14:30:24+05:30,NIFTY2621026400CE,26400.0,2026-02-10,412.9,
2026-01-07 14:30:25+05:30,NIFTY2621026400CE,26400.0,2026-02-10,412.9,
2026-01-07 14:30:26+05:30,NIFTY2621026400CE,26400.0,2026-02-10,412.9,
2026-01-07 14:30:27+05:30,NIFTY2621026400CE,26400.0,2026-02-10,412.9,
2026-01-07 14:30:28+05:30,NIFTY2621026400CE,26400.0,2026-02-10,412.9,
2026-01-07 14:30:29+05:30,NIFTY2621026400CE,26400.0,2026-02-10,412.9,
2026-01-07 14:30:30+05:30,NIFTY2621026400CE,26400.0,2026-02-10,412.9,
2026-01-07 14:30:31+05:30,NIFTY2621026400CE,26400.0,2026-02-10,412.9,
2026-01-07 14:30:32+05:30,NIFTY2621026400CE,26400.0,2026-02-10,412.9,
2026-01-07 14:30:33+05:30,NIFTY2621026400CE,26400.0,2026-02-10,412.9,
2026-01-07 14:30:34+05:30,NIFTY2621026400CE,26400.0,2026-02-10,412.9,
2026-01-07 14:30:35+05:30,NIFTY2621026400CE,26400.0,2026-02-10,412.9,
2026-01-07 14:30:36+05:30,NIFTY2621026400CE,26400.0,2026-02-10,412.9,
2026-01-07 14:30:37+05:30,NIFTY2621026400CE,26400.0,2026-02-10,412.9,
2026-01-07 14:30:38+05:30,NIFTY2621026400CE,26400.0,2026-02-10,412.9,
2026-01-07 14:30:39+05:30,NIFTY2621026400CE,26400.0,2026-02-10,412.9,
2026-01-07 14:30:40+05:30,NIFTY2621026400CE,26400.0,2026-02-10,412.9,
2026-01-07 14:30:41+05:30,NIFTY2621026400CE,26400.0,2026-02-10,412.9,
2026-01-07 14:30:42+05:30,NIFTY2621026400CE,26400.0,2026-02-10,412.9,
2026-01-07 14:30:43+05:30,NIFTY2621026400CE,26400.0,2026-02-10,412.9,
2026-01-07 14:30:44+05:30,NIFTY2621026400CE,26400.0,2026-02-10,412.9,
2026-01-07 14:30:45+05:30,NIFTY2621026400CE,26400.0,2026-02-10,412.9,
2026-01-07 14:30:46+05:30,NIFTY2621026400CE,26400.0,2026-02-10,412.9,
2026-01-07 14:30:47+05:30,NIFTY2621026400CE,26400.0,2026-02-10,412.9,
2026-01-07 14:30:48+05:30,NIFTY2621026400CE,26400.0,2026-02-10,412.9,
2026-01-07 14:30:49+05:30,NIFTY2621026400CE,26400.0,2026-02-10,412.9,
2026-01-07 14:30:50+05:30,NIFTY2621026400CE,26400.0,2026-02-10,412.9,
2026-01-07 14:30:51+05:30,NIFTY2621026400CE,26400.0,2026-02-10,412.9,
2026-01-07 14:30:52+05:30,NIFTY2621026400CE,26400.0,2026-02-10,412.9,
2026-01-07 14:30:53+05:30,NIFTY2621026400CE,26400.0,2026-02-10,412.9,
2026-01-07 14:30:54+05:30,NIFTY2621026400CE,26400.0,2026-02-10,412.9,
2026-01-07 14:30:55+05:30,NIFTY2621026400CE,26400.0,2026-02-10,412.9,
2026-01-07 14:30:56+05:30,NIFTY2621026400CE,26400.0,2026-02-10,412.9,
2026-01-07 14:30:57+05:30,NIFTY2621026400CE,26400.0,2026-02-10,412.9,
2026-01-07 14:30:58+05:30,NIFTY2621026400CE,26400.0,2026-02-10,412.9,
2026-01-07 14:30:59+05:30,NIFTY2621026400CE,26400.0,2026-02-10,412.9,
2026-01-07 14:31:00+05:30,NIFTY2621026400CE,26400.0,2026-02-10,412.9,
2026-01-07 14:31:01+05:30,NIFTY2621026400CE,26400.0,2026-02-10,412.9,
2026-01-07 14:31:02+05:30,NIFTY2621026400CE,26400.0,2026-02-10,412.9,
2026-01-07 14:31:03+05:30,NIFTY2621026400CE,26400.0,2026-02-10,412.9,
2026-01-07 14:31:04+05:30,NIFTY2621026400CE,26400.0,2026-02-10,412.9,
2026-01-07 14:31:05+05:30,NIFTY2621026400CE,26400.0,2026-02-10,412.9,
2026-01-07 14:31:06+05:30,NIFTY2621026400CE,26400.0,2026-02-10,412.9,
2026-01-07 14:31:07+05:30,NIFTY2621026400CE,26400.0,2026-02-10,412.9,
2026-01-07 14:31:08+05:30,NIFTY2621026400CE,26400.0,2026-02-10,412.9,
2026-01-07 14:31:09+05:30,NIFTY2621026400CE,26400.0,2026-02-10,412.9,
2026-01-07 14:31:10+05:30,NIFTY2621026400CE,26400.0,2026-02-10,412.9,
2026-01-07 14:31:11+05:30,NIFTY2621026400CE,26400.0,2026-02-10,412.9,
2026-01-07 14:31:12+05:30,NIFTY2621026400CE,26400.0,2026-02-10,412.9,
2026-01-07 14:31:13+05:30,NIFTY2621026400CE,26400.0,2026-02-10,412.9,
2026-01-07 14:31:14+05:30,NIFTY2621026400CE,26400.0,2026-02-10,412.9,
2026-01-07 14:31:15+05:30,NIFTY2621026400CE,26400.0,2026-02-10,412.9,
2026-01-07 14:31:16+05:30,NIFTY2621026400CE,26400.0,2026-02-10,412.9,
2026-01-07 14:31:17+05:30,NIFTY2621026400CE,26400.0,2026-02-10,412.9,
2026-01-07 14:31:18+05:30,NIFTY2621026400CE,26400.0,2026-02-10,412.9,
2026-01-07 14:31:19+05:30,NIFTY2621026400CE,26400.0,2026-02-10,412.9,
2026-01-07 14:31:20+05:30,NIFTY2621026400CE,26400.0,2026-02-10,412.9,
2026-01-07 14:31:21+05:30,NIFTY2621026400CE,26400.0,2026-02-10,412.9,
2026-01-07 14:31:22+05:30,NIFTY2621026400CE,26400.0,2026-02-10,412.9,
2026-01-07 14:31:23+05:30,NIFTY2621026400CE,26400.0,2026-02-10,412.9,
2026-01-07 14:31:24+05:30,NIFTY2621026400CE,26400.0,2026-02-10,412.9,
2026-01-07 14:31:25+05:30,NIFTY2621026400CE,26400.0,2026-02-10,412.9,
2026-01-07 14:31:26+05:30,NIFTY2621026400CE,26400.0,2026-02-10,412.9,
2026-01-07 14:31:27+05:30,NIFTY2621026400CE,26400.0,2026-02-10,412.9,
2026-01-07 14:31:28+05:30,NIFTY2621026400CE,26400.0,2026-02-10,412.9,
2026-01-07 14:31:29+05:30,NIFTY2621026400CE,26400.0,2026-02-10,412.9,
2026-01-07 14:31:30+05:30,NIFTY2621026400CE,26400.0,2026-02-10,412.9,
2026-01-07 14:31:31+05:30,NIFTY2621026400CE,26400.0,2026-02-10,412.9,
2026-01-07 14:31:32+05:30,NIFTY2621026400CE,26400.0,2026-02-10,412.9,
2026-01-07 14:31:33+05:30,NIFTY2621026400CE,26400.0,2026-02-10,412.9,
2026-01-07 14:31:34+05:30,NIFTY2621026400CE,26400.0,2026-02-10,412.9,
2026-01-07 14:31:35+05:30,NIFTY2621026400CE,26400.0,2026-02-10,412.9,
2026-01-07 14:31:36+05:30,NIFTY2621026400CE,26400.0,2026-02-10,412.9,
2026-01-07 14:31:37+05:30,NIFTY2621026400CE,26400.0,2026-02-10,412.9,
2026-01-07 14:31:38+05:30,NIFTY2621026400CE,26400.0,2026-02-10,412.9,
2026-01-07 14:31:39+05:30,NIFTY2621026400CE,26400.0,2026-02-10,412.9,
2026-01-07 14:31:40+05:30,NIFTY2621026400CE,26400.0,2026-02-10,412.9,
2026-01-07 14:31:41+05:30,NIFTY2621026400CE,26400.0,2026-02-10,412.9,
2026-01-07 14:31:42+05:30,NIFTY2621026400CE,26400.0,2026-02-10,412.9,
2026-01-07 14:31:43+05:30,NIFTY2621026400CE,26400.0,2026-02-10,412.9,
2026-01-07 14:31:44+05:30,NIFTY2621026400CE,26400.0,2026-02-10,412.9,
2026-01-07 14:31:45+05:30,NIFTY2621026400CE,26400.0,2026-02-10,412.9,
2026-01-07 14:31:46+05:30,NIFTY2621026400CE,26400.0,2026-02-10,412.9,
2026-01-07 14:31:47+05:30,NIFTY2621026400CE,26400.0,2026-02-10,412.9,
2026-01-07 14:31:48+05:30,NIFTY2621026400CE,26400.0,2026-02-10,412.9,
2026-01-07 14:31:49+05:30,NIFTY2621026400CE,26400.0,2026-02-10,412.9,
2026-01-07 14:31:50+05:30,NIFTY2621026400CE,26400.0,2026-02-10,412.9,
2026-01-07 14:31:51+05:30,NIFTY2621026400CE,26400.0,2026-02-10,412.9,
2026-01-07 14:31:52+05:30,NIFTY2621026400CE,26400.0,2026-02-10,412.9,
2026-01-07 14:31:53+05:30,NIFTY2621026400CE,26400.0,2026-02-10,412.9,
2026-01-07 14:31:54+05:30,NIFTY2621026400CE,26400.0,2026-02-10,412.9,
2026-01-07 14:31:55+05:30,NIFTY2621026400CE,26400.0,2026-02-10,412.9,
2026-01-07 14:31:56+05:30,NIFTY2621026400CE,26400.0,2026-02-10,412.9,
2026-01-07 14:31:57+05:30,NIFTY2621026400CE,26400.0,2026-02-10,412.9,
2026-01-07 14:31:58+05:30,NIFTY2621026400CE,26400.0,2026-02-10,412.9,
2026-01-07 14:31:59+05:30,NIFTY2621026400CE,26400.0,2026-02-10,412.9,
2026-01-07 14:32:00+05:30,NIFTY2621026400CE,26400.0,2026-02-10,412.9,
2026-01-07 14:32:01+05:30,NIFTY2621026400CE,26400.0,2026-02-10,412.9,
2026-01-07 14:32:02+05:30,NIFTY2621026400CE,26400.0,2026-02-10,412.9,
2026-01-07 14:32:03+05:30,NIFTY2621026400CE,26400.0,2026-02-10,412.9,
2026-01-07 14:32:04+05:30,NIFTY2621026400CE,26400.0,2026-02-10,412.9,
2026-01-07 14:32:05+05:30,NIFTY2621026400CE,26400.0,2026-02-10,412.9,
2026-01-07 14:32:06+05:30,NIFTY2621026400CE,26400.0,2026-02-10,412.9,
2026-01-07 14:32:07+05:30,NIFTY2621026400CE,26400.0,2026-02-10,412.9,
2026-01-07 14:32:08+05:30,NIFTY2621026400CE,26400.0,2026-02-10,412.9,
2026-01-07 14:32:09+05:30,NIFTY2621026400CE,26400.0,2026-02-10,412.9,
2026-01-07 14:32:10+05:30,NIFTY2621026400CE,26400.0,2026-02-10,412.9,
2026-01-07 14:32:11+05:30,NIFTY2621026400CE,26400.0,2026-02-10,412.9,
2026-01-07 14:32:12+05:30,NIFTY2621026400CE,26400.0,2026-02-10,412.9,
2026-01-07 14:32:13+05:30,NIFTY2621026400CE,26400.0,2026-02-10,412.9,
2026-01-07 14:32:14+05:30,NIFTY2621026400CE,26400.0,2026-02-10,412.9,
2026-01-07 14:32:15+05:30,NIFTY2621026400CE,26400.0,2026-02-10,412.9,
2026-01-07 14:32:16+05:30,NIFTY2621026400CE,26400.0,2026-02-10,412.9,
2026-01-07 14:32:17+05:30,NIFTY2621026400CE,26400.0,2026-02-10,412.9,
2026-01-07 14:32:18+05:30,NIFTY2621026400CE,26400.0,2026-02-10,412.9,
2026-01-07 14:32:19+05:30,NIFTY2621026400CE,26400.0,2026-02-10,412.9,
2026-01-07 14:32:20+05:30,NIFTY2621026400CE,26400.0,2026-02-10,412.9,
2026-01-07 14:32:21+05:30,NIFTY2621026400CE,26400.0,2026-02-10,412.9,
2026-01-07 14:32:22+05:30,NIFTY2621026400CE,26400.0,2026-02-10,412.9,
2026-01-07 14:32:23+05:30,NIFTY2621026400CE,26400.0,2026-02-10,412.9,
2026-01-07 14:32:24+05:30,NIFTY2621026400CE,26400.0,2026-02-10,412.9,
2026-01-07 14:32:25+05:30,NIFTY2621026400CE,26400.0,2026-02-10,412.9,
2026-01-07 14:32:26+05:30,NIFTY2621026400CE,26400.0,2026-02-10,412.9,
2026-01-07 14:32:27+05:30,NIFTY2621026400CE,26400.0,2026-02-10,412.9,
2026-01-07 14:32:28+05:30,NIFTY2621026400CE,26400.0,2026-02-10,412.9,
2026-01-07 14:32:29+05:30,NIFTY2621026400CE,26400.0,2026-02-10,412.9,
2026-01-07 14:32:30+05:30,NIFTY2621026400CE,26400.0,2026-02-10,412.9,
2026-01-07 14:32:31+05:30,NIFTY2621026400CE,26400.0,2026-02-10,412.9,
2026-01-07 14:32:32+05:30,NIFTY2621026400CE,26400.0,2026-02-10,412.9,
2026-01-07 14:32:33+05:30,NIFTY2621026400CE,26400.0,2026-02-10,412.9,
2026-01-07 14:32:34+05:30,NIFTY2621026400CE,26400.0,2026-02-10,412.9,
2026-01-07 14:32:35+05:30,NIFTY2621026400CE,26400.0,2026-02-10,412.9,
2026-01-07 14:32:36+05:30,NIFTY2621026400CE,26400.0,2026-02-10,412.9,
2026-01-07 14:32:37+05:30,NIFTY2621026400CE,26400.0,2026-02-10,412.9,
2026-01-07 14:32:38+05:30,NIFTY2621026400CE,26400.0,2026-02-10,412.9,
2026-01-07 14:32:39+05:30,NIFTY2621026400CE,26400.0,2026-02-10,412.9,
2026-01-07 14:32:40+05:30,NIFTY2621026400CE,26400.0,2026-02-10,412.9,
2026-01-07 14:32:41+05:30,NIFTY2621026400CE,26400.0,2026-02-10,412.9,
2026-01-07 14:32:42+05:30,NIFTY2621026400CE,26400.0,2026-02-10,412.9,
2026-01-07 14:32:43+05:30,NIFTY2621026400CE,26400.0,2026-02-10,412.9,
2026-01-07 14:32:44+05:30,NIFTY2621026400CE,26400.0,2026-02-10,412.9,
2026-01-07 14:32:45+05:30,NIFTY2621026400CE,26400.0,2026-02-10,412.9,
2026-01-07 14:32:46+05:30,NIFTY2621026400CE,26400.0,2026-02-10,412.9,
2026-01-07 14:32:47+05:30,NIFTY2621026400CE,26400.0,2026-02-10,412.9,
2026-01-07 14:32:48+05:30,NIFTY2621026400CE,26400.0,2026-02-10,412.9,
2026-01-07 14:32:49+05:30,NIFTY2621026400CE,26400.0,2026-02-10,412.9,
2026-01-07 14:32:50+05:30,NIFTY2621026400CE,26400.0,2026-02-10,412.9,
2026-01-07 14:32:51+05:30,NIFTY2621026400CE,26400.0,2026-02-10,412.9,
2026-01-07 14:32:52+05:30,NIFTY2621026400CE,26400.0,2026-02-10,412.9,
2026-01-07 14:32:53+05:30,NIFTY2621026400CE,26400.0,2026-02-10,412.9,
2026-01-07 14:32:54+05:30,NIFTY2621026400CE,26400.0,2026-02-10,412.9,
2026-01-07 14:32:55+05:30,NIFTY2621026400CE,26400.0,2026-02-10,412.9,
2026-01-07 14:32:56+05:30,NIFTY2621026400CE,26400.0,2026-02-10,412.9,
2026-01-07 14:32:57+05:30,NIFTY2621026400CE,26400.0,2026-02-10,412.9,
2026-01-07 14:32:58+05:30,NIFTY2621026400CE,26400.0,2026-02-10,412.9,
2026-01-07 14:32:59+05:30,NIFTY2621026400CE,26400.0,2026-02-10,412.9,
2026-01-07 14:33:00+05:30,NIFTY2621026400CE,26400.0,2026-02-10,412.9,
2026-01-07 14:33:01+05:30,NIFTY2621026400CE,26400.0,2026-02-10,412.9,
2026-01-07 14:33:02+05:30,NIFTY2621026400CE,26400.0,2026-02-10,412.9,
2026-01-07 14:33:03+05:30,NIFTY2621026400CE,26400.0,2026-02-10,412.9,
2026-01-07 14:33:04+05:30,NIFTY2621026400CE,26400.0,2026-02-10,412.9,
2026-01-07 14:33:05+05:30,NIFTY2621026400CE,26400.0,2026-02-10,412.9,
2026-01-07 14:33:06+05:30,NIFTY2621026400CE,26400.0,2026-02-10,412.9,
2026-01-07 14:33:07+05:30,NIFTY2621026400CE,26400.0,2026-02-10,412.9,
2026-01-07 14:33:08+05:30,NIFTY2621026400CE,26400.0,2026-02-10,412.9,
2026-01-07 14:33:09+05:30,NIFTY2621026400CE,26400.0,2026-02-10,412.9,
2026-01-07 14:33:10+05:30,NIFTY2621026400CE,26400.0,2026-02-10,412.9,
2026-01-07 14:33:11+05:30,NIFTY2621026400CE,26400.0,2026-02-10,412.9,
2026-01-07 14:33:12+05:30,NIFTY2621026400CE,26400.0,2026-02-10,412.9,
2026-01-07 14:33:13+05:30,NIFTY2621026400CE,26400.0,2026-02-10,412.9,
2026-01-07 14:33:14+05:30,NIFTY2621026400CE,26400.0,2026-02-10,412.9,
2026-01-07 14:33:15+05:30,NIFTY2621026400CE,26400.0,2026-02-10,412.9,
2026-01-07 14:33:16+05:30,NIFTY2621026400CE,26400.0,2026-02-10,412.9,
2026-01-07 14:33:17+05:30,NIFTY2621026400CE,26400.0,2026-02-10,412.9,
2026-01-07 14:33:18+05:30,NIFTY2621026400CE,26400.0,2026-02-10,412.9,
2026-01-07 14:33:19+05:30,NIFTY2621026400CE,26400.0,2026-02-10,412.9,
2026-01-07 14:33:20+05:30,NIFTY2621026400CE,26400.0,2026-02-10,412.9,
2026-01-07 14:33:21+05:30,NIFTY2621026400CE,26400.0,2026-02-10,412.9,
2026-01-07 14:33:22+05:30,NIFTY2621026400CE,26400.0,2026-02-10,412.9,
2026-01-07 14:33:23+05:30,NIFTY2621026400CE,26400.0,2026-02-10,412.9,
2026-01-07 14:33:24+05:30,NIFTY2621026400CE,26400.0,2026-02-10,412.9,
2026-01-07 14:33:25+05:30,NIFTY2621026400CE,26400.0,2026-02-10,412.9,
2026-01-07 14:33:26+05:30,NIFTY2621026400CE,26400.0,2026-02-10,412.9,
2026-01-07 14:33:27+05:30,NIFTY2621026400CE,26400.0,2026-02-10,412.9,
2026-01-07 14:33:28+05:30,NIFTY2621026400CE,26400.0,2026-02-10,412.9,
2026-01-07 14:33:29+05:30,NIFTY2621026400CE,26400.0,2026-02-10,412.9,
2026-01-07 14:33:30+05:30,NIFTY2621026400CE,26400.0,2026-02-10,412.9,
2026-01-07 14:33:31+05:30,NIFTY2621026400CE,26400.0,2026-02-10,412.9,
2026-01-07 14:33:32+05:30,NIFTY2621026400CE,26400.0,2026-02-10,412.9,
2026-01-07 14:33:33+05:30,NIFTY2621026400CE,26400.0,2026-02-10,412.9,
2026-01-07 14:33:34+05:30,NIFTY2621026400CE,26400.0,2026-02-10,412.9,
2026-01-07 14:33:35+05:30,NIFTY2621026400CE,26400.0,2026-02-10,412.9,
2026-01-07 14:33:36+05:30,NIFTY2621026400CE,26400.0,2026-02-10,412.9,
2026-01-07 14:33:37+05:30,NIFTY2621026400CE,26400.0,2026-02-10,412.9,
2026-01-07 14:33:38+05:30,NIFTY2621026400CE,26400.0,2026-02-10,412.9,
2026-01-07 14:33:39+05:30,NIFTY2621026400CE,26400.0,2026-02-10,412.9,
2026-01-07 14:33:40+05:30,NIFTY2621026400CE,26400.0,2026-02-10,412.9,
2026-01-07 14:33:41+05:30,NIFTY2621026400CE,26400.0,2026-02-10,412.9,
2026-01-07 14:33:42+05:30,NIFTY2621026400CE,26400.0,2026-02-10,412.9,
2026-01-07 14:33:43+05:30,NIFTY2621026400CE,26400.0,2026-02-10,412.9,
2026-01-07 14:33:44+05:30,NIFTY2621026400CE,26400.0,2026-02-10,412.9,
2026-01-07 14:33:45+05:30,NIFTY2621026400CE,26400.0,2026-02-10,412.9,
2026-01-07 14:33:46+05:30,NIFTY2621026400CE,26400.0,2026-02-10,412.9,
2026-01-07 14:33:47+05:30,NIFTY2621026400CE,26400.0,2026-02-10,412.9,
2026-01-07 14:33:48+05:30,NIFTY2621026400CE,26400.0,2026-02-10,412.9,
2026-01-07 14:33:49+05:30,NIFTY2621026400CE,26400.0,2026-02-10,412.9,
2026-01-07 14:33:50+05:30,NIFTY2621026400CE,26400.0,2026-02-10,412.9,
2026-01-07 14:33:51+05:30,NIFTY2621026400CE,26400.0,2026-02-10,412.9,
2026-01-07 14:33:52+05:30,NIFTY2621026400CE,26400.0,2026-02-10,412.9,
2026-01-07 14:33:53+05:30,NIFTY2621026400CE,26400.0,2026-02-10,412.9,
2026-01-07 14:33:54+05:30,NIFTY2621026400CE,26400.0,2026-02-10,412.9,
2026-01-07 14:33:55+05:30,NIFTY2621026400CE,26400.0,2026-02-10,412.9,
2026-01-07 14:33:56+05:30,NIFTY2621026400CE,26400.0,2026-02-10,412.9,
2026-01-07 14:33:57+05:30,NIFTY2621026400CE,26400.0,2026-02-10,412.9,
2026-01-07 14:33:58+05:30,NIFTY2621026400CE,26400.0,2026-02-10,412.9,
2026-01-07 14:33:59+05:30,NIFTY2621026400CE,26400.0,2026-02-10,412.9,
2026-01-07 14:34:00+05:30,NIFTY2621026400CE,26400.0,2026-02-10,412.9,
2026-01-07 14:34:01+05:30,NIFTY2621026400CE,26400.0,2026-02-10,412.9,
2026-01-07 14:34:02+05:30,NIFTY2621026400CE,26400.0,2026-02-10,412.9,
2026-01-07 14:34:03+05:30,NIFTY2621026400CE,26400.0,2026-02-10,412.9,
2026-01-07 14:34:04+05:30,NIFTY2621026400CE,26400.0,2026-02-10,412.9,
2026-01-07 14:34:05+05:30,NIFTY2621026400CE,26400.0,2026-02-10,412.9,
2026-01-07 14:34:06+05:30,NIFTY2621026400CE,26400.0,2026-02-10,412.9,
2026-01-07 14:34:07+05:30,NIFTY2621026400CE,26400.0,2026-02-10,412.9,
2026-01-07 14:34:08+05:30,NIFTY2621026400CE,26400.0,2026-02-10,412.9,
2026-01-07 14:34:09+05:30,NIFTY2621026400CE,26400.0,2026-02-10,412.9,
2026-01-07 14:34:10+05:30,NIFTY2621026400CE,26400.0,2026-02-10,412.9,
2026-01-07 14:34:11+05:30,NIFTY2621026400CE,26400.0,2026-02-10,412.9,
2026-01-07 14:34:12+05:30,NIFTY2621026400CE,26400.0,2026-02-10,412.9,
2026-01-07 14:34:13+05:30,NIFTY2621026400CE,26400.0,2026-02-10,412.9,
2026-01-07 14:34:14+05:30,NIFTY2621026400CE,26400.0,2026-02-10,412.9,
2026-01-07 14:34:15+05:30,NIFTY2621026400CE,26400.0,2026-02-10,412.9,
2026-01-07 14:34:16+05:30,NIFTY2621026400CE,26400.0,2026-02-10,412.9,
2026-01-07 14:34:17+05:30,NIFTY2621026400CE,26400.0,2026-02-10,412.9,
2026-01-07 14:34:18+05:30,NIFTY2621026400CE,26400.0,2026-02-10,412.9,
2026-01-07 14:34:19+05:30,NIFTY2621026400CE,26400.0,2026-02-10,412.9,
2026-01-07 14:34:20+05:30,NIFTY2621026400CE,26400.0,2026-02-10,412.9,
2026-01-07 14:34:21+05:30,NIFTY2621026400CE,26400.0,2026-02-10,412.9,
2026-01-07 14:34:22+05:30,NIFTY2621026400CE,26400.0,2026-02-10,412.9,
2026-01-07 14:34:23+05:30,NIFTY2621026400CE,26400.0,2026-02-10,412.9,
2026-01-07 14:34:24+05:30,NIFTY2621026400CE,26400.0,2026-02-10,412.9,
2026-01-07 14:34:25+05:30,NIFTY2621026400CE,26400.0,2026-02-10,412.9,
2026-01-07 14:34:26+05:30,NIFTY2621026400CE,26400.0,2026-02-10,412.9,
2026-01-07 14:34:27+05:30,NIFTY2621026400CE,26400.0,2026-02-10,412.9,
2026-01-07 14:34:28+05:30,NIFTY2621026400CE,26400.0,2026-02-10,412.9,
2026-01-07 14:34:29+05:30,NIFTY2621026400CE,26400.0,2026-02-10,412.9,
2026-01-07 14:34:30+05:30,NIFTY2621026400CE,26400.0,2026-02-10,412.9,
2026-01-07 14:34:31+05:30,NIFTY2621026400CE,26400.0,2026-02-10,412.9,
2026-01-07 14:34:32+05:30,NIFTY2621026400CE,26400.0,2026-02-10,412.9,
2026-01-07 14:34:33+05:30,NIFTY2621026400CE,26400.0,2026-02-10,412.9,
2026-01-07 14:34:34+05:30,NIFTY2621026400CE,26400.0,2026-02-10,412.9,
2026-01-07 14:34:35+05:30,NIFTY2621026400CE,26400.0,2026-02-10,412.9,
2026-01-07 14:34:36+05:30,NIFTY2621026400CE,26400.0,2026-02-10,412.9,
2026-01-07 14:34:37+05:30,NIFTY2621026400CE,26400.0,2026-02-10,412.9,
2026-01-07 14:34:38+05:30,NIFTY2621026400CE,26400.0,2026-02-10,412.9,
2026-01-07 14:34:39+05:30,NIFTY2621026400CE,26400.0,2026-02-10,412.9,
2026-01-07 14:34:40+05:30,NIFTY2621026400CE,26400.0,2026-02-10,412.9,
2026-01-07 14:34:41+05:30,NIFTY2621026400CE,26400.0,2026-02-10,412.9,
2026-01-07 14:34:42+05:30,NIFTY2621026400CE,26400.0,2026-02-10,412.9,
2026-01-07 14:34:43+05:30,NIFTY2621026400CE,26400.0,2026-02-10,412.9,
2026-01-07 14:34:44+05:30,NIFTY2621026400CE,26400.0,2026-02-10,412.9,
2026-01-07 14:34:45+05:30,NIFTY2621026400CE,26400.0,2026-02-10,412.9,
2026-01-07 14:34:46+05:30,NIFTY2621026400CE,26400.0,2026-02-10,412.9,
2026-01-07 14:34:47+05:30,NIFTY2621026400CE,26400.0,2026-02-10,412.9,
2026-01-07 14:34:48+05:30,NIFTY2621026400CE,26400.0,2026-02-10,412.9,
2026-01-07 14:34:49+05:30,NIFTY2621026400CE,26400.0,2026-02-10,412.9,
2026-01-07 14:34:50+05:30,NIFTY2621026400CE,26400.0,2026-02-10,412.9,
2026-01-07 14:34:51+05:30,NIFTY2621026400CE,26400.0,2026-02-10,412.9,
2026-01-07 14:34:52+05:30,NIFTY2621026400CE,26400.0,2026-02-10,412.9,
2026-01-07 14:34:53+05:30,NIFTY2621026400CE,26400.0,2026-02-10,412.9,
2026-01-07 14:34:54+05:30,NIFTY2621026400CE,26400.0,2026-02-10,412.9,
2026-01-07 14:34:55+05:30,NIFTY2621026400CE,26400.0,2026-02-10,412.9,
2026-01-07 14:34:56+05:30,NIFTY2621026400CE,26400.0,2026-02-10,412.9,
2026-01-07 14:34:57+05:30,NIFTY2621026400CE,26400.0,2026-02-10,412.9,
2026-01-07 14:34:58+05:30,NIFTY2621026400CE,26400.0,2026-02-10,412.9,
2026-01-07 14:34:59+05:30,NIFTY2621026400CE,26400.0,2026-02-10,412.9,
2026-01-07 14:35:00+05:30,NIFTY2621026400CE,26400.0,2026-02-10,412.9,
2026-01-07 14:35:01+05:30,NIFTY2621026400CE,26400.0,2026-02-10,412.9,
2026-01-07 14:35:02+05:30,NIFTY2621026400CE,26400.0,2026-02-10,412.9,
2026-01-07 14:35:03+05:30,NIFTY2621026400CE,26400.0,2026-02-10,412.9,
2026-01-07 14:35:04+05:30,NIFTY2621026400CE,26400.0,2026-02-10,412.9,
2026-01-07 14:35:05+05:30,NIFTY2621026400CE,26400.0,2026-02-10,412.9,
2026-01-07 14:35:06+05:30,NIFTY2621026400CE,26400.0,2026-02-10,412.9,
2026-01-07 14:35:07+05:30,NIFTY2621026400CE,26400.0,2026-02-10,412.9,
2026-01-07 14:35:08+05:30,NIFTY2621026400CE,26400.0,2026-02-10,412.9,
2026-01-07 14:35:09+05:30,NIFTY2621026400CE,26400.0,2026-02-10,412.9,
2026-01-07 14:35:10+05:30,NIFTY2621026400CE,26400.0,2026-02-10,412.9,
2026-01-07 14:35:11+05:30,NIFTY2621026400CE,26400.0,2026-02-10,412.9,
2026-01-07 14:35:12+05:30,NIFTY2621026400CE,26400.0,2026-02-10,412.9,
2026-01-07 14:35:13+05:30,NIFTY2621026400CE,26400.0,2026-02-10,412.9,
2026-01-07 14:35:14+05:30,NIFTY2621026400CE,26400.0,2026-02-10,412.9,
2026-01-07 14:35:15+05:30,NIFTY2621026400CE,26400.0,2026-02-10,412.9,
2026-01-07 14:35:16+05:30,NIFTY2621026400CE,26400.0,2026-02-10,412.9,
2026-01-07 14:35:17+05:30,NIFTY2621026400CE,26400.0,2026-02-10,412.9,
2026-01-07 14:35:18+05:30,NIFTY2621026400CE,26400.0,2026-02-10,412.9,
2026-01-07 14:35:19+05:30,NIFTY2621026400CE,26400.0,2026-02-10,412.9,
2026-01-07 14:35:20+05:30,NIFTY2621026400CE,26400.0,2026-02-10,412.9,
2026-01-07 14:35:21+05:30,NIFTY2621026400CE,26400.0,2026-02-10,412.9,
2026-01-07 14:35:22+05:30,NIFTY2621026400CE,26400.0,2026-02-10,412.9,
2026-01-07 14:35:23+05:30,NIFTY2621026400CE,26400.0,2026-02-10,412.9,
2026-01-07 14:35:24+05:30,NIFTY2621026400CE,26400.0,2026-02-10,412.9,
2026-01-07 14:35:25+05:30,NIFTY2621026400CE,26400.0,2026-02-10,412.9,
2026-01-07 14:35:26+05:30,NIFTY2621026400CE,26400.0,2026-02-10,412.9,
2026-01-07 14:35:27+05:30,NIFTY2621026400CE,26400.0,2026-02-10,412.9,
2026-01-07 14:35:28+05:30,NIFTY2621026400CE,26400.0,2026-02-10,412.9,
2026-01-07 14:35:29+05:30,NIFTY2621026400CE,26400.0,2026-02-10,412.9,
2026-01-07 14:35:30+05:30,NIFTY2621026400CE,26400.0,2026-02-10,412.9,
2026-01-07 14:35:31+05:30,NIFTY2621026400CE,26400.0,2026-02-10,412.9,
2026-01-07 14:35:32+05:30,NIFTY2621026400CE,26400.0,2026-02-10,412.9,
2026-01-07 14:35:33+05:30,NIFTY2621026400CE,26400.0,2026-02-10,412.9,
2026-01-07 14:35:34+05:30,NIFTY2621026400CE,26400.0,2026-02-10,412.9,
2026-01-07 14:35:35+05:30,NIFTY2621026400CE,26400.0,2026-02-10,412.9,
2026-01-07 14:35:36+05:30,NIFTY2621026400CE,26400.0,2026-02-10,412.9,
2026-01-07 14:35:37+05:30,NIFTY2621026400CE,26400.0,2026-02-10,412.9,
2026-01-07 14:35:38+05:30,NIFTY2621026400CE,26400.0,2026-02-10,412.9,
2026-01-07 14:35:39+05:30,NIFTY2621026400CE,26400.0,2026-02-10,412.9,
2026-01-07 14:35:40+05:30,NIFTY2621026400CE,26400.0,2026-02-10,412.9,
2026-01-07 14:35:41+05:30,NIFTY2621026400CE,26400.0,2026-02-10,412.9,
2026-01-07 14:35:42+05:30,NIFTY2621026400CE,26400.0,2026-02-10,412.9,
2026-01-07 14:35:43+05:30,NIFTY2621026400CE,26400.0,2026-02-10,412.9,
2026-01-07 14:35:44+05:30,NIFTY2621026400CE,26400.0,2026-02-10,412.9,
2026-01-07 14:35:45+05:30,NIFTY2621026400CE,26400.0,2026-02-10,412.9,
2026-01-07 14:35:46+05:30,NIFTY2621026400CE,26400.0,2026-02-10,412.9,
2026-01-07 14:35:47+05:30,NIFTY2621026400CE,26400.0,2026-02-10,412.9,
2026-01-07 14:35:48+05:30,NIFTY2621026400CE,26400.0,2026-02-10,412.9,
2026-01-07 14:35:49+05:30,NIFTY2621026400CE,26400.0,2026-02-10,412.9,
2026-01-07 14:35:50+05:30,NIFTY2621026400CE,26400.0,2026-02-10,412.9,
2026-01-07 14:35:51+05:30,NIFTY2621026400CE,26400.0,2026-02-10,412.9,
2026-01-07 14:35:52+05:30,NIFTY2621026400CE,26400.0,2026-02-10,412.9,
2026-01-07 14:35:53+05:30,NIFTY2621026400CE,26400.0,2026-02-10,412.9,
2026-01-07 14:35:54+05:30,NIFTY2621026400CE,26400.0,2026-02-10,412.9,
2026-01-07 14:35:55+05:30,NIFTY2621026400CE,26400.0,2026-02-10,412.9,
2026-01-07 14:35:56+05:30,NIFTY2621026400CE,26400.0,2026-02-10,412.9,
2026-01-07 14:35:57+05:30,NIFTY2621026400CE,26400.0,2026-02-10,412.9,
2026-01-07 14:35:58+05:30,NIFTY2621026400CE,26400.0,2026-02-10,412.9,
2026-01-07 14:35:59+05:30,NIFTY2621026400CE,26400.0,2026-02-10,412.9,
2026-01-07 14:36:00+05:30,NIFTY2621026400CE,26400.0,2026-02-10,412.9,
2026-01-07 14:36:01+05:30,NIFTY2621026400CE,26400.0,2026-02-10,412.9,
2026-01-07 14:36:02+05:30,NIFTY2621026400CE,26400.0,2026-02-10,412.9,
2026-01-07 14:36:03+05:30,NIFTY2621026400CE,26400.0,2026-02-10,412.9,
2026-01-07 14:36:04+05:30,NIFTY2621026400CE,26400.0,2026-02-10,412.9,
2026-01-07 14:36:05+05:30,NIFTY2621026400CE,26400.0,2026-02-10,412.9,
2026-01-07 14:36:06+05:30,NIFTY2621026400CE,26400.0,2026-02-10,412.9,
2026-01-07 14:36:07+05:30,NIFTY2621026400CE,26400.0,2026-02-10,412.9,
2026-01-07 14:36:08+05:30,NIFTY2621026400CE,26400.0,2026-02-10,412.9,
2026-01-07 14:36:09+05:30,NIFTY2621026400CE,26400.0,2026-02-10,412.9,
2026-01-07 14:36:10+05:30,NIFTY2621026400CE,26400.0,2026-02-10,412.9,
2026-01-07 14:36:11+05:30,NIFTY2621026400CE,26400.0,2026-02-10,412.9,
2026-01-07 14:36:12+05:30,NIFTY2621026400CE,26400.0,2026-02-10,412.9,
2026-01-07 14:36:13+05:30,NIFTY2621026400CE,26400.0,2026-02-10,412.9,
2026-01-07 14:36:14+05:30,NIFTY2621026400CE,26400.0,2026-02-10,412.9,
2026-01-07 14:36:15+05:30,NIFTY2621026400CE,26400.0,2026-02-10,412.9,
2026-01-07 14:36:16+05:30,NIFTY2621026400CE,26400.0,2026-02-10,412.9,
2026-01-07 14:36:17+05:30,NIFTY2621026400CE,26400.0,2026-02-10,412.9,
2026-01-07 14:36:18+05:30,NIFTY2621026400CE,26400.0,2026-02-10,412.9,
2026-01-07 14:36:19+05:30,NIFTY2621026400CE,26400.0,2026-02-10,412.9,
2026-01-07 14:36:20+05:30,NIFTY2621026400CE,26400.0,2026-02-10,412.9,
2026-01-07 14:36:21+05:30,NIFTY2621026400CE,26400.0,2026-02-10,412.9,
2026-01-07 14:36:22+05:30,NIFTY2621026400CE,26400.0,2026-02-10,412.9,
2026-01-07 14:36:23+05:30,NIFTY2621026400CE,26400.0,2026-02-10,412.9,
2026-01-07 14:36:24+05:30,NIFTY2621026400CE,26400.0,2026-02-10,412.9,
2026-01-07 14:36:25+05:30,NIFTY2621026400CE,26400.0,2026-02-10,412.9,
2026-01-07 14:36:26+05:30,NIFTY2621026400CE,26400.0,2026-02-10,412.9,
2026-01-07 14:36:27+05:30,NIFTY2621026400CE,26400.0,2026-02-10,412.9,
2026-01-07 14:36:28+05:30,NIFTY2621026400CE,26400.0,2026-02-10,412.9,
2026-01-07 14:36:29+05:30,NIFTY2621026400CE,26400.0,2026-02-10,412.9,
2026-01-07 14:36:30+05:30,NIFTY2621026400CE,26400.0,2026-02-10,412.9,
2026-01-07 14:36:31+05:30,NIFTY2621026400CE,26400.0,2026-02-10,412.9,
2026-01-07 14:36:32+05:30,NIFTY2621026400CE,26400.0,2026-02-10,412.9,
2026-01-07 14:36:33+05:30,NIFTY2621026400CE,26400.0,2026-02-10,412.9,
2026-01-07 14:36:34+05:30,NIFTY2621026400CE,26400.0,2026-02-10,412.9,
2026-01-07 14:36:35+05:30,NIFTY2621026400CE,26400.0,2026-02-10,412.9,
2026-01-07 14:36:36+05:30,NIFTY2621026400CE,26400.0,2026-02-10,412.9,
2026-01-07 14:36:37+05:30,NIFTY2621026400CE,26400.0,2026-02-10,412.9,
2026-01-07 14:36:38+05:30,NIFTY2621026400CE,26400.0,2026-02-10,412.9,
2026-01-07 14:36:39+05:30,NIFTY2621026400CE,26400.0,2026-02-10,412.9,
2026-01-07 14:36:40+05:30,NIFTY2621026400CE,26400.0,2026-02-10,412.9,
2026-01-07 14:36:41+05:30,NIFTY2621026400CE,26400.0,2026-02-10,412.9,
2026-01-07 14:36:42+05:30,NIFTY2621026400CE,26400.0,2026-02-10,412.9,
2026-01-07 14:36:43+05:30,NIFTY2621026400CE,26400.0,2026-02-10,412.9,
2026-01-07 14:36:44+05:30,NIFTY2621026400CE,26400.0,2026-02-10,412.9,
2026-01-07 14:36:45+05:30,NIFTY2621026400CE,26400.0,2026-02-10,412.9,
2026-01-07 14:36:46+05:30,NIFTY2621026400CE,26400.0,2026-02-10,412.9,
2026-01-07 14:36:47+05:30,NIFTY2621026400CE,26400.0,2026-02-10,412.9,
2026-01-07 14:36:48+05:30,NIFTY2621026400CE,26400.0,2026-02-10,412.9,
2026-01-07 14:36:49+05:30,NIFTY2621026400CE,26400.0,2026-02-10,412.9,
2026-01-07 14:36:50+05:30,NIFTY2621026400CE,26400.0,2026-02-10,412.9,
2026-01-07 14:36:51+05:30,NIFTY2621026400CE,26400.0,2026-02-10,412.9,
2026-01-07 14:36:52+05:30,NIFTY2621026400CE,26400.0,2026-02-10,412.9,
2026-01-07 14:36:53+05:30,NIFTY2621026400CE,26400.0,2026-02-10,412.9,
2026-01-07 14:36:54+05:30,NIFTY2621026400CE,26400.0,2026-02-10,412.9,
2026-01-07 14:36:55+05:30,NIFTY2621026400CE,26400.0,2026-02-10,412.9,
2026-01-07 14:36:56+05:30,NIFTY2621026400CE,26400.0,2026-02-10,412.9,
2026-01-07 14:36:57+05:30,NIFTY2621026400CE,26400.0,2026-02-10,412.9,
2026-01-07 14:36:58+05:30,NIFTY2621026400CE,26400.0,2026-02-10,412.9,
2026-01-07 14:36:59+05:30,NIFTY2621026400CE,26400.0,2026-02-10,412.9,
2026-01-07 14:37:00+05:30,NIFTY2621026400CE,26400.0,2026-02-10,412.9,
2026-01-07 14:37:01+05:30,NIFTY2621026400CE,26400.0,2026-02-10,412.9,
2026-01-07 14:37:02+05:30,NIFTY2621026400CE,26400.0,2026-02-10,412.9,
2026-01-07 14:37:03+05:30,NIFTY2621026400CE,26400.0,2026-02-10,412.9,
2026-01-07 14:37:04+05:30,NIFTY2621026400CE,26400.0,2026-02-10,412.9,
2026-01-07 14:37:05+05:30,NIFTY2621026400CE,26400.0,2026-02-10,412.9,
2026-01-07 14:37:06+05:30,NIFTY2621026400CE,26400.0,2026-02-10,412.9,
2026-01-07 14:37:07+05:30,NIFTY2621026400CE,26400.0,2026-02-10,412.9,
2026-01-07 14:37:08+05:30,NIFTY2621026400CE,26400.0,2026-02-10,412.9,
2026-01-07 14:37:09+05:30,NIFTY2621026400CE,26400.0,2026-02-10,412.9,
2026-01-07 14:37:10+05:30,NIFTY2621026400CE,26400.0,2026-02-10,412.9,
2026-01-07 14:37:11+05:30,NIFTY2621026400CE,26400.0,2026-02-10,412.9,
2026-01-07 14:37:12+05:30,NIFTY2621026400CE,26400.0,2026-02-10,412.9,
2026-01-07 14:37:13+05:30,NIFTY2621026400CE,26400.0,2026-02-10,412.9,
2026-01-07 14:37:14+05:30,NIFTY2621026400CE,26400.0,2026-02-10,412.9,
2026-01-07 14:37:15+05:30,NIFTY2621026400CE,26400.0,2026-02-10,412.9,
2026-01-07 14:37:16+05:30,NIFTY2621026400CE,26400.0,2026-02-10,412.9,
2026-01-07 14:37:17+05:30,NIFTY2621026400CE,26400.0,2026-02-10,412.9,
2026-01-07 14:37:18+05:30,NIFTY2621026400CE,26400.0,2026-02-10,412.9,
2026-01-07 14:37:19+05:30,NIFTY2621026400CE,26400.0,2026-02-10,412.9,
2026-01-07 14:37:20+05:30,NIFTY2621026400CE,26400.0,2026-02-10,412.9,
2026-01-07 14:37:21+05:30,NIFTY2621026400CE,26400.0,2026-02-10,412.9,
2026-01-07 14:37:22+05:30,NIFTY2621026400CE,26400.0,2026-02-10,412.9,
2026-01-07 14:37:23+05:30,NIFTY2621026400CE,26400.0,2026-02-10,412.9,
2026-01-07 14:37:24+05:30,NIFTY2621026400CE,26400.0,2026-02-10,412.9,
2026-01-07 14:37:25+05:30,NIFTY2621026400CE,26400.0,2026-02-10,412.9,
2026-01-07 14:37:26+05:30,NIFTY2621026400CE,26400.0,2026-02-10,412.9,
2026-01-07 14:37:27+05:30,NIFTY2621026400CE,26400.0,2026-02-10,412.9,
2026-01-07 14:37:28+05:30,NIFTY2621026400CE,26400.0,2026-02-10,412.9,
2026-01-07 14:37:29+05:30,NIFTY2621026400CE,26400.0,2026-02-10,412.9,
2026-01-07 14:37:30+05:30,NIFTY2621026400CE,26400.0,2026-02-10,412.9,
2026-01-07 14:37:31+05:30,NIFTY2621026400CE,26400.0,2026-02-10,412.9,
2026-01-07 14:37:32+05:30,NIFTY2621026400CE,26400.0,2026-02-10,412.9,
2026-01-07 14:37:33+05:30,NIFTY2621026400CE,26400.0,2026-02-10,412.9,
2026-01-07 14:37:34+05:30,NIFTY2621026400CE,26400.0,2026-02-10,412.9,
2026-01-07 14:37:35+05:30,NIFTY2621026400CE,26400.0,2026-02-10,412.9,
2026-01-07 14:37:36+05:30,NIFTY2621026400CE,26400.0,2026-02-10,412.9,
2026-01-07 14:37:37+05:30,NIFTY2621026400CE,26400.0,2026-02-10,412.9,
2026-01-07 14:37:38+05:30,NIFTY2621026400CE,26400.0,2026-02-10,412.9,
2026-01-07 14:37:39+05:30,NIFTY2621026400CE,26400.0,2026-02-10,412.9,
2026-01-07 14:37:40+05:30,NIFTY2621026400CE,26400.0,2026-02-10,412.9,
2026-01-07 14:37:41+05:30,NIFTY2621026400CE,26400.0,2026-02-10,412.9,
2026-01-07 14:37:42+05:30,NIFTY2621026400CE,26400.0,2026-02-10,412.9,
2026-01-07 14:37:43+05:30,NIFTY2621026400CE,26400.0,2026-02-10,412.9,
2026-01-07 14:37:44+05:30,NIFTY2621026400CE,26400.0,2026-02-10,412.9,
2026-01-07 14:37:45+05:30,NIFTY2621026400CE,26400.0,2026-02-10,412.9,
2026-01-07 14:37:46+05:30,NIFTY2621026400CE,26400.0,2026-02-10,412.9,
2026-01-07 14:37:47+05:30,NIFTY2621026400CE,26400.0,2026-02-10,412.9,
2026-01-07 14:37:48+05:30,NIFTY2621026400CE,26400.0,2026-02-10,412.9,
2026-01-07 14:37:49+05:30,NIFTY2621026400CE,26400.0,2026-02-10,412.9,
2026-01-07 14:37:50+05:30,NIFTY2621026400CE,26400.0,2026-02-10,412.9,
2026-01-07 14:37:51+05:30,NIFTY2621026400CE,26400.0,2026-02-10,412.9,
2026-01-07 14:37:52+05:30,NIFTY2621026400CE,26400.0,2026-02-10,412.9,
2026-01-07 14:37:53+05:30,NIFTY2621026400CE,26400.0,2026-02-10,412.9,
2026-01-07 14:37:54+05:30,NIFTY2621026400CE,26400.0,2026-02-10,412.9,
2026-01-07 14:37:55+05:30,NIFTY2621026400CE,26400.0,2026-02-10,412.9,
2026-01-07 14:37:56+05:30,NIFTY2621026400CE,26400.0,2026-02-10,412.9,
2026-01-07 14:37:57+05:30,NIFTY2621026400CE,26400.0,2026-02-10,412.9,
2026-01-07 14:37:58+05:30,NIFTY2621026400CE,26400.0,2026-02-10,412.9,
2026-01-07 14:37:59+05:30,NIFTY2621026400CE,26400.0,2026-02-10,412.9,
2026-01-07 14:38:00+05:30,NIFTY2621026400CE,26400.0,2026-02-10,412.9,
2026-01-07 14:38:01+05:30,NIFTY2621026400CE,26400.0,2026-02-10,412.9,
2026-01-07 14:38:02+05:30,NIFTY2621026400CE,26400.0,2026-02-10,412.9,
2026-01-07 14:38:03+05:30,NIFTY2621026400CE,26400.0,2026-02-10,412.9,
2026-01-07 14:38:04+05:30,NIFTY2621026400CE,26400.0,2026-02-10,412.9,
2026-01-07 14:38:05+05:30,NIFTY2621026400CE,26400.0,2026-02-10,412.9,
2026-01-07 14:38:06+05:30,NIFTY2621026400CE,26400.0,2026-02-10,412.9,
2026-01-07 14:38:07+05:30,NIFTY2621026400CE,26400.0,2026-02-10,412.9,
2026-01-07 14:38:08+05:30,NIFTY2621026400CE,26400.0,2026-02-10,412.9,
2026-01-07 14:38:09+05:30,NIFTY2621026400CE,26400.0,2026-02-10,412.9,
2026-01-07 14:38:10+05:30,NIFTY2621026400CE,26400.0,2026-02-10,412.9,
2026-01-07 14:38:11+05:30,NIFTY2621026400CE,26400.0,2026-02-10,412.9,
2026-01-07 14:38:12+05:30,NIFTY2621026400CE,26400.0,2026-02-10,412.9,
2026-01-07 14:38:13+05:30,NIFTY2621026400CE,26400.0,2026-02-10,412.9,
2026-01-07 14:38:14+05:30,NIFTY2621026400CE,26400.0,2026-02-10,412.9,
2026-01-07 14:38:15+05:30,NIFTY2621026400CE,26400.0,2026-02-10,412.9,
2026-01-07 14:38:16+05:30,NIFTY2621026400CE,26400.0,2026-02-10,412.9,
2026-01-07 14:38:17+05:30,NIFTY2621026400CE,26400.0,2026-02-10,412.9,
2026-01-07 14:38:18+05:30,NIFTY2621026400CE,26400.0,2026-02-10,412.9,
2026-01-07 14:38:19+05:30,NIFTY2621026400CE,26400.0,2026-02-10,412.9,
2026-01-07 14:38:20+05:30,NIFTY2621026400CE,26400.0,2026-02-10,412.9,
2026-01-07 14:38:21+05:30,NIFTY2621026400CE,26400.0,2026-02-10,412.9,
2026-01-07 14:38:22+05:30,NIFTY2621026400CE,26400.0,2026-02-10,412.9,
2026-01-07 14:38:23+05:30,NIFTY2621026400CE,26400.0,2026-02-10,412.9,
2026-01-07 14:38:24+05:30,NIFTY2621026400CE,26400.0,2026-02-10,412.9,
2026-01-07 14:38:25+05:30,NIFTY2621026400CE,26400.0,2026-02-10,412.9,
2026-01-07 14:38:26+05:30,NIFTY2621026400CE,26400.0,2026-02-10,412.9,
2026-01-07 14:38:27+05:30,NIFTY2621026400CE,26400.0,2026-02-10,412.9,
2026-01-07 14:38:28+05:30,NIFTY2621026400CE,26400.0,2026-02-10,412.9,
2026-01-07 14:38:29+05:30,NIFTY2621026400CE,26400.0,2026-02-10,412.9,
2026-01-07 14:38:30+05:30,NIFTY2621026400CE,26400.0,2026-02-10,412.9,
2026-01-07 14:38:31+05:30,NIFTY2621026400CE,26400.0,2026-02-10,412.9,
2026-01-07 14:38:32+05:30,NIFTY2621026400CE,26400.0,2026-02-10,412.9,
2026-01-07 14:38:33+05:30,NIFTY2621026400CE,26400.0,2026-02-10,412.9,
2026-01-07 14:38:34+05:30,NIFTY2621026400CE,26400.0,2026-02-10,412.9,
2026-01-07 14:38:35+05:30,NIFTY2621026400CE,26400.0,2026-02-10,412.9,
2026-01-07 14:38:36+05:30,NIFTY2621026400CE,26400.0,2026-02-10,412.9,
2026-01-07 14:38:37+05:30,NIFTY2621026400CE,26400.0,2026-02-10,412.9,
2026-01-07 14:38:38+05:30,NIFTY2621026400CE,26400.0,2026-02-10,412.9,
2026-01-07 14:38:39+05:30,NIFTY2621026400CE,26400.0,2026-02-10,412.9,
2026-01-07 14:38:40+05:30,NIFTY2621026400CE,26400.0,2026-02-10,412.9,
2026-01-07 14:38:41+05:30,NIFTY2621026400CE,26400.0,2026-02-10,412.9,
2026-01-07 14:38:42+05:30,NIFTY2621026400CE,26400.0,2026-02-10,412.9,
2026-01-07 14:38:43+05:30,NIFTY2621026400CE,26400.0,2026-02-10,412.9,
2026-01-07 14:38:44+05:30,NIFTY2621026400CE,26400.0,2026-02-10,412.9,
2026-01-07 14:38:45+05:30,NIFTY2621026400CE,26400.0,2026-02-10,412.9,
2026-01-07 14:38:46+05:30,NIFTY2621026400CE,26400.0,2026-02-10,412.9,
2026-01-07 14:38:47+05:30,NIFTY2621026400CE,26400.0,2026-02-10,412.9,
2026-01-07 14:38:48+05:30,NIFTY2621026400CE,26400.0,2026-02-10,412.9,
2026-01-07 14:38:49+05:30,NIFTY2621026400CE,26400.0,2026-02-10,412.9,
2026-01-07 14:38:50+05:30,NIFTY2621026400CE,26400.0,2026-02-10,412.9,
2026-01-07 14:38:51+05:30,NIFTY2621026400CE,26400.0,2026-02-10,412.9,
2026-01-07 14:38:52+05:30,NIFTY2621026400CE,26400.0,2026-02-10,412.9,
2026-01-07 14:38:53+05:30,NIFTY2621026400CE,26400.0,2026-02-10,412.9,
2026-01-07 14:38:54+05:30,NIFTY2621026400CE,26400.0,2026-02-10,412.9,
2026-01-07 14:38:55+05:30,NIFTY2621026400CE,26400.0,2026-02-10,412.9,
2026-01-07 14:38:56+05:30,NIFTY2621026400CE,26400.0,2026-02-10,412.9,
2026-01-07 14:38:57+05:30,NIFTY2621026400CE,26400.0,2026-02-10,412.9,
2026-01-07 14:38:58+05:30,NIFTY2621026400CE,26400.0,2026-02-10,412.9,
2026-01-07 14:38:59+05:30,NIFTY2621026400CE,26400.0,2026-02-10,412.9,
2026-01-07 14:39:00+05:30,NIFTY2621026400CE,26400.0,2026-02-10,412.9,
2026-01-07 14:39:01+05:30,NIFTY2621026400CE,26400.0,2026-02-10,412.9,
2026-01-07 14:39:02+05:30,NIFTY2621026400CE,26400.0,2026-02-10,412.9,
2026-01-07 14:39:03+05:30,NIFTY2621026400CE,26400.0,2026-02-10,412.9,
2026-01-07 14:39:04+05:30,NIFTY2621026400CE,26400.0,2026-02-10,412.9,
2026-01-07 14:39:05+05:30,NIFTY2621026400CE,26400.0,2026-02-10,412.9,
2026-01-07 14:39:06+05:30,NIFTY2621026400CE,26400.0,2026-02-10,412.9,
2026-01-07 14:39:07+05:30,NIFTY2621026400CE,26400.0,2026-02-10,412.9,
2026-01-07 14:39:08+05:30,NIFTY2621026400CE,26400.0,2026-02-10,412.9,
2026-01-07 14:39:09+05:30,NIFTY2621026400CE,26400.0,2026-02-10,412.9,
2026-01-07 14:39:10+05:30,NIFTY2621026400CE,26400.0,2026-02-10,412.9,
2026-01-07 14:39:11+05:30,NIFTY2621026400CE,26400.0,2026-02-10,412.9,
2026-01-07 14:39:12+05:30,NIFTY2621026400CE,26400.0,2026-02-10,412.9,
2026-01-07 14:39:13+05:30,NIFTY2621026400CE,26400.0,2026-02-10,412.9,
2026-01-07 14:39:14+05:30,NIFTY2621026400CE,26400.0,2026-02-10,412.9,
2026-01-07 14:39:15+05:30,NIFTY2621026400CE,26400.0,2026-02-10,412.9,
2026-01-07 14:39:16+05:30,NIFTY2621026400CE,26400.0,2026-02-10,412.9,
2026-01-07 14:39:17+05:30,NIFTY2621026400CE,26400.0,2026-02-10,412.9,
2026-01-07 14:39:18+05:30,NIFTY2621026400CE,26400.0,2026-02-10,412.9,
2026-01-07 14:39:19+05:30,NIFTY2621026400CE,26400.0,2026-02-10,412.9,
2026-01-07 14:39:20+05:30,NIFTY2621026400CE,26400.0,2026-02-10,412.9,
2026-01-07 14:39:21+05:30,NIFTY2621026400CE,26400.0,2026-02-10,412.9,
2026-01-07 14:39:22+05:30,NIFTY2621026400CE,26400.0,2026-02-10,412.9,
2026-01-07 14:39:23+05:30,NIFTY2621026400CE,26400.0,2026-02-10,412.9,
2026-01-07 14:39:24+05:30,NIFTY2621026400CE,26400.0,2026-02-10,412.9,
2026-01-07 14:39:25+05:30,NIFTY2621026400CE,26400.0,2026-02-10,412.9,
2026-01-07 14:39:26+05:30,NIFTY2621026400CE,26400.0,2026-02-10,412.9,
2026-01-07 14:39:27+05:30,NIFTY2621026400CE,26400.0,2026-02-10,412.9,
2026-01-07 14:39:28+05:30,NIFTY2621026400CE,26400.0,2026-02-10,412.9,
2026-01-07 14:39:29+05:30,NIFTY2621026400CE,26400.0,2026-02-10,412.9,
2026-01-07 14:39:30+05:30,NIFTY2621026400CE,26400.0,2026-02-10,412.9,
2026-01-07 14:39:31+05:30,NIFTY2621026400CE,26400.0,2026-02-10,412.9,
2026-01-07 14:39:32+05:30,NIFTY2621026400CE,26400.0,2026-02-10,412.9,
2026-01-07 14:39:33+05:30,NIFTY2621026400CE,26400.0,2026-02-10,412.9,
2026-01-07 14:39:34+05:30,NIFTY2621026400CE,26400.0,2026-02-10,412.9,
2026-01-07 14:39:35+05:30,NIFTY2621026400CE,26400.0,2026-02-10,412.9,
2026-01-07 14:39:36+05:30,NIFTY2621026400CE,26400.0,2026-02-10,412.9,
2026-01-07 14:39:37+05:30,NIFTY2621026400CE,26400.0,2026-02-10,412.9,
2026-01-07 14:39:38+05:30,NIFTY2621026400CE,26400.0,2026-02-10,412.9,
2026-01-07 14:39:39+05:30,NIFTY2621026400CE,26400.0,2026-02-10,412.9,
2026-01-07 14:39:40+05:30,NIFTY2621026400CE,26400.0,2026-02-10,412.9,
2026-01-07 14:39:41+05:30,NIFTY2621026400CE,26400.0,2026-02-10,412.9,
2026-01-07 14:39:42+05:30,NIFTY2621026400CE,26400.0,2026-02-10,412.9,
2026-01-07 14:39:43+05:30,NIFTY2621026400CE,26400.0,2026-02-10,412.9,
2026-01-07 14:39:44+05:30,NIFTY2621026400CE,26400.0,2026-02-10,412.9,
2026-01-07 14:39:45+05:30,NIFTY2621026400CE,26400.0,2026-02-10,412.9,
2026-01-07 14:39:46+05:30,NIFTY2621026400CE,26400.0,2026-02-10,412.9,
2026-01-07 14:39:47+05:30,NIFTY2621026400CE,26400.0,2026-02-10,412.9,
2026-01-07 14:39:48+05:30,NIFTY2621026400CE,26400.0,2026-02-10,412.9,
2026-01-07 14:39:49+05:30,NIFTY2621026400CE,26400.0,2026-02-10,412.9,
2026-01-07 14:39:50+05:30,NIFTY2621026400CE,26400.0,2026-02-10,412.9,
2026-01-07 14:39:51+05:30,NIFTY2621026400CE,26400.0,2026-02-10,412.9,
2026-01-07 14:39:52+05:30,NIFTY2621026400CE,26400.0,2026-02-10,412.9,
2026-01-07 14:39:53+05:30,NIFTY2621026400CE,26400.0,2026-02-10,412.9,
2026-01-07 14:39:54+05:30,NIFTY2621026400CE,26400.0,2026-02-10,412.9,
2026-01-07 14:39:55+05:30,NIFTY2621026400CE,26400.0,2026-02-10,412.9,
2026-01-07 14:39:56+05:30,NIFTY2621026400CE,26400.0,2026-02-10,412.9,
2026-01-07 14:39:57+05:30,NIFTY2621026400CE,26400.0,2026-02-10,412.9,
2026-01-07 14:39:58+05:30,NIFTY2621026400CE,26400.0,2026-02-10,412.9,
2026-01-07 14:39:59+05:30,NIFTY2621026400CE,26400.0,2026-02-10,412.9,
2026-01-07 14:40:00+05:30,NIFTY2621026400CE,26400.0,2026-02-10,412.9,
2026-01-07 14:40:01+05:30,NIFTY2621026400CE,26400.0,2026-02-10,412.9,
2026-01-07 14:40:02+05:30,NIFTY2621026400CE,26400.0,2026-02-10,412.9,
2026-01-07 14:40:03+05:30,NIFTY2621026400CE,26400.0,2026-02-10,412.9,
2026-01-07 14:40:04+05:30,NIFTY2621026400CE,26400.0,2026-02-10,412.9,
2026-01-07 14:40:05+05:30,NIFTY2621026400CE,26400.0,2026-02-10,412.9,
2026-01-07 14:40:06+05:30,NIFTY2621026400CE,26400.0,2026-02-10,412.9,
2026-01-07 14:40:07+05:30,NIFTY2621026400CE,26400.0,2026-02-10,412.9,
2026-01-07 14:40:08+05:30,NIFTY2621026400CE,26400.0,2026-02-10,412.9,
2026-01-07 14:40:09+05:30,NIFTY2621026400CE,26400.0,2026-02-10,412.9,
2026-01-07 14:40:10+05:30,NIFTY2621026400CE,26400.0,2026-02-10,412.9,
2026-01-07 14:40:11+05:30,NIFTY2621026400CE,26400.0,2026-02-10,412.9,
2026-01-07 14:40:12+05:30,NIFTY2621026400CE,26400.0,2026-02-10,412.9,
2026-01-07 14:40:13+05:30,NIFTY2621026400CE,26400.0,2026-02-10,412.9,
2026-01-07 14:40:14+05:30,NIFTY2621026400CE,26400.0,2026-02-10,412.9,
2026-01-07 14:40:15+05:30,NIFTY2621026400CE,26400.0,2026-02-10,412.9,
2026-01-07 14:40:16+05:30,NIFTY2621026400CE,26400.0,2026-02-10,412.9,
2026-01-07 14:40:17+05:30,NIFTY2621026400CE,26400.0,2026-02-10,412.9,
2026-01-07 14:40:18+05:30,NIFTY2621026400CE,26400.0,2026-02-10,412.9,
2026-01-07 14:40:19+05:30,NIFTY2621026400CE,26400.0,2026-02-10,412.9,
2026-01-07 14:40:20+05:30,NIFTY2621026400CE,26400.0,2026-02-10,412.9,
2026-01-07 14:40:21+05:30,NIFTY2621026400CE,26400.0,2026-02-10,412.9,
2026-01-07 14:40:22+05:30,NIFTY2621026400CE,26400.0,2026-02-10,412.9,
2026-01-07 14:40:23+05:30,NIFTY2621026400CE,26400.0,2026-02-10,412.9,
2026-01-07 14:40:24+05:30,NIFTY2621026400CE,26400.0,2026-02-10,412.9,
2026-01-07 14:40:25+05:30,NIFTY2621026400CE,26400.0,2026-02-10,412.9,
2026-01-07 14:40:26+05:30,NIFTY2621026400CE,26400.0,2026-02-10,412.9,
2026-01-07 14:40:27+05:30,NIFTY2621026400CE,26400.0,2026-02-10,412.9,
2026-01-07 14:40:28+05:30,NIFTY2621026400CE,26400.0,2026-02-10,412.9,
2026-01-07 14:40:29+05:30,NIFTY2621026400CE,26400.0,2026-02-10,412.9,
2026-01-07 14:40:30+05:30,NIFTY2621026400CE,26400.0,2026-02-10,412.9,
2026-01-07 14:40:31+05:30,NIFTY2621026400CE,26400.0,2026-02-10,412.9,
2026-01-07 14:40:32+05:30,NIFTY2621026400CE,26400.0,2026-02-10,412.9,
2026-01-07 14:40:33+05:30,NIFTY2621026400CE,26400.0,2026-02-10,412.9,
2026-01-07 14:40:34+05:30,NIFTY2621026400CE,26400.0,2026-02-10,412.9,
2026-01-07 14:40:35+05:30,NIFTY2621026400CE,26400.0,2026-02-10,412.9,
2026-01-07 14:40:36+05:30,NIFTY2621026400CE,26400.0,2026-02-10,412.9,
2026-01-07 14:40:37+05:30,NIFTY2621026400CE,26400.0,2026-02-10,412.9,
2026-01-07 14:40:38+05:30,NIFTY2621026400CE,26400.0,2026-02-10,412.9,
2026-01-07 14:40:39+05:30,NIFTY2621026400CE,26400.0,2026-02-10,412.9,
2026-01-07 14:40:40+05:30,NIFTY2621026400CE,26400.0,2026-02-10,412.9,
2026-01-07 14:40:41+05:30,NIFTY2621026400CE,26400.0,2026-02-10,412.9,
2026-01-07 14:40:42+05:30,NIFTY2621026400CE,26400.0,2026-02-10,412.9,
2026-01-07 14:40:43+05:30,NIFTY2621026400CE,26400.0,2026-02-10,412.9,
2026-01-07 14:40:44+05:30,NIFTY2621026400CE,26400.0,2026-02-10,412.9,
2026-01-07 14:40:45+05:30,NIFTY2621026400CE,26400.0,2026-02-10,412.9,
2026-01-07 14:40:46+05:30,NIFTY2621026400CE,26400.0,2026-02-10,412.9,
2026-01-07 14:40:47+05:30,NIFTY2621026400CE,26400.0,2026-02-10,412.9,
2026-01-07 14:40:48+05:30,NIFTY2621026400CE,26400.0,2026-02-10,412.9,
2026-01-07 14:40:49+05:30,NIFTY2621026400CE,26400.0,2026-02-10,412.9,
2026-01-07 14:40:50+05:30,NIFTY2621026400CE,26400.0,2026-02-10,412.9,
2026-01-07 14:40:51+05:30,NIFTY2621026400CE,26400.0,2026-02-10,412.9,
2026-01-07 14:40:52+05:30,NIFTY2621026400CE,26400.0,2026-02-10,412.9,
2026-01-07 14:40:53+05:30,NIFTY2621026400CE,26400.0,2026-02-10,412.9,
2026-01-07 14:40:54+05:30,NIFTY2621026400CE,26400.0,2026-02-10,412.9,
2026-01-07 14:40:55+05:30,NIFTY2621026400CE,26400.0,2026-02-10,412.9,
2026-01-07 14:40:56+05:30,NIFTY2621026400CE,26400.0,2026-02-10,412.9,
2026-01-07 14:40:57+05:30,NIFTY2621026400CE,26400.0,2026-02-10,412.9,
2026-01-07 14:40:58+05:30,NIFTY2621026400CE,26400.0,2026-02-10,412.9,
2026-01-07 14:40:59+05:30,NIFTY2621026400CE,26400.0,2026-02-10,412.9,
2026-01-07 14:41:00+05:30,NIFTY2621026400CE,26400.0,2026-02-10,412.9,
2026-01-07 14:41:01+05:30,NIFTY2621026400CE,26400.0,2026-02-10,412.9,
2026-01-07 14:41:02+05:30,NIFTY2621026400CE,26400.0,2026-02-10,412.9,
2026-01-07 14:41:03+05:30,NIFTY2621026400CE,26400.0,2026-02-10,412.9,
2026-01-07 14:41:04+05:30,NIFTY2621026400CE,26400.0,2026-02-10,412.9,
2026-01-07 14:41:05+05:30,NIFTY2621026400CE,26400.0,2026-02-10,412.9,
2026-01-07 14:41:06+05:30,NIFTY2621026400CE,26400.0,2026-02-10,412.9,
2026-01-07 14:41:07+05:30,NIFTY2621026400CE,26400.0,2026-02-10,412.9,
2026-01-07 14:41:08+05:30,NIFTY2621026400CE,26400.0,2026-02-10,412.9,
2026-01-07 14:41:09+05:30,NIFTY2621026400CE,26400.0,2026-02-10,412.9,
2026-01-07 14:41:10+05:30,NIFTY2621026400CE,26400.0,2026-02-10,412.9,
2026-01-07 14:41:11+05:30,NIFTY2621026400CE,26400.0,2026-02-10,412.9,
2026-01-07 14:41:12+05:30,NIFTY2621026400CE,26400.0,2026-02-10,412.9,
2026-01-07 14:41:13+05:30,NIFTY2621026400CE,26400.0,2026-02-10,412.9,
2026-01-07 14:41:14+05:30,NIFTY2621026400CE,26400.0,2026-02-10,412.9,
2026-01-07 14:41:15+05:30,NIFTY2621026400CE,26400.0,2026-02-10,412.9,
2026-01-07 14:41:16+05:30,NIFTY2621026400CE,26400.0,2026-02-10,412.9,
2026-01-07 14:41:17+05:30,NIFTY2621026400CE,26400.0,2026-02-10,412.9,
2026-01-07 14:41:18+05:30,NIFTY2621026400CE,26400.0,2026-02-10,412.9,
2026-01-07 14:41:19+05:30,NIFTY2621026400CE,26400.0,2026-02-10,412.9,
2026-01-07 14:41:20+05:30,NIFTY2621026400CE,26400.0,2026-02-10,412.9,
2026-01-07 14:41:21+05:30,NIFTY2621026400CE,26400.0,2026-02-10,412.9,
2026-01-07 14:41:22+05:30,NIFTY2621026400CE,26400.0,2026-02-10,412.9,
2026-01-07 14:41:23+05:30,NIFTY2621026400CE,26400.0,2026-02-10,412.9,
2026-01-07 14:41:24+05:30,NIFTY2621026400CE,26400.0,2026-02-10,412.9,
2026-01-07 14:41:25+05:30,NIFTY2621026400CE,26400.0,2026-02-10,412.9,
2026-01-07 14:41:26+05:30,NIFTY2621026400CE,26400.0,2026-02-10,412.9,
2026-01-07 14:41:27+05:30,NIFTY2621026400CE,26400.0,2026-02-10,412.9,
2026-01-07 14:41:28+05:30,NIFTY2621026400CE,26400.0,2026-02-10,412.9,
2026-01-07 14:41:29+05:30,NIFTY2621026400CE,26400.0,2026-02-10,412.9,
2026-01-07 14:41:30+05:30,NIFTY2621026400CE,26400.0,2026-02-10,412.9,
2026-01-07 14:41:31+05:30,NIFTY2621026400CE,26400.0,2026-02-10,412.9,
2026-01-07 14:41:32+05:30,NIFTY2621026400CE,26400.0,2026-02-10,412.9,
2026-01-07 14:41:33+05:30,NIFTY2621026400CE,26400.0,2026-02-10,412.9,
2026-01-07 14:41:34+05:30,NIFTY2621026400CE,26400.0,2026-02-10,412.9,
2026-01-07 14:41:35+05:30,NIFTY2621026400CE,26400.0,2026-02-10,412.9,
2026-01-07 14:41:36+05:30,NIFTY2621026400CE,26400.0,2026-02-10,412.9,
2026-01-07 14:41:37+05:30,NIFTY2621026400CE,26400.0,2026-02-10,412.9,
2026-01-07 14:41:38+05:30,NIFTY2621026400CE,26400.0,2026-02-10,412.9,
2026-01-07 14:41:39+05:30,NIFTY2621026400CE,26400.0,2026-02-10,412.9,
2026-01-07 14:41:40+05:30,NIFTY2621026400CE,26400.0,2026-02-10,412.9,
2026-01-07 14:41:41+05:30,NIFTY2621026400CE,26400.0,2026-02-10,412.9,
2026-01-07 14:41:42+05:30,NIFTY2621026400CE,26400.0,2026-02-10,412.9,
2026-01-07 14:41:43+05:30,NIFTY2621026400CE,26400.0,2026-02-10,412.9,
2026-01-07 14:41:44+05:30,NIFTY2621026400CE,26400.0,2026-02-10,412.9,
2026-01-07 14:41:45+05:30,NIFTY2621026400CE,26400.0,2026-02-10,412.9,
2026-01-07 14:41:46+05:30,NIFTY2621026400CE,26400.0,2026-02-10,412.9,
2026-01-07 14:41:47+05:30,NIFTY2621026400CE,26400.0,2026-02-10,412.9,
2026-01-07 14:41:48+05:30,NIFTY2621026400CE,26400.0,2026-02-10,412.9,
2026-01-07 14:41:49+05:30,NIFTY2621026400CE,26400.0,2026-02-10,412.9,
2026-01-07 14:41:50+05:30,NIFTY2621026400CE,26400.0,2026-02-10,412.9,
2026-01-07 14:41:51+05:30,NIFTY2621026400CE,26400.0,2026-02-10,412.9,
2026-01-07 14:41:52+05:30,NIFTY2621026400CE,26400.0,2026-02-10,412.9,
2026-01-07 14:41:53+05:30,NIFTY2621026400CE,26400.0,2026-02-10,412.9,
2026-01-07 14:41:54+05:30,NIFTY2621026400CE,26400.0,2026-02-10,412.9,
2026-01-07 14:41:55+05:30,NIFTY2621026400CE,26400.0,2026-02-10,412.9,
2026-01-07 14:41:56+05:30,NIFTY2621026400CE,26400.0,2026-02-10,412.9,
2026-01-07 14:41:57+05:30,NIFTY2621026400CE,26400.0,2026-02-10,412.9,
2026-01-07 14:41:58+05:30,NIFTY2621026400CE,26400.0,2026-02-10,412.9,
2026-01-07 14:41:59+05:30,NIFTY2621026400CE,26400.0,2026-02-10,412.9,
2026-01-07 14:42:00+05:30,NIFTY2621026400CE,26400.0,2026-02-10,412.9,
2026-01-07 14:42:01+05:30,NIFTY2621026400CE,26400.0,2026-02-10,412.9,
2026-01-07 14:42:02+05:30,NIFTY2621026400CE,26400.0,2026-02-10,412.9,
2026-01-07 14:42:03+05:30,NIFTY2621026400CE,26400.0,2026-02-10,412.9,
2026-01-07 14:42:04+05:30,NIFTY2621026400CE,26400.0,2026-02-10,412.9,
2026-01-07 14:42:05+05:30,NIFTY2621026400CE,26400.0,2026-02-10,412.9,
2026-01-07 14:42:06+05:30,NIFTY2621026400CE,26400.0,2026-02-10,412.9,
2026-01-07 14:42:07+05:30,NIFTY2621026400CE,26400.0,2026-02-10,412.9,
2026-01-07 14:42:08+05:30,NIFTY2621026400CE,26400.0,2026-02-10,412.9,
2026-01-07 14:42:09+05:30,NIFTY2621026400CE,26400.0,2026-02-10,412.9,
2026-01-07 14:42:10+05:30,NIFTY2621026400CE,26400.0,2026-02-10,412.9,
2026-01-07 14:42:11+05:30,NIFTY2621026400CE,26400.0,2026-02-10,412.9,
2026-01-07 14:42:12+05:30,NIFTY2621026400CE,26400.0,2026-02-10,412.9,
2026-01-07 14:42:13+05:30,NIFTY2621026400CE,26400.0,2026-02-10,412.9,
2026-01-07 14:42:14+05:30,NIFTY2621026400CE,26400.0,2026-02-10,412.9,
2026-01-07 14:42:15+05:30,NIFTY2621026400CE,26400.0,2026-02-10,412.9,
2026-01-07 14:42:16+05:30,NIFTY2621026400CE,26400.0,2026-02-10,412.9,
2026-01-07 14:42:17+05:30,NIFTY2621026400CE,26400.0,2026-02-10,412.9,
2026-01-07 14:42:18+05:30,NIFTY2621026400CE,26400.0,2026-02-10,412.9,
2026-01-07 14:42:19+05:30,NIFTY2621026400CE,26400.0,2026-02-10,412.9,
2026-01-07 14:42:20+05:30,NIFTY2621026400CE,26400.0,2026-02-10,412.9,
2026-01-07 14:42:21+05:30,NIFTY2621026400CE,26400.0,2026-02-10,412.9,
2026-01-07 14:42:22+05:30,NIFTY2621026400CE,26400.0,2026-02-10,412.9,
2026-01-07 14:42:23+05:30,NIFTY2621026400CE,26400.0,2026-02-10,412.9,
2026-01-07 14:42:24+05:30,NIFTY2621026400CE,26400.0,2026-02-10,412.9,
2026-01-07 14:42:25+05:30,NIFTY2621026400CE,26400.0,2026-02-10,412.9,
2026-01-07 14:42:26+05:30,NIFTY2621026400CE,26400.0,2026-02-10,412.9,
2026-01-07 14:42:27+05:30,NIFTY2621026400CE,26400.0,2026-02-10,412.9,
2026-01-07 14:42:28+05:30,NIFTY2621026400CE,26400.0,2026-02-10,412.9,
2026-01-07 14:42:29+05:30,NIFTY2621026400CE,26400.0,2026-02-10,412.9,
2026-01-07 14:42:30+05:30,NIFTY2621026400CE,26400.0,2026-02-10,412.9,
2026-01-07 14:42:31+05:30,NIFTY2621026400CE,26400.0,2026-02-10,412.9,
2026-01-07 14:42:32+05:30,NIFTY2621026400CE,26400.0,2026-02-10,412.9,
2026-01-07 14:42:33+05:30,NIFTY2621026400CE,26400.0,2026-02-10,412.9,
2026-01-07 14:42:34+05:30,NIFTY2621026400CE,26400.0,2026-02-10,412.9,
2026-01-07 14:42:35+05:30,NIFTY2621026400CE,26400.0,2026-02-10,412.9,
2026-01-07 14:42:36+05:30,NIFTY2621026400CE,26400.0,2026-02-10,412.9,
2026-01-07 14:42:37+05:30,NIFTY2621026400CE,26400.0,2026-02-10,412.9,
2026-01-07 14:42:38+05:30,NIFTY2621026400CE,26400.0,2026-02-10,412.9,
2026-01-07 14:42:39+05:30,NIFTY2621026400CE,26400.0,2026-02-10,412.9,
2026-01-07 14:42:40+05:30,NIFTY2621026400CE,26400.0,2026-02-10,412.9,
2026-01-07 14:42:41+05:30,NIFTY2621026400CE,26400.0,2026-02-10,412.9,
2026-01-07 14:42:42+05:30,NIFTY2621026400CE,26400.0,2026-02-10,412.9,
2026-01-07 14:42:43+05:30,NIFTY2621026400CE,26400.0,2026-02-10,412.9,
2026-01-07 14:42:44+05:30,NIFTY2621026400CE,26400.0,2026-02-10,412.9,
2026-01-07 14:42:45+05:30,NIFTY2621026400CE,26400.0,2026-02-10,412.9,
2026-01-07 14:42:46+05:30,NIFTY2621026400CE,26400.0,2026-02-10,412.9,
2026-01-07 14:42:47+05:30,NIFTY2621026400CE,26400.0,2026-02-10,412.9,
2026-01-07 14:42:48+05:30,NIFTY2621026400CE,26400.0,2026-02-10,412.9,
2026-01-07 14:42:49+05:30,NIFTY2621026400CE,26400.0,2026-02-10,412.9,
2026-01-07 14:42:50+05:30,NIFTY2621026400CE,26400.0,2026-02-10,412.9,
2026-01-07 14:42:51+05:30,NIFTY2621026400CE,26400.0,2026-02-10,412.9,
2026-01-07 14:42:52+05:30,NIFTY2621026400CE,26400.0,2026-02-10,412.9,
2026-01-07 14:42:53+05:30,NIFTY2621026400CE,26400.0,2026-02-10,412.9,
2026-01-07 14:42:54+05:30,NIFTY2621026400CE,26400.0,2026-02-10,412.9,
2026-01-07 14:42:55+05:30,NIFTY2621026400CE,26400.0,2026-02-10,412.9,
2026-01-07 14:42:56+05:30,NIFTY2621026400CE,26400.0,2026-02-10,412.9,
2026-01-07 14:42:57+05:30,NIFTY2621026400CE,26400.0,2026-02-10,412.9,
2026-01-07 14:42:58+05:30,NIFTY2621026400CE,26400.0,2026-02-10,412.9,
2026-01-07 14:42:59+05:30,NIFTY2621026400CE,26400.0,2026-02-10,412.9,
2026-01-07 14:43:00+05:30,NIFTY2621026400CE,26400.0,2026-02-10,412.9,
2026-01-07 14:43:01+05:30,NIFTY2621026400CE,26400.0,2026-02-10,412.9,
2026-01-07 14:43:02+05:30,NIFTY2621026400CE,26400.0,2026-02-10,412.9,
2026-01-07 14:43:03+05:30,NIFTY2621026400CE,26400.0,2026-02-10,412.9,
2026-01-07 14:43:04+05:30,NIFTY2621026400CE,26400.0,2026-02-10,412.9,
2026-01-07 14:43:05+05:30,NIFTY2621026400CE,26400.0,2026-02-10,412.9,
2026-01-07 14:43:06+05:30,NIFTY2621026400CE,26400.0,2026-02-10,412.9,
2026-01-07 14:43:07+05:30,NIFTY2621026400CE,26400.0,2026-02-10,412.9,
2026-01-07 14:43:08+05:30,NIFTY2621026400CE,26400.0,2026-02-10,412.9,
2026-01-07 14:43:09+05:30,NIFTY2621026400CE,26400.0,2026-02-10,412.9,
2026-01-07 14:43:10+05:30,NIFTY2621026400CE,26400.0,2026-02-10,412.9,
2026-01-07 14:43:11+05:30,NIFTY2621026400CE,26400.0,2026-02-10,412.9,
2026-01-07 14:43:12+05:30,NIFTY2621026400CE,26400.0,2026-02-10,412.9,
2026-01-07 14:43:13+05:30,NIFTY2621026400CE,26400.0,2026-02-10,412.9,
2026-01-07 14:43:14+05:30,NIFTY2621026400CE,26400.0,2026-02-10,412.9,
2026-01-07 14:43:15+05:30,NIFTY2621026400CE,26400.0,2026-02-10,412.9,
2026-01-07 14:43:16+05:30,NIFTY2621026400CE,26400.0,2026-02-10,412.9,
2026-01-07 14:43:17+05:30,NIFTY2621026400CE,26400.0,2026-02-10,412.9,
2026-01-07 14:43:18+05:30,NIFTY2621026400CE,26400.0,2026-02-10,412.9,
2026-01-07 14:43:19+05:30,NIFTY2621026400CE,26400.0,2026-02-10,412.9,
2026-01-07 14:43:20+05:30,NIFTY2621026400CE,26400.0,2026-02-10,412.9,
2026-01-07 14:43:21+05:30,NIFTY2621026400CE,26400.0,2026-02-10,412.9,
2026-01-07 14:43:22+05:30,NIFTY2621026400CE,26400.0,2026-02-10,412.9,
2026-01-07 14:43:23+05:30,NIFTY2621026400CE,26400.0,2026-02-10,412.9,
2026-01-07 14:43:24+05:30,NIFTY2621026400CE,26400.0,2026-02-10,412.9,
2026-01-07 14:43:25+05:30,NIFTY2621026400CE,26400.0,2026-02-10,412.9,
2026-01-07 14:43:26+05:30,NIFTY2621026400CE,26400.0,2026-02-10,412.9,
2026-01-07 14:43:27+05:30,NIFTY2621026400CE,26400.0,2026-02-10,412.9,
2026-01-07 14:43:28+05:30,NIFTY2621026400CE,26400.0,2026-02-10,412.9,
2026-01-07 14:43:29+05:30,NIFTY2621026400CE,26400.0,2026-02-10,412.9,
2026-01-07 14:43:30+05:30,NIFTY2621026400CE,26400.0,2026-02-10,412.9,
2026-01-07 14:43:31+05:30,NIFTY2621026400CE,26400.0,2026-02-10,412.9,
2026-01-07 14:43:32+05:30,NIFTY2621026400CE,26400.0,2026-02-10,412.9,
2026-01-07 14:43:33+05:30,NIFTY2621026400CE,26400.0,2026-02-10,412.9,
2026-01-07 14:43:34+05:30,NIFTY2621026400CE,26400.0,2026-02-10,412.9,
2026-01-07 14:43:35+05:30,NIFTY2621026400CE,26400.0,2026-02-10,412.9,
2026-01-07 14:43:36+05:30,NIFTY2621026400CE,26400.0,2026-02-10,412.9,
2026-01-07 14:43:37+05:30,NIFTY2621026400CE,26400.0,2026-02-10,412.9,
2026-01-07 14:43:38+05:30,NIFTY2621026400CE,26400.0,2026-02-10,412.9,
2026-01-07 14:43:39+05:30,NIFTY2621026400CE,26400.0,2026-02-10,412.9,
2026-01-07 14:43:40+05:30,NIFTY2621026400CE,26400.0,2026-02-10,412.9,
2026-01-07 14:43:41+05:30,NIFTY2621026400CE,26400.0,2026-02-10,412.9,
2026-01-07 14:43:42+05:30,NIFTY2621026400CE,26400.0,2026-02-10,412.9,
2026-01-07 14:43:43+05:30,NIFTY2621026400CE,26400.0,2026-02-10,412.9,
2026-01-07 14:43:44+05:30,NIFTY2621026400CE,26400.0,2026-02-10,412.9,
2026-01-07 14:43:45+05:30,NIFTY2621026400CE,26400.0,2026-02-10,412.9,
2026-01-07 14:43:46+05:30,NIFTY2621026400CE,26400.0,2026-02-10,412.9,
2026-01-07 14:43:47+05:30,NIFTY2621026400CE,26400.0,2026-02-10,412.9,
2026-01-07 14:43:48+05:30,NIFTY2621026400CE,26400.0,2026-02-10,412.9,
2026-01-07 14:43:49+05:30,NIFTY2621026400CE,26400.0,2026-02-10,412.9,
2026-01-07 14:43:50+05:30,NIFTY2621026400CE,26400.0,2026-02-10,412.9,
2026-01-07 14:43:51+05:30,NIFTY2621026400CE,26400.0,2026-02-10,412.9,
2026-01-07 14:43:52+05:30,NIFTY2621026400CE,26400.0,2026-02-10,412.9,
2026-01-07 14:43:53+05:30,NIFTY2621026400CE,26400.0,2026-02-10,412.9,
2026-01-07 14:43:54+05:30,NIFTY2621026400CE,26400.0,2026-02-10,412.9,
2026-01-07 14:43:55+05:30,NIFTY2621026400CE,26400.0,2026-02-10,412.9,
2026-01-07 14:43:56+05:30,NIFTY2621026400CE,26400.0,2026-02-10,412.9,
2026-01-07 14:43:57+05:30,NIFTY2621026400CE,26400.0,2026-02-10,412.9,
2026-01-07 14:43:58+05:30,NIFTY2621026400CE,26400.0,2026-02-10,412.9,
2026-01-07 14:43:59+05:30,NIFTY2621026400CE,26400.0,2026-02-10,412.9,
2026-01-07 14:44:00+05:30,NIFTY2621026400CE,26400.0,2026-02-10,412.9,
2026-01-07 14:44:01+05:30,NIFTY2621026400CE,26400.0,2026-02-10,412.9,
2026-01-07 14:44:02+05:30,NIFTY2621026400CE,26400.0,2026-02-10,412.9,
2026-01-07 14:44:03+05:30,NIFTY2621026400CE,26400.0,2026-02-10,412.9,
2026-01-07 14:44:04+05:30,NIFTY2621026400CE,26400.0,2026-02-10,412.9,
2026-01-07 14:44:05+05:30,NIFTY2621026400CE,26400.0,2026-02-10,412.9,
2026-01-07 14:44:06+05:30,NIFTY2621026400CE,26400.0,2026-02-10,412.9,
2026-01-07 14:44:07+05:30,NIFTY2621026400CE,26400.0,2026-02-10,412.9,
2026-01-07 14:44:08+05:30,NIFTY2621026400CE,26400.0,2026-02-10,412.9,
2026-01-07 14:44:09+05:30,NIFTY2621026400CE,26400.0,2026-02-10,412.9,
2026-01-07 14:44:10+05:30,NIFTY2621026400CE,26400.0,2026-02-10,412.9,
2026-01-07 14:44:11+05:30,NIFTY2621026400CE,26400.0,2026-02-10,412.9,
2026-01-07 14:44:12+05:30,NIFTY2621026400CE,26400.0,2026-02-10,412.9,
2026-01-07 14:44:13+05:30,NIFTY2621026400CE,26400.0,2026-02-10,412.9,
2026-01-07 14:44:14+05:30,NIFTY2621026400CE,26400.0,2026-02-10,412.9,
2026-01-07 14:44:15+05:30,NIFTY2621026400CE,26400.0,2026-02-10,412.9,
2026-01-07 14:44:16+05:30,NIFTY2621026400CE,26400.0,2026-02-10,412.9,
2026-01-07 14:44:17+05:30,NIFTY2621026400CE,26400.0,2026-02-10,412.9,
2026-01-07 14:44:18+05:30,NIFTY2621026400CE,26400.0,2026-02-10,412.9,
2026-01-07 14:44:19+05:30,NIFTY2621026400CE,26400.0,2026-02-10,412.9,
2026-01-07 14:44:20+05:30,NIFTY2621026400CE,26400.0,2026-02-10,412.9,
2026-01-07 14:44:21+05:30,NIFTY2621026400CE,26400.0,2026-02-10,412.9,
2026-01-07 14:44:22+05:30,NIFTY2621026400CE,26400.0,2026-02-10,412.9,
2026-01-07 14:44:23+05:30,NIFTY2621026400CE,26400.0,2026-02-10,412.9,
2026-01-07 14:44:24+05:30,NIFTY2621026400CE,26400.0,2026-02-10,412.9,
2026-01-07 14:44:25+05:30,NIFTY2621026400CE,26400.0,2026-02-10,412.9,
2026-01-07 14:44:26+05:30,NIFTY2621026400CE,26400.0,2026-02-10,412.9,
2026-01-07 14:44:27+05:30,NIFTY2621026400CE,26400.0,2026-02-10,412.9,
2026-01-07 14:44:28+05:30,NIFTY2621026400CE,26400.0,2026-02-10,412.9,
2026-01-07 14:44:29+05:30,NIFTY2621026400CE,26400.0,2026-02-10,412.9,
2026-01-07 14:44:30+05:30,NIFTY2621026400CE,26400.0,2026-02-10,412.9,
2026-01-07 14:44:31+05:30,NIFTY2621026400CE,26400.0,2026-02-10,412.9,
2026-01-07 14:44:32+05:30,NIFTY2621026400CE,26400.0,2026-02-10,412.9,
2026-01-07 14:44:33+05:30,NIFTY2621026400CE,26400.0,2026-02-10,412.9,
2026-01-07 14:44:34+05:30,NIFTY2621026400CE,26400.0,2026-02-10,412.9,
2026-01-07 14:44:35+05:30,NIFTY2621026400CE,26400.0,2026-02-10,412.9,
2026-01-07 14:44:36+05:30,NIFTY2621026400CE,26400.0,2026-02-10,412.9,
2026-01-07 14:44:37+05:30,NIFTY2621026400CE,26400.0,2026-02-10,412.9,
2026-01-07 14:44:38+05:30,NIFTY2621026400CE,26400.0,2026-02-10,412.9,
2026-01-07 14:44:39+05:30,NIFTY2621026400CE,26400.0,2026-02-10,412.9,
2026-01-07 14:44:40+05:30,NIFTY2621026400CE,26400.0,2026-02-10,412.9,
2026-01-07 14:44:41+05:30,NIFTY2621026400CE,26400.0,2026-02-10,412.9,
2026-01-07 14:44:42+05:30,NIFTY2621026400CE,26400.0,2026-02-10,412.9,
2026-01-07 14:44:43+05:30,NIFTY2621026400CE,26400.0,2026-02-10,412.9,
2026-01-07 14:44:44+05:30,NIFTY2621026400CE,26400.0,2026-02-10,412.9,
2026-01-07 14:44:45+05:30,NIFTY2621026400CE,26400.0,2026-02-10,412.9,
2026-01-07 14:44:46+05:30,NIFTY2621026400CE,26400.0,2026-02-10,412.9,
2026-01-07 14:44:47+05:30,NIFTY2621026400CE,26400.0,2026-02-10,412.9,
2026-01-07 14:44:48+05:30,NIFTY2621026400CE,26400.0,2026-02-10,412.9,
2026-01-07 14:44:49+05:30,NIFTY2621026400CE,26400.0,2026-02-10,412.9,
2026-01-07 14:44:50+05:30,NIFTY2621026400CE,26400.0,2026-02-10,412.9,
2026-01-07 14:44:51+05:30,NIFTY2621026400CE,26400.0,2026-02-10,412.9,
2026-01-07 14:44:52+05:30,NIFTY2621026400CE,26400.0,2026-02-10,412.9,
2026-01-07 14:44:53+05:30,NIFTY2621026400CE,26400.0,2026-02-10,412.9,
2026-01-07 14:44:54+05:30,NIFTY2621026400CE,26400.0,2026-02-10,412.9,
2026-01-07 14:44:55+05:30,NIFTY2621026400CE,26400.0,2026-02-10,412.9,
2026-01-07 14:44:56+05:30,NIFTY2621026400CE,26400.0,2026-02-10,412.9,
2026-01-07 14:44:57+05:30,NIFTY2621026400CE,26400.0,2026-02-10,412.9,
2026-01-07 14:44:58+05:30,NIFTY2621026400CE,26400.0,2026-02-10,412.9,
2026-01-07 14:44:59+05:30,NIFTY2621026400CE,26400.0,2026-02-10,412.9,
2026-01-07 14:45:00+05:30,NIFTY2621026400CE,26400.0,2026-02-10,412.9,
2026-01-07 14:45:01+05:30,NIFTY2621026400CE,26400.0,2026-02-10,412.9,
2026-01-07 14:45:02+05:30,NIFTY2621026400CE,26400.0,2026-02-10,412.9,
2026-01-07 14:45:03+05:30,NIFTY2621026400CE,26400.0,2026-02-10,412.9,
2026-01-07 14:45:04+05:30,NIFTY2621026400CE,26400.0,2026-02-10,412.9,
2026-01-07 14:45:05+05:30,NIFTY2621026400CE,26400.0,2026-02-10,412.9,
2026-01-07 14:45:06+05:30,NIFTY2621026400CE,26400.0,2026-02-10,412.9,
2026-01-07 14:45:07+05:30,NIFTY2621026400CE,26400.0,2026-02-10,412.9,
2026-01-07 14:45:08+05:30,NIFTY2621026400CE,26400.0,2026-02-10,412.9,
2026-01-07 14:45:09+05:30,NIFTY2621026400CE,26400.0,2026-02-10,412.9,
2026-01-07 14:45:10+05:30,NIFTY2621026400CE,26400.0,2026-02-10,412.9,
2026-01-07 14:45:11+05:30,NIFTY2621026400CE,26400.0,2026-02-10,412.9,
2026-01-07 14:45:12+05:30,NIFTY2621026400CE,26400.0,2026-02-10,412.9,
2026-01-07 14:45:13+05:30,NIFTY2621026400CE,26400.0,2026-02-10,412.9,
2026-01-07 14:45:14+05:30,NIFTY2621026400CE,26400.0,2026-02-10,412.9,
2026-01-07 14:45:15+05:30,NIFTY2621026400CE,26400.0,2026-02-10,412.9,
2026-01-07 14:45:16+05:30,NIFTY2621026400CE,26400.0,2026-02-10,412.9,
2026-01-07 14:45:17+05:30,NIFTY2621026400CE,26400.0,2026-02-10,412.9,
2026-01-07 14:45:18+05:30,NIFTY2621026400CE,26400.0,2026-02-10,412.9,
2026-01-07 14:45:19+05:30,NIFTY2621026400CE,26400.0,2026-02-10,412.9,
2026-01-07 14:45:20+05:30,NIFTY2621026400CE,26400.0,2026-02-10,412.9,
2026-01-07 14:45:21+05:30,NIFTY2621026400CE,26400.0,2026-02-10,412.9,
2026-01-07 14:45:22+05:30,NIFTY2621026400CE,26400.0,2026-02-10,412.9,
2026-01-07 14:45:23+05:30,NIFTY2621026400CE,26400.0,2026-02-10,412.9,
2026-01-07 14:45:24+05:30,NIFTY2621026400CE,26400.0,2026-02-10,412.9,
2026-01-07 14:45:25+05:30,NIFTY2621026400CE,26400.0,2026-02-10,412.9,
2026-01-07 14:45:26+05:30,NIFTY2621026400CE,26400.0,2026-02-10,412.9,
2026-01-07 14:45:27+05:30,NIFTY2621026400CE,26400.0,2026-02-10,412.9,
2026-01-07 14:45:28+05:30,NIFTY2621026400CE,26400.0,2026-02-10,412.9,
2026-01-07 14:45:29+05:30,NIFTY2621026400CE,26400.0,2026-02-10,412.9,
2026-01-07 14:45:30+05:30,NIFTY2621026400CE,26400.0,2026-02-10,412.9,
2026-01-07 14:45:31+05:30,NIFTY2621026400CE,26400.0,2026-02-10,412.9,
2026-01-07 14:45:32+05:30,NIFTY2621026400CE,26400.0,2026-02-10,412.9,
2026-01-07 14:45:33+05:30,NIFTY2621026400CE,26400.0,2026-02-10,412.9,
2026-01-07 14:45:34+05:30,NIFTY2621026400CE,26400.0,2026-02-10,412.9,
2026-01-07 14:45:35+05:30,NIFTY2621026400CE,26400.0,2026-02-10,412.9,
2026-01-07 14:45:36+05:30,NIFTY2621026400CE,26400.0,2026-02-10,412.9,
2026-01-07 14:45:37+05:30,NIFTY2621026400CE,26400.0,2026-02-10,412.9,
2026-01-07 14:45:38+05:30,NIFTY2621026400CE,26400.0,2026-02-10,412.9,
2026-01-07 14:45:39+05:30,NIFTY2621026400CE,26400.0,2026-02-10,412.9,
2026-01-07 14:45:40+05:30,NIFTY2621026400CE,26400.0,2026-02-10,412.9,
2026-01-07 14:45:41+05:30,NIFTY2621026400CE,26400.0,2026-02-10,412.9,
2026-01-07 14:45:42+05:30,NIFTY2621026400CE,26400.0,2026-02-10,412.9,
2026-01-07 14:45:43+05:30,NIFTY2621026400CE,26400.0,2026-02-10,412.9,
2026-01-07 14:45:44+05:30,NIFTY2621026400CE,26400.0,2026-02-10,412.9,
2026-01-07 14:45:45+05:30,NIFTY2621026400CE,26400.0,2026-02-10,412.9,
2026-01-07 14:45:46+05:30,NIFTY2621026400CE,26400.0,2026-02-10,412.9,
2026-01-07 14:45:47+05:30,NIFTY2621026400CE,26400.0,2026-02-10,412.9,
2026-01-07 14:45:48+05:30,NIFTY2621026400CE,26400.0,2026-02-10,412.9,
2026-01-07 14:45:49+05:30,NIFTY2621026400CE,26400.0,2026-02-10,412.9,
2026-01-07 14:45:50+05:30,NIFTY2621026400CE,26400.0,2026-02-10,412.9,
2026-01-07 14:45:51+05:30,NIFTY2621026400CE,26400.0,2026-02-10,412.9,
2026-01-07 14:45:52+05:30,NIFTY2621026400CE,26400.0,2026-02-10,412.9,
2026-01-07 14:45:53+05:30,NIFTY2621026400CE,26400.0,2026-02-10,412.9,
2026-01-07 14:45:54+05:30,NIFTY2621026400CE,26400.0,2026-02-10,412.9,
2026-01-07 14:45:55+05:30,NIFTY2621026400CE,26400.0,2026-02-10,412.9,
2026-01-07 14:45:56+05:30,NIFTY2621026400CE,26400.0,2026-02-10,412.9,
2026-01-07 14:45:57+05:30,NIFTY2621026400CE,26400.0,2026-02-10,412.9,
2026-01-07 14:45:58+05:30,NIFTY2621026400CE,26400.0,2026-02-10,412.9,
2026-01-07 14:45:59+05:30,NIFTY2621026400CE,26400.0,2026-02-10,412.9,
2026-01-07 14:46:00+05:30,NIFTY2621026400CE,26400.0,2026-02-10,412.9,
2026-01-07 14:46:01+05:30,NIFTY2621026400CE,26400.0,2026-02-10,412.9,
2026-01-07 14:46:02+05:30,NIFTY2621026400CE,26400.0,2026-02-10,412.9,
2026-01-07 14:46:03+05:30,NIFTY2621026400CE,26400.0,2026-02-10,412.9,
2026-01-07 14:46:04+05:30,NIFTY2621026400CE,26400.0,2026-02-10,412.9,
2026-01-07 14:46:05+05:30,NIFTY2621026400CE,26400.0,2026-02-10,412.9,
2026-01-07 14:46:06+05:30,NIFTY2621026400CE,26400.0,2026-02-10,412.9,
2026-01-07 14:46:07+05:30,NIFTY2621026400CE,26400.0,2026-02-10,412.9,
2026-01-07 14:46:08+05:30,NIFTY2621026400CE,26400.0,2026-02-10,412.9,
2026-01-07 14:46:09+05:30,NIFTY2621026400CE,26400.0,2026-02-10,412.9,
2026-01-07 14:46:10+05:30,NIFTY2621026400CE,26400.0,2026-02-10,412.9,
2026-01-07 14:46:11+05:30,NIFTY2621026400CE,26400.0,2026-02-10,412.9,
2026-01-07 14:46:12+05:30,NIFTY2621026400CE,26400.0,2026-02-10,412.9,
2026-01-07 14:46:13+05:30,NIFTY2621026400CE,26400.0,2026-02-10,412.9,
2026-01-07 14:46:14+05:30,NIFTY2621026400CE,26400.0,2026-02-10,412.9,
2026-01-07 14:46:15+05:30,NIFTY2621026400CE,26400.0,2026-02-10,412.9,
2026-01-07 14:46:16+05:30,NIFTY2621026400CE,26400.0,2026-02-10,412.9,
2026-01-07 14:46:17+05:30,NIFTY2621026400CE,26400.0,2026-02-10,412.9,
2026-01-07 14:46:18+05:30,NIFTY2621026400CE,26400.0,2026-02-10,412.9,
2026-01-07 14:46:19+05:30,NIFTY2621026400CE,26400.0,2026-02-10,412.9,
2026-01-07 14:46:20+05:30,NIFTY2621026400CE,26400.0,2026-02-10,412.9,
2026-01-07 14:46:21+05:30,NIFTY2621026400CE,26400.0,2026-02-10,412.9,
2026-01-07 14:46:22+05:30,NIFTY2621026400CE,26400.0,2026-02-10,412.9,
2026-01-07 14:46:23+05:30,NIFTY2621026400CE,26400.0,2026-02-10,412.9,
2026-01-07 14:46:24+05:30,NIFTY2621026400CE,26400.0,2026-02-10,412.9,
2026-01-07 14:46:25+05:30,NIFTY2621026400CE,26400.0,2026-02-10,412.9,
2026-01-07 14:46:26+05:30,NIFTY2621026400CE,26400.0,2026-02-10,412.9,
2026-01-07 14:46:27+05:30,NIFTY2621026400CE,26400.0,2026-02-10,412.9,
2026-01-07 14:46:28+05:30,NIFTY2621026400CE,26400.0,2026-02-10,412.9,
2026-01-07 14:46:29+05:30,NIFTY2621026400CE,26400.0,2026-02-10,412.9,
2026-01-07 14:46:30+05:30,NIFTY2621026400CE,26400.0,2026-02-10,412.9,
2026-01-07 14:46:31+05:30,NIFTY2621026400CE,26400.0,2026-02-10,412.9,
2026-01-07 14:46:32+05:30,NIFTY2621026400CE,26400.0,2026-02-10,412.9,
2026-01-07 14:46:33+05:30,NIFTY2621026400CE,26400.0,2026-02-10,412.9,
2026-01-07 14:46:34+05:30,NIFTY2621026400CE,26400.0,2026-02-10,412.9,
2026-01-07 14:46:35+05:30,NIFTY2621026400CE,26400.0,2026-02-10,412.9,
2026-01-07 14:46:36+05:30,NIFTY2621026400CE,26400.0,2026-02-10,412.9,
2026-01-07 14:46:37+05:30,NIFTY2621026400CE,26400.0,2026-02-10,412.9,
2026-01-07 14:46:38+05:30,NIFTY2621026400CE,26400.0,2026-02-10,412.9,
2026-01-07 14:46:39+05:30,NIFTY2621026400CE,26400.0,2026-02-10,412.9,
2026-01-07 14:46:40+05:30,NIFTY2621026400CE,26400.0,2026-02-10,412.9,
2026-01-07 14:46:41+05:30,NIFTY2621026400CE,26400.0,2026-02-10,412.9,
2026-01-07 14:46:42+05:30,NIFTY2621026400CE,26400.0,2026-02-10,412.9,
2026-01-07 14:46:43+05:30,NIFTY2621026400CE,26400.0,2026-02-10,412.9,
2026-01-07 14:46:44+05:30,NIFTY2621026400CE,26400.0,2026-02-10,412.9,
2026-01-07 14:46:45+05:30,NIFTY2621026400CE,26400.0,2026-02-10,412.9,
2026-01-07 14:46:46+05:30,NIFTY2621026400CE,26400.0,2026-02-10,412.9,
2026-01-07 14:46:47+05:30,NIFTY2621026400CE,26400.0,2026-02-10,412.9,
2026-01-07 14:46:48+05:30,NIFTY2621026400CE,26400.0,2026-02-10,412.9,
2026-01-07 14:46:49+05:30,NIFTY2621026400CE,26400.0,2026-02-10,412.9,
2026-01-07 14:46:50+05:30,NIFTY2621026400CE,26400.0,2026-02-10,412.9,
2026-01-07 14:46:51+05:30,NIFTY2621026400CE,26400.0,2026-02-10,412.9,
2026-01-07 14:46:52+05:30,NIFTY2621026400CE,26400.0,2026-02-10,412.9,
2026-01-07 14:46:53+05:30,NIFTY2621026400CE,26400.0,2026-02-10,412.9,
2026-01-07 14:46:54+05:30,NIFTY2621026400CE,26400.0,2026-02-10,412.9,
2026-01-07 14:46:55+05:30,NIFTY2621026400CE,26400.0,2026-02-10,412.9,
2026-01-07 14:46:56+05:30,NIFTY2621026400CE,26400.0,2026-02-10,412.9,
2026-01-07 14:46:57+05:30,NIFTY2621026400CE,26400.0,2026-02-10,412.9,
2026-01-07 14:46:58+05:30,NIFTY2621026400CE,26400.0,2026-02-10,412.9,
2026-01-07 14:46:59+05:30,NIFTY2621026400CE,26400.0,2026-02-10,412.9,
2026-01-07 14:47:00+05:30,NIFTY2621026400CE,26400.0,2026-02-10,412.9,
2026-01-07 14:47:01+05:30,NIFTY2621026400CE,26400.0,2026-02-10,412.9,
2026-01-07 14:47:02+05:30,NIFTY2621026400CE,26400.0,2026-02-10,412.9,
2026-01-07 14:47:03+05:30,NIFTY2621026400CE,26400.0,2026-02-10,412.9,
2026-01-07 14:47:04+05:30,NIFTY2621026400CE,26400.0,2026-02-10,412.9,
2026-01-07 14:47:05+05:30,NIFTY2621026400CE,26400.0,2026-02-10,412.9,
2026-01-07 14:47:06+05:30,NIFTY2621026400CE,26400.0,2026-02-10,412.9,
2026-01-07 14:47:07+05:30,NIFTY2621026400CE,26400.0,2026-02-10,412.9,
2026-01-07 14:47:08+05:30,NIFTY2621026400CE,26400.0,2026-02-10,412.9,
2026-01-07 14:47:09+05:30,NIFTY2621026400CE,26400.0,2026-02-10,412.9,
2026-01-07 14:47:10+05:30,NIFTY2621026400CE,26400.0,2026-02-10,412.9,
2026-01-07 14:47:11+05:30,NIFTY2621026400CE,26400.0,2026-02-10,412.9,
2026-01-07 14:47:12+05:30,NIFTY2621026400CE,26400.0,2026-02-10,412.9,
2026-01-07 14:47:13+05:30,NIFTY2621026400CE,26400.0,2026-02-10,412.9,
2026-01-07 14:47:14+05:30,NIFTY2621026400CE,26400.0,2026-02-10,412.9,
2026-01-07 14:47:15+05:30,NIFTY2621026400CE,26400.0,2026-02-10,412.9,
2026-01-07 14:47:16+05:30,NIFTY2621026400CE,26400.0,2026-02-10,412.9,
2026-01-07 14:47:17+05:30,NIFTY2621026400CE,26400.0,2026-02-10,412.9,
2026-01-07 14:47:18+05:30,NIFTY2621026400CE,26400.0,2026-02-10,412.9,
2026-01-07 14:47:19+05:30,NIFTY2621026400CE,26400.0,2026-02-10,412.9,
2026-01-07 14:47:20+05:30,NIFTY2621026400CE,26400.0,2026-02-10,412.9,
2026-01-07 14:47:21+05:30,NIFTY2621026400CE,26400.0,2026-02-10,412.9,
2026-01-07 14:47:22+05:30,NIFTY2621026400CE,26400.0,2026-02-10,412.9,
2026-01-07 14:47:23+05:30,NIFTY2621026400CE,26400.0,2026-02-10,412.9,
2026-01-07 14:47:24+05:30,NIFTY2621026400CE,26400.0,2026-02-10,412.9,
2026-01-07 14:47:25+05:30,NIFTY2621026400CE,26400.0,2026-02-10,412.9,
2026-01-07 14:47:26+05:30,NIFTY2621026400CE,26400.0,2026-02-10,412.9,
2026-01-07 14:47:27+05:30,NIFTY2621026400CE,26400.0,2026-02-10,412.9,
2026-01-07 14:47:28+05:30,NIFTY2621026400CE,26400.0,2026-02-10,412.9,
2026-01-07 14:47:29+05:30,NIFTY2621026400CE,26400.0,2026-02-10,412.9,
2026-01-07 14:47:30+05:30,NIFTY2621026400CE,26400.0,2026-02-10,412.9,
2026-01-07 14:47:31+05:30,NIFTY2621026400CE,26400.0,2026-02-10,412.9,
2026-01-07 14:47:32+05:30,NIFTY2621026400CE,26400.0,2026-02-10,412.9,
2026-01-07 14:47:33+05:30,NIFTY2621026400CE,26400.0,2026-02-10,412.9,
2026-01-07 14:47:34+05:30,NIFTY2621026400CE,26400.0,2026-02-10,412.9,
2026-01-07 14:47:35+05:30,NIFTY2621026400CE,26400.0,2026-02-10,412.9,
2026-01-07 14:47:36+05:30,NIFTY2621026400CE,26400.0,2026-02-10,412.9,
2026-01-07 14:47:37+05:30,NIFTY2621026400CE,26400.0,2026-02-10,412.9,
2026-01-07 14:47:38+05:30,NIFTY2621026400CE,26400.0,2026-02-10,412.9,
2026-01-07 14:47:39+05:30,NIFTY2621026400CE,26400.0,2026-02-10,412.9,
2026-01-07 14:47:40+05:30,NIFTY2621026400CE,26400.0,2026-02-10,412.9,
2026-01-07 14:47:41+05:30,NIFTY2621026400CE,26400.0,2026-02-10,412.9,
2026-01-07 14:47:42+05:30,NIFTY2621026400CE,26400.0,2026-02-10,412.9,
2026-01-07 14:47:43+05:30,NIFTY2621026400CE,26400.0,2026-02-10,412.9,
2026-01-07 14:47:44+05:30,NIFTY2621026400CE,26400.0,2026-02-10,412.9,
2026-01-07 14:47:45+05:30,NIFTY2621026400CE,26400.0,2026-02-10,412.9,
2026-01-07 14:47:46+05:30,NIFTY2621026400CE,26400.0,2026-02-10,412.9,
2026-01-07 14:47:47+05:30,NIFTY2621026400CE,26400.0,2026-02-10,412.9,
2026-01-07 14:47:48+05:30,NIFTY2621026400CE,26400.0,2026-02-10,412.9,
2026-01-07 14:47:49+05:30,NIFTY2621026400CE,26400.0,2026-02-10,412.9,
2026-01-07 14:47:50+05:30,NIFTY2621026400CE,26400.0,2026-02-10,412.9,
2026-01-07 14:47:51+05:30,NIFTY2621026400CE,26400.0,2026-02-10,412.9,
2026-01-07 14:47:52+05:30,NIFTY2621026400CE,26400.0,2026-02-10,412.9,
2026-01-07 14:47:53+05:30,NIFTY2621026400CE,26400.0,2026-02-10,412.9,
2026-01-07 14:47:54+05:30,NIFTY2621026400CE,26400.0,2026-02-10,412.9,
2026-01-07 14:47:55+05:30,NIFTY2621026400CE,26400.0,2026-02-10,412.9,
2026-01-07 14:47:56+05:30,NIFTY2621026400CE,26400.0,2026-02-10,412.9,
2026-01-07 14:47:57+05:30,NIFTY2621026400CE,26400.0,2026-02-10,412.9,
2026-01-07 14:47:58+05:30,NIFTY2621026400CE,26400.0,2026-02-10,412.9,
2026-01-07 14:47:59+05:30,NIFTY2621026400CE,26400.0,2026-02-10,412.9,
2026-01-07 14:48:00+05:30,NIFTY2621026400CE,26400.0,2026-02-10,412.9,
2026-01-07 14:48:01+05:30,NIFTY2621026400CE,26400.0,2026-02-10,412.9,
2026-01-07 14:48:02+05:30,NIFTY2621026400CE,26400.0,2026-02-10,412.9,
2026-01-07 14:48:03+05:30,NIFTY2621026400CE,26400.0,2026-02-10,412.9,
2026-01-07 14:48:04+05:30,NIFTY2621026400CE,26400.0,2026-02-10,412.9,
2026-01-07 14:48:05+05:30,NIFTY2621026400CE,26400.0,2026-02-10,412.9,
2026-01-07 14:48:06+05:30,NIFTY2621026400CE,26400.0,2026-02-10,412.9,
2026-01-07 14:48:07+05:30,NIFTY2621026400CE,26400.0,2026-02-10,412.9,
2026-01-07 14:48:08+05:30,NIFTY2621026400CE,26400.0,2026-02-10,412.9,
2026-01-07 14:48:09+05:30,NIFTY2621026400CE,26400.0,2026-02-10,412.9,
2026-01-07 14:48:10+05:30,NIFTY2621026400CE,26400.0,2026-02-10,412.9,
2026-01-07 14:48:11+05:30,NIFTY2621026400CE,26400.0,2026-02-10,412.9,
2026-01-07 14:48:12+05:30,NIFTY2621026400CE,26400.0,2026-02-10,412.9,
2026-01-07 14:48:13+05:30,NIFTY2621026400CE,26400.0,2026-02-10,412.9,
2026-01-07 14:48:14+05:30,NIFTY2621026400CE,26400.0,2026-02-10,412.9,
2026-01-07 14:48:15+05:30,NIFTY2621026400CE,26400.0,2026-02-10,412.9,
2026-01-07 14:48:16+05:30,NIFTY2621026400CE,26400.0,2026-02-10,412.9,
2026-01-07 14:48:17+05:30,NIFTY2621026400CE,26400.0,2026-02-10,412.9,
2026-01-07 14:48:18+05:30,NIFTY2621026400CE,26400.0,2026-02-10,412.9,
2026-01-07 14:48:19+05:30,NIFTY2621026400CE,26400.0,2026-02-10,412.9,
2026-01-07 14:48:20+05:30,NIFTY2621026400CE,26400.0,2026-02-10,412.9,
2026-01-07 14:48:21+05:30,NIFTY2621026400CE,26400.0,2026-02-10,412.9,
2026-01-07 14:48:22+05:30,NIFTY2621026400CE,26400.0,2026-02-10,412.9,
2026-01-07 14:48:23+05:30,NIFTY2621026400CE,26400.0,2026-02-10,412.9,
2026-01-07 14:48:24+05:30,NIFTY2621026400CE,26400.0,2026-02-10,412.9,
2026-01-07 14:48:25+05:30,NIFTY2621026400CE,26400.0,2026-02-10,412.9,
2026-01-07 14:48:26+05:30,NIFTY2621026400CE,26400.0,2026-02-10,412.9,
2026-01-07 14:48:27+05:30,NIFTY2621026400CE,26400.0,2026-02-10,412.9,
2026-01-07 14:48:28+05:30,NIFTY2621026400CE,26400.0,2026-02-10,412.9,
2026-01-07 14:48:29+05:30,NIFTY2621026400CE,26400.0,2026-02-10,412.9,
2026-01-07 14:48:30+05:30,NIFTY2621026400CE,26400.0,2026-02-10,412.9,
2026-01-07 14:48:31+05:30,NIFTY2621026400CE,26400.0,2026-02-10,412.9,
2026-01-07 14:48:32+05:30,NIFTY2621026400CE,26400.0,2026-02-10,412.9,
2026-01-07 14:48:33+05:30,NIFTY2621026400CE,26400.0,2026-02-10,412.9,
2026-01-07 14:48:34+05:30,NIFTY2621026400CE,26400.0,2026-02-10,412.9,
2026-01-07 14:48:35+05:30,NIFTY2621026400CE,26400.0,2026-02-10,412.9,
2026-01-07 14:48:36+05:30,NIFTY2621026400CE,26400.0,2026-02-10,412.9,
2026-01-07 14:48:37+05:30,NIFTY2621026400CE,26400.0,2026-02-10,412.9,
2026-01-07 14:48:38+05:30,NIFTY2621026400CE,26400.0,2026-02-10,412.9,
2026-01-07 14:48:39+05:30,NIFTY2621026400CE,26400.0,2026-02-10,412.9,
2026-01-07 14:48:40+05:30,NIFTY2621026400CE,26400.0,2026-02-10,412.9,
2026-01-07 14:48:41+05:30,NIFTY2621026400CE,26400.0,2026-02-10,412.9,
2026-01-07 14:48:42+05:30,NIFTY2621026400CE,26400.0,2026-02-10,412.9,
2026-01-07 14:48:43+05:30,NIFTY2621026400CE,26400.0,2026-02-10,412.9,
2026-01-07 14:48:44+05:30,NIFTY2621026400CE,26400.0,2026-02-10,412.9,
2026-01-07 14:48:45+05:30,NIFTY2621026400CE,26400.0,2026-02-10,412.9,
2026-01-07 14:48:46+05:30,NIFTY2621026400CE,26400.0,2026-02-10,412.9,
2026-01-07 14:48:47+05:30,NIFTY2621026400CE,26400.0,2026-02-10,412.9,
2026-01-07 14:48:48+05:30,NIFTY2621026400CE,26400.0,2026-02-10,412.9,
2026-01-07 14:48:49+05:30,NIFTY2621026400CE,26400.0,2026-02-10,412.9,
2026-01-07 14:48:50+05:30,NIFTY2621026400CE,26400.0,2026-02-10,412.9,
2026-01-07 14:48:51+05:30,NIFTY2621026400CE,26400.0,2026-02-10,412.9,
2026-01-07 14:48:52+05:30,NIFTY2621026400CE,26400.0,2026-02-10,412.9,
2026-01-07 14:48:53+05:30,NIFTY2621026400CE,26400.0,2026-02-10,412.9,
2026-01-07 14:48:54+05:30,NIFTY2621026400CE,26400.0,2026-02-10,412.9,
2026-01-07 14:48:55+05:30,NIFTY2621026400CE,26400.0,2026-02-10,412.9,
2026-01-07 14:48:56+05:30,NIFTY2621026400CE,26400.0,2026-02-10,412.9,
2026-01-07 14:48:57+05:30,NIFTY2621026400CE,26400.0,2026-02-10,412.9,
2026-01-07 14:48:58+05:30,NIFTY2621026400CE,26400.0,2026-02-10,412.9,
2026-01-07 14:48:59+05:30,NIFTY2621026400CE,26400.0,2026-02-10,412.9,
2026-01-07 14:49:00+05:30,NIFTY2621026400CE,26400.0,2026-02-10,412.9,
2026-01-07 14:49:01+05:30,NIFTY2621026400CE,26400.0,2026-02-10,412.9,
2026-01-07 14:49:02+05:30,NIFTY2621026400CE,26400.0,2026-02-10,412.9,
2026-01-07 14:49:03+05:30,NIFTY2621026400CE,26400.0,2026-02-10,412.9,
2026-01-07 14:49:04+05:30,NIFTY2621026400CE,26400.0,2026-02-10,412.9,
2026-01-07 14:49:05+05:30,NIFTY2621026400CE,26400.0,2026-02-10,412.9,
2026-01-07 14:49:06+05:30,NIFTY2621026400CE,26400.0,2026-02-10,412.9,
2026-01-07 14:49:07+05:30,NIFTY2621026400CE,26400.0,2026-02-10,412.9,
2026-01-07 14:49:08+05:30,NIFTY2621026400CE,26400.0,2026-02-10,412.9,
2026-01-07 14:49:09+05:30,NIFTY2621026400CE,26400.0,2026-02-10,412.9,
2026-01-07 14:49:10+05:30,NIFTY2621026400CE,26400.0,2026-02-10,412.9,
2026-01-07 14:49:11+05:30,NIFTY2621026400CE,26400.0,2026-02-10,412.9,
2026-01-07 14:49:12+05:30,NIFTY2621026400CE,26400.0,2026-02-10,412.9,
2026-01-07 14:49:13+05:30,NIFTY2621026400CE,26400.0,2026-02-10,412.9,
2026-01-07 14:49:14+05:30,NIFTY2621026400CE,26400.0,2026-02-10,412.9,
2026-01-07 14:49:15+05:30,NIFTY2621026400CE,26400.0,2026-02-10,412.9,
2026-01-07 14:49:16+05:30,NIFTY2621026400CE,26400.0,2026-02-10,412.9,
2026-01-07 14:49:17+05:30,NIFTY2621026400CE,26400.0,2026-02-10,412.9,
2026-01-07 14:49:18+05:30,NIFTY2621026400CE,26400.0,2026-02-10,412.9,
2026-01-07 14:49:19+05:30,NIFTY2621026400CE,26400.0,2026-02-10,412.9,
2026-01-07 14:49:20+05:30,NIFTY2621026400CE,26400.0,2026-02-10,412.9,
2026-01-07 14:49:21+05:30,NIFTY2621026400CE,26400.0,2026-02-10,412.9,
2026-01-07 14:49:22+05:30,NIFTY2621026400CE,26400.0,2026-02-10,412.9,
2026-01-07 14:49:23+05:30,NIFTY2621026400CE,26400.0,2026-02-10,412.9,
2026-01-07 14:49:24+05:30,NIFTY2621026400CE,26400.0,2026-02-10,412.9,
2026-01-07 14:49:25+05:30,NIFTY2621026400CE,26400.0,2026-02-10,412.9,
2026-01-07 14:49:26+05:30,NIFTY2621026400CE,26400.0,2026-02-10,412.9,
2026-01-07 14:49:27+05:30,NIFTY2621026400CE,26400.0,2026-02-10,412.9,
2026-01-07 14:49:28+05:30,NIFTY2621026400CE,26400.0,2026-02-10,412.9,
2026-01-07 14:49:29+05:30,NIFTY2621026400CE,26400.0,2026-02-10,412.9,
2026-01-07 14:49:30+05:30,NIFTY2621026400CE,26400.0,2026-02-10,412.9,
2026-01-07 14:49:31+05:30,NIFTY2621026400CE,26400.0,2026-02-10,412.9,
2026-01-07 14:49:32+05:30,NIFTY2621026400CE,26400.0,2026-02-10,412.9,
2026-01-07 14:49:33+05:30,NIFTY2621026400CE,26400.0,2026-02-10,412.9,
2026-01-07 14:49:34+05:30,NIFTY2621026400CE,26400.0,2026-02-10,412.9,
2026-01-07 14:49:35+05:30,NIFTY2621026400CE,26400.0,2026-02-10,412.9,
2026-01-07 14:49:36+05:30,NIFTY2621026400CE,26400.0,2026-02-10,412.9,
2026-01-07 14:49:37+05:30,NIFTY2621026400CE,26400.0,2026-02-10,412.9,
2026-01-07 14:49:38+05:30,NIFTY2621026400CE,26400.0,2026-02-10,412.9,
2026-01-07 14:49:39+05:30,NIFTY2621026400CE,26400.0,2026-02-10,412.9,
2026-01-07 14:49:40+05:30,NIFTY2621026400CE,26400.0,2026-02-10,412.9,
2026-01-07 14:49:41+05:30,NIFTY2621026400CE,26400.0,2026-02-10,412.9,
2026-01-07 14:49:42+05:30,NIFTY2621026400CE,26400.0,2026-02-10,412.9,
2026-01-07 14:49:43+05:30,NIFTY2621026400CE,26400.0,2026-02-10,412.9,
2026-01-07 14:49:44+05:30,NIFTY2621026400CE,26400.0,2026-02-10,412.9,
2026-01-07 14:49:45+05:30,NIFTY2621026400CE,26400.0,2026-02-10,412.9,
2026-01-07 14:49:46+05:30,NIFTY2621026400CE,26400.0,2026-02-10,412.9,
2026-01-07 14:49:47+05:30,NIFTY2621026400CE,26400.0,2026-02-10,412.9,
2026-01-07 14:49:48+05:30,NIFTY2621026400CE,26400.0,2026-02-10,412.9,
2026-01-07 14:49:49+05:30,NIFTY2621026400CE,26400.0,2026-02-10,412.9,
2026-01-07 14:49:50+05:30,NIFTY2621026400CE,26400.0,2026-02-10,412.9,
2026-01-07 14:49:51+05:30,NIFTY2621026400CE,26400.0,2026-02-10,412.9,
2026-01-07 14:49:52+05:30,NIFTY2621026400CE,26400.0,2026-02-10,412.9,
2026-01-07 14:49:53+05:30,NIFTY2621026400CE,26400.0,2026-02-10,412.9,
2026-01-07 14:49:54+05:30,NIFTY2621026400CE,26400.0,2026-02-10,412.9,
2026-01-07 14:49:55+05:30,NIFTY2621026400CE,26400.0,2026-02-10,412.9,
2026-01-07 14:49:56+05:30,NIFTY2621026400CE,26400.0,2026-02-10,412.9,
2026-01-07 14:49:57+05:30,NIFTY2621026400CE,26400.0,2026-02-10,412.9,
2026-01-07 14:49:58+05:30,NIFTY2621026400CE,26400.0,2026-02-10,412.9,
2026-01-07 14:49:59+05:30,NIFTY2621026400CE,26400.0,2026-02-10,412.9,
2026-01-07 14:50:00+05:30,NIFTY2621026400CE,26400.0,2026-02-10,412.9,
2026-01-07 14:50:01+05:30,NIFTY2621026400CE,26400.0,2026-02-10,412.9,
2026-01-07 14:50:02+05:30,NIFTY2621026400CE,26400.0,2026-02-10,412.9,
2026-01-07 14:50:03+05:30,NIFTY2621026400CE,26400.0,2026-02-10,412.9,
2026-01-07 14:50:04+05:30,NIFTY2621026400CE,26400.0,2026-02-10,412.9,
2026-01-07 14:50:05+05:30,NIFTY2621026400CE,26400.0,2026-02-10,412.9,
2026-01-07 14:50:06+05:30,NIFTY2621026400CE,26400.0,2026-02-10,412.9,
2026-01-07 14:50:07+05:30,NIFTY2621026400CE,26400.0,2026-02-10,412.9,
2026-01-07 14:50:08+05:30,NIFTY2621026400CE,26400.0,2026-02-10,412.9,
2026-01-07 14:50:09+05:30,NIFTY2621026400CE,26400.0,2026-02-10,412.9,
2026-01-07 14:50:10+05:30,NIFTY2621026400CE,26400.0,2026-02-10,412.9,
2026-01-07 14:50:11+05:30,NIFTY2621026400CE,26400.0,2026-02-10,412.9,
2026-01-07 14:50:12+05:30,NIFTY2621026400CE,26400.0,2026-02-10,412.9,
2026-01-07 14:50:13+05:30,NIFTY2621026400CE,26400.0,2026-02-10,412.9,
2026-01-07 14:50:14+05:30,NIFTY2621026400CE,26400.0,2026-02-10,412.9,
2026-01-07 14:50:15+05:30,NIFTY2621026400CE,26400.0,2026-02-10,412.9,
2026-01-07 14:50:16+05:30,NIFTY2621026400CE,26400.0,2026-02-10,412.9,
2026-01-07 14:50:17+05:30,NIFTY2621026400CE,26400.0,2026-02-10,412.9,
2026-01-07 14:50:18+05:30,NIFTY2621026400CE,26400.0,2026-02-10,412.9,
2026-01-07 14:50:19+05:30,NIFTY2621026400CE,26400.0,2026-02-10,412.9,
2026-01-07 14:50:20+05:30,NIFTY2621026400CE,26400.0,2026-02-10,412.9,
2026-01-07 14:50:21+05:30,NIFTY2621026400CE,26400.0,2026-02-10,412.9,
2026-01-07 14:50:22+05:30,NIFTY2621026400CE,26400.0,2026-02-10,412.9,
2026-01-07 14:50:23+05:30,NIFTY2621026400CE,26400.0,2026-02-10,412.9,
2026-01-07 14:50:24+05:30,NIFTY2621026400CE,26400.0,2026-02-10,412.9,
2026-01-07 14:50:25+05:30,NIFTY2621026400CE,26400.0,2026-02-10,412.9,
2026-01-07 14:50:26+05:30,NIFTY2621026400CE,26400.0,2026-02-10,412.9,
2026-01-07 14:50:27+05:30,NIFTY2621026400CE,26400.0,2026-02-10,412.9,
2026-01-07 14:50:28+05:30,NIFTY2621026400CE,26400.0,2026-02-10,412.9,
2026-01-07 14:50:29+05:30,NIFTY2621026400CE,26400.0,2026-02-10,412.9,
2026-01-07 14:50:30+05:30,NIFTY2621026400CE,26400.0,2026-02-10,412.9,
2026-01-07 14:50:31+05:30,NIFTY2621026400CE,26400.0,2026-02-10,412.9,
2026-01-07 14:50:32+05:30,NIFTY2621026400CE,26400.0,2026-02-10,412.9,
2026-01-07 14:50:33+05:30,NIFTY2621026400CE,26400.0,2026-02-10,412.9,
2026-01-07 14:50:34+05:30,NIFTY2621026400CE,26400.0,2026-02-10,412.9,
2026-01-07 14:50:35+05:30,NIFTY2621026400CE,26400.0,2026-02-10,412.9,
2026-01-07 14:50:36+05:30,NIFTY2621026400CE,26400.0,2026-02-10,412.9,
2026-01-07 14:50:37+05:30,NIFTY2621026400CE,26400.0,2026-02-10,412.9,
2026-01-07 14:50:38+05:30,NIFTY2621026400CE,26400.0,2026-02-10,412.9,
2026-01-07 14:50:39+05:30,NIFTY2621026400CE,26400.0,2026-02-10,412.9,
2026-01-07 14:50:40+05:30,NIFTY2621026400CE,26400.0,2026-02-10,412.9,
2026-01-07 14:50:41+05:30,NIFTY2621026400CE,26400.0,2026-02-10,412.9,
2026-01-07 14:50:42+05:30,NIFTY2621026400CE,26400.0,2026-02-10,412.9,
2026-01-07 14:50:43+05:30,NIFTY2621026400CE,26400.0,2026-02-10,412.9,
2026-01-07 14:50:44+05:30,NIFTY2621026400CE,26400.0,2026-02-10,412.9,
2026-01-07 14:50:45+05:30,NIFTY2621026400CE,26400.0,2026-02-10,412.9,
2026-01-07 14:50:46+05:30,NIFTY2621026400CE,26400.0,2026-02-10,412.9,
2026-01-07 14:50:47+05:30,NIFTY2621026400CE,26400.0,2026-02-10,412.9,
2026-01-07 14:50:48+05:30,NIFTY2621026400CE,26400.0,2026-02-10,412.9,
2026-01-07 14:50:49+05:30,NIFTY2621026400CE,26400.0,2026-02-10,412.9,
2026-01-07 14:50:50+05:30,NIFTY2621026400CE,26400.0,2026-02-10,412.9,
2026-01-07 14:50:51+05:30,NIFTY2621026400CE,26400.0,2026-02-10,412.9,
2026-01-07 14:50:52+05:30,NIFTY2621026400CE,26400.0,2026-02-10,412.9,
2026-01-07 14:50:53+05:30,NIFTY2621026400CE,26400.0,2026-02-10,412.9,
2026-01-07 14:50:54+05:30,NIFTY2621026400CE,26400.0,2026-02-10,412.9,
2026-01-07 14:50:55+05:30,NIFTY2621026400CE,26400.0,2026-02-10,412.9,
2026-01-07 14:50:56+05:30,NIFTY2621026400CE,26400.0,2026-02-10,412.9,
2026-01-07 14:50:57+05:30,NIFTY2621026400CE,26400.0,2026-02-10,412.9,
2026-01-07 14:50:58+05:30,NIFTY2621026400CE,26400.0,2026-02-10,412.9,
2026-01-07 14:50:59+05:30,NIFTY2621026400CE,26400.0,2026-02-10,412.9,
2026-01-07 14:51:00+05:30,NIFTY2621026400CE,26400.0,2026-02-10,412.9,
2026-01-07 14:51:01+05:30,NIFTY2621026400CE,26400.0,2026-02-10,412.9,
2026-01-07 14:51:02+05:30,NIFTY2621026400CE,26400.0,2026-02-10,412.9,
2026-01-07 14:51:03+05:30,NIFTY2621026400CE,26400.0,2026-02-10,412.9,
2026-01-07 14:51:04+05:30,NIFTY2621026400CE,26400.0,2026-02-10,412.9,
2026-01-07 14:51:05+05:30,NIFTY2621026400CE,26400.0,2026-02-10,412.9,
2026-01-07 14:51:06+05:30,NIFTY2621026400CE,26400.0,2026-02-10,412.9,
2026-01-07 14:51:07+05:30,NIFTY2621026400CE,26400.0,2026-02-10,412.9,
2026-01-07 14:51:08+05:30,NIFTY2621026400CE,26400.0,2026-02-10,412.9,
2026-01-07 14:51:09+05:30,NIFTY2621026400CE,26400.0,2026-02-10,412.9,
2026-01-07 14:51:10+05:30,NIFTY2621026400CE,26400.0,2026-02-10,412.9,
2026-01-07 14:51:11+05:30,NIFTY2621026400CE,26400.0,2026-02-10,412.9,
2026-01-07 14:51:12+05:30,NIFTY2621026400CE,26400.0,2026-02-10,412.9,
2026-01-07 14:51:13+05:30,NIFTY2621026400CE,26400.0,2026-02-10,412.9,
2026-01-07 14:51:14+05:30,NIFTY2621026400CE,26400.0,2026-02-10,412.9,
2026-01-07 14:51:15+05:30,NIFTY2621026400CE,26400.0,2026-02-10,412.9,
2026-01-07 14:51:16+05:30,NIFTY2621026400CE,26400.0,2026-02-10,412.9,
2026-01-07 14:51:17+05:30,NIFTY2621026400CE,26400.0,2026-02-10,412.9,
2026-01-07 14:51:18+05:30,NIFTY2621026400CE,26400.0,2026-02-10,412.9,
2026-01-07 14:51:19+05:30,NIFTY2621026400CE,26400.0,2026-02-10,412.9,
2026-01-07 14:51:20+05:30,NIFTY2621026400CE,26400.0,2026-02-10,412.9,
2026-01-07 14:51:21+05:30,NIFTY2621026400CE,26400.0,2026-02-10,412.9,
2026-01-07 14:51:22+05:30,NIFTY2621026400CE,26400.0,2026-02-10,412.9,
2026-01-07 14:51:23+05:30,NIFTY2621026400CE,26400.0,2026-02-10,412.9,
2026-01-07 14:51:24+05:30,NIFTY2621026400CE,26400.0,2026-02-10,412.9,
2026-01-07 14:51:25+05:30,NIFTY2621026400CE,26400.0,2026-02-10,412.9,
2026-01-07 14:51:26+05:30,NIFTY2621026400CE,26400.0,2026-02-10,412.9,
2026-01-07 14:51:27+05:30,NIFTY2621026400CE,26400.0,2026-02-10,412.9,
2026-01-07 14:51:28+05:30,NIFTY2621026400CE,26400.0,2026-02-10,412.9,
2026-01-07 14:51:29+05:30,NIFTY2621026400CE,26400.0,2026-02-10,412.9,
2026-01-07 14:51:30+05:30,NIFTY2621026400CE,26400.0,2026-02-10,412.9,
2026-01-07 14:51:31+05:30,NIFTY2621026400CE,26400.0,2026-02-10,412.9,
2026-01-07 14:51:32+05:30,NIFTY2621026400CE,26400.0,2026-02-10,412.9,
2026-01-07 14:51:33+05:30,NIFTY2621026400CE,26400.0,2026-02-10,412.9,
2026-01-07 14:51:34+05:30,NIFTY2621026400CE,26400.0,2026-02-10,412.9,
2026-01-07 14:51:35+05:30,NIFTY2621026400CE,26400.0,2026-02-10,412.9,
2026-01-07 14:51:36+05:30,NIFTY2621026400CE,26400.0,2026-02-10,412.9,
2026-01-07 14:51:37+05:30,NIFTY2621026400CE,26400.0,2026-02-10,412.9,
2026-01-07 14:51:38+05:30,NIFTY2621026400CE,26400.0,2026-02-10,412.9,
2026-01-07 14:51:39+05:30,NIFTY2621026400CE,26400.0,2026-02-10,412.9,
2026-01-07 14:51:40+05:30,NIFTY2621026400CE,26400.0,2026-02-10,412.9,
2026-01-07 14:51:41+05:30,NIFTY2621026400CE,26400.0,2026-02-10,412.9,
2026-01-07 14:51:42+05:30,NIFTY2621026400CE,26400.0,2026-02-10,412.9,
2026-01-07 14:51:43+05:30,NIFTY2621026400CE,26400.0,2026-02-10,412.9,
2026-01-07 14:51:44+05:30,NIFTY2621026400CE,26400.0,2026-02-10,412.9,
2026-01-07 14:51:45+05:30,NIFTY2621026400CE,26400.0,2026-02-10,412.9,
2026-01-07 14:51:46+05:30,NIFTY2621026400CE,26400.0,2026-02-10,412.9,
2026-01-07 14:51:47+05:30,NIFTY2621026400CE,26400.0,2026-02-10,412.9,
2026-01-07 14:51:48+05:30,NIFTY2621026400CE,26400.0,2026-02-10,412.9,
2026-01-07 14:51:49+05:30,NIFTY2621026400CE,26400.0,2026-02-10,412.9,
2026-01-07 14:51:50+05:30,NIFTY2621026400CE,26400.0,2026-02-10,412.9,
2026-01-07 14:51:51+05:30,NIFTY2621026400CE,26400.0,2026-02-10,412.9,
2026-01-07 14:51:52+05:30,NIFTY2621026400CE,26400.0,2026-02-10,412.9,
2026-01-07 14:51:53+05:30,NIFTY2621026400CE,26400.0,2026-02-10,412.9,
2026-01-07 14:51:54+05:30,NIFTY2621026400CE,26400.0,2026-02-10,412.9,
2026-01-07 14:51:55+05:30,NIFTY2621026400CE,26400.0,2026-02-10,412.9,
2026-01-07 14:51:56+05:30,NIFTY2621026400CE,26400.0,2026-02-10,412.9,
2026-01-07 14:51:57+05:30,NIFTY2621026400CE,26400.0,2026-02-10,412.9,
2026-01-07 14:51:58+05:30,NIFTY2621026400CE,26400.0,2026-02-10,412.9,
2026-01-07 14:51:59+05:30,NIFTY2621026400CE,26400.0,2026-02-10,412.9,
2026-01-07 14:52:00+05:30,NIFTY2621026400CE,26400.0,2026-02-10,412.9,
2026-01-07 14:52:01+05:30,NIFTY2621026400CE,26400.0,2026-02-10,412.9,
2026-01-07 14:52:02+05:30,NIFTY2621026400CE,26400.0,2026-02-10,412.9,
2026-01-07 14:52:03+05:30,NIFTY2621026400CE,26400.0,2026-02-10,412.9,
2026-01-07 14:52:04+05:30,NIFTY2621026400CE,26400.0,2026-02-10,412.9,
2026-01-07 14:52:05+05:30,NIFTY2621026400CE,26400.0,2026-02-10,412.9,
2026-01-07 14:52:06+05:30,NIFTY2621026400CE,26400.0,2026-02-10,412.9,
2026-01-07 14:52:07+05:30,NIFTY2621026400CE,26400.0,2026-02-10,412.9,
2026-01-07 14:52:08+05:30,NIFTY2621026400CE,26400.0,2026-02-10,412.9,
2026-01-07 14:52:09+05:30,NIFTY2621026400CE,26400.0,2026-02-10,412.9,
2026-01-07 14:52:10+05:30,NIFTY2621026400CE,26400.0,2026-02-10,412.9,
2026-01-07 14:52:11+05:30,NIFTY2621026400CE,26400.0,2026-02-10,412.9,
2026-01-07 14:52:12+05:30,NIFTY2621026400CE,26400.0,2026-02-10,412.9,
2026-01-07 14:52:13+05:30,NIFTY2621026400CE,26400.0,2026-02-10,412.9,
2026-01-07 14:52:14+05:30,NIFTY2621026400CE,26400.0,2026-02-10,412.9,
2026-01-07 14:52:15+05:30,NIFTY2621026400CE,26400.0,2026-02-10,412.9,
2026-01-07 14:52:16+05:30,NIFTY2621026400CE,26400.0,2026-02-10,412.9,
2026-01-07 14:52:17+05:30,NIFTY2621026400CE,26400.0,2026-02-10,412.9,
2026-01-07 14:52:18+05:30,NIFTY2621026400CE,26400.0,2026-02-10,412.9,
2026-01-07 14:52:19+05:30,NIFTY2621026400CE,26400.0,2026-02-10,412.9,
2026-01-07 14:52:20+05:30,NIFTY2621026400CE,26400.0,2026-02-10,412.9,
2026-01-07 14:52:21+05:30,NIFTY2621026400CE,26400.0,2026-02-10,412.9,
2026-01-07 14:52:22+05:30,NIFTY2621026400CE,26400.0,2026-02-10,412.9,
2026-01-07 14:52:23+05:30,NIFTY2621026400CE,26400.0,2026-02-10,412.9,
2026-01-07 14:52:24+05:30,NIFTY2621026400CE,26400.0,2026-02-10,412.9,
2026-01-07 14:52:25+05:30,NIFTY2621026400CE,26400.0,2026-02-10,412.9,
2026-01-07 14:52:26+05:30,NIFTY2621026400CE,26400.0,2026-02-10,412.9,
2026-01-07 14:52:27+05:30,NIFTY2621026400CE,26400.0,2026-02-10,412.9,
2026-01-07 14:52:28+05:30,NIFTY2621026400CE,26400.0,2026-02-10,412.9,
2026-01-07 14:52:29+05:30,NIFTY2621026400CE,26400.0,2026-02-10,412.9,
2026-01-07 14:52:30+05:30,NIFTY2621026400CE,26400.0,2026-02-10,412.9,
2026-01-07 14:52:31+05:30,NIFTY2621026400CE,26400.0,2026-02-10,412.9,
2026-01-07 14:52:32+05:30,NIFTY2621026400CE,26400.0,2026-02-10,412.9,
2026-01-07 14:52:33+05:30,NIFTY2621026400CE,26400.0,2026-02-10,412.9,
2026-01-07 14:52:34+05:30,NIFTY2621026400CE,26400.0,2026-02-10,412.9,
2026-01-07 14:52:35+05:30,NIFTY2621026400CE,26400.0,2026-02-10,412.9,
2026-01-07 14:52:36+05:30,NIFTY2621026400CE,26400.0,2026-02-10,412.9,
2026-01-07 14:52:37+05:30,NIFTY2621026400CE,26400.0,2026-02-10,412.9,
2026-01-07 14:52:38+05:30,NIFTY2621026400CE,26400.0,2026-02-10,412.9,
2026-01-07 14:52:39+05:30,NIFTY2621026400CE,26400.0,2026-02-10,412.9,
2026-01-07 14:52:40+05:30,NIFTY2621026400CE,26400.0,2026-02-10,412.9,
2026-01-07 14:52:41+05:30,NIFTY2621026400CE,26400.0,2026-02-10,412.9,
2026-01-07 14:52:42+05:30,NIFTY2621026400CE,26400.0,2026-02-10,412.9,
2026-01-07 14:52:43+05:30,NIFTY2621026400CE,26400.0,2026-02-10,412.9,
2026-01-07 14:52:44+05:30,NIFTY2621026400CE,26400.0,2026-02-10,412.9,
2026-01-07 14:52:45+05:30,NIFTY2621026400CE,26400.0,2026-02-10,412.9,
2026-01-07 14:52:46+05:30,NIFTY2621026400CE,26400.0,2026-02-10,412.9,
2026-01-07 14:52:47+05:30,NIFTY2621026400CE,26400.0,2026-02-10,412.9,
2026-01-07 14:52:48+05:30,NIFTY2621026400CE,26400.0,2026-02-10,412.9,
2026-01-07 14:52:49+05:30,NIFTY2621026400CE,26400.0,2026-02-10,412.9,
2026-01-07 14:52:50+05:30,NIFTY2621026400CE,26400.0,2026-02-10,412.9,
2026-01-07 14:52:51+05:30,NIFTY2621026400CE,26400.0,2026-02-10,412.9,
2026-01-07 14:52:52+05:30,NIFTY2621026400CE,26400.0,2026-02-10,412.9,
2026-01-07 14:52:53+05:30,NIFTY2621026400CE,26400.0,2026-02-10,412.9,
2026-01-07 14:52:54+05:30,NIFTY2621026400CE,26400.0,2026-02-10,412.9,
2026-01-07 14:52:55+05:30,NIFTY2621026400CE,26400.0,2026-02-10,412.9,
2026-01-07 14:52:56+05:30,NIFTY2621026400CE,26400.0,2026-02-10,412.9,
2026-01-07 14:52:57+05:30,NIFTY2621026400CE,26400.0,2026-02-10,412.9,
2026-01-07 14:52:58+05:30,NIFTY2621026400CE,26400.0,2026-02-10,412.9,
2026-01-07 14:52:59+05:30,NIFTY2621026400CE,26400.0,2026-02-10,412.9,
2026-01-07 14:53:00+05:30,NIFTY2621026400CE,26400.0,2026-02-10,412.9,
2026-01-07 14:53:01+05:30,NIFTY2621026400CE,26400.0,2026-02-10,412.9,
2026-01-07 14:53:02+05:30,NIFTY2621026400CE,26400.0,2026-02-10,412.9,
2026-01-07 14:53:03+05:30,NIFTY2621026400CE,26400.0,2026-02-10,412.9,
2026-01-07 14:53:04+05:30,NIFTY2621026400CE,26400.0,2026-02-10,412.9,
2026-01-07 14:53:05+05:30,NIFTY2621026400CE,26400.0,2026-02-10,412.9,
2026-01-07 14:53:06+05:30,NIFTY2621026400CE,26400.0,2026-02-10,412.9,
2026-01-07 14:53:07+05:30,NIFTY2621026400CE,26400.0,2026-02-10,412.9,
2026-01-07 14:53:08+05:30,NIFTY2621026400CE,26400.0,2026-02-10,412.9,
2026-01-07 14:53:09+05:30,NIFTY2621026400CE,26400.0,2026-02-10,412.9,
2026-01-07 14:53:10+05:30,NIFTY2621026400CE,26400.0,2026-02-10,412.9,
2026-01-07 14:53:11+05:30,NIFTY2621026400CE,26400.0,2026-02-10,412.9,
2026-01-07 14:53:12+05:30,NIFTY2621026400CE,26400.0,2026-02-10,412.9,
2026-01-07 14:53:13+05:30,NIFTY2621026400CE,26400.0,2026-02-10,412.9,
2026-01-07 14:53:14+05:30,NIFTY2621026400CE,26400.0,2026-02-10,412.9,
2026-01-07 14:53:15+05:30,NIFTY2621026400CE,26400.0,2026-02-10,412.9,
2026-01-07 14:53:16+05:30,NIFTY2621026400CE,26400.0,2026-02-10,412.9,
2026-01-07 14:53:17+05:30,NIFTY2621026400CE,26400.0,2026-02-10,412.9,
2026-01-07 14:53:18+05:30,NIFTY2621026400CE,26400.0,2026-02-10,412.9,
2026-01-07 14:53:19+05:30,NIFTY2621026400CE,26400.0,2026-02-10,412.9,
2026-01-07 14:53:20+05:30,NIFTY2621026400CE,26400.0,2026-02-10,412.9,
2026-01-07 14:53:21+05:30,NIFTY2621026400CE,26400.0,2026-02-10,412.9,
2026-01-07 14:53:22+05:30,NIFTY2621026400CE,26400.0,2026-02-10,412.9,
2026-01-07 14:53:23+05:30,NIFTY2621026400CE,26400.0,2026-02-10,412.9,
2026-01-07 14:53:24+05:30,NIFTY2621026400CE,26400.0,2026-02-10,412.9,
2026-01-07 14:53:25+05:30,NIFTY2621026400CE,26400.0,2026-02-10,412.9,
2026-01-07 14:53:26+05:30,NIFTY2621026400CE,26400.0,2026-02-10,412.9,
2026-01-07 14:53:27+05:30,NIFTY2621026400CE,26400.0,2026-02-10,412.9,
2026-01-07 14:53:28+05:30,NIFTY2621026400CE,26400.0,2026-02-10,412.9,
2026-01-07 14:53:29+05:30,NIFTY2621026400CE,26400.0,2026-02-10,412.9,
2026-01-07 14:53:30+05:30,NIFTY2621026400CE,26400.0,2026-02-10,412.9,
2026-01-07 14:53:31+05:30,NIFTY2621026400CE,26400.0,2026-02-10,412.9,
2026-01-07 14:53:32+05:30,NIFTY2621026400CE,26400.0,2026-02-10,412.9,
2026-01-07 14:53:33+05:30,NIFTY2621026400CE,26400.0,2026-02-10,412.9,
2026-01-07 14:53:34+05:30,NIFTY2621026400CE,26400.0,2026-02-10,412.9,
2026-01-07 14:53:35+05:30,NIFTY2621026400CE,26400.0,2026-02-10,412.9,
2026-01-07 14:53:36+05:30,NIFTY2621026400CE,26400.0,2026-02-10,412.9,
2026-01-07 14:53:37+05:30,NIFTY2621026400CE,26400.0,2026-02-10,412.9,
2026-01-07 14:53:38+05:30,NIFTY2621026400CE,26400.0,2026-02-10,412.9,
2026-01-07 14:53:39+05:30,NIFTY2621026400CE,26400.0,2026-02-10,412.9,
2026-01-07 14:53:40+05:30,NIFTY2621026400CE,26400.0,2026-02-10,412.9,
2026-01-07 14:53:41+05:30,NIFTY2621026400CE,26400.0,2026-02-10,412.9,
2026-01-07 14:53:42+05:30,NIFTY2621026400CE,26400.0,2026-02-10,412.9,
2026-01-07 14:53:43+05:30,NIFTY2621026400CE,26400.0,2026-02-10,412.9,
2026-01-07 14:53:44+05:30,NIFTY2621026400CE,26400.0,2026-02-10,412.9,
2026-01-07 14:53:45+05:30,NIFTY2621026400CE,26400.0,2026-02-10,412.9,
2026-01-07 14:53:46+05:30,NIFTY2621026400CE,26400.0,2026-02-10,412.9,
2026-01-07 14:53:47+05:30,NIFTY2621026400CE,26400.0,2026-02-10,412.9,
2026-01-07 14:53:48+05:30,NIFTY2621026400CE,26400.0,2026-02-10,412.9,
2026-01-07 14:53:49+05:30,NIFTY2621026400CE,26400.0,2026-02-10,412.9,
2026-01-07 14:53:50+05:30,NIFTY2621026400CE,26400.0,2026-02-10,412.9,
2026-01-07 14:53:51+05:30,NIFTY2621026400CE,26400.0,2026-02-10,412.9,
2026-01-07 14:53:52+05:30,NIFTY2621026400CE,26400.0,2026-02-10,412.9,
2026-01-07 14:53:53+05:30,NIFTY2621026400CE,26400.0,2026-02-10,412.9,
2026-01-07 14:53:54+05:30,NIFTY2621026400CE,26400.0,2026-02-10,412.9,
2026-01-07 14:53:55+05:30,NIFTY2621026400CE,26400.0,2026-02-10,412.9,
2026-01-07 14:53:56+05:30,NIFTY2621026400CE,26400.0,2026-02-10,412.9,
2026-01-07 14:53:57+05:30,NIFTY2621026400CE,26400.0,2026-02-10,412.9,
2026-01-07 14:53:58+05:30,NIFTY2621026400CE,26400.0,2026-02-10,412.9,
2026-01-07 14:53:59+05:30,NIFTY2621026400CE,26400.0,2026-02-10,412.9,
2026-01-07 14:54:00+05:30,NIFTY2621026400CE,26400.0,2026-02-10,412.9,
2026-01-07 14:54:01+05:30,NIFTY2621026400CE,26400.0,2026-02-10,412.9,
2026-01-07 14:54:02+05:30,NIFTY2621026400CE,26400.0,2026-02-10,412.9,
2026-01-07 14:54:03+05:30,NIFTY2621026400CE,26400.0,2026-02-10,412.9,
2026-01-07 14:54:04+05:30,NIFTY2621026400CE,26400.0,2026-02-10,412.9,
2026-01-07 14:54:05+05:30,NIFTY2621026400CE,26400.0,2026-02-10,412.9,
2026-01-07 14:54:06+05:30,NIFTY2621026400CE,26400.0,2026-02-10,412.9,
2026-01-07 14:54:07+05:30,NIFTY2621026400CE,26400.0,2026-02-10,412.9,
2026-01-07 14:54:08+05:30,NIFTY2621026400CE,26400.0,2026-02-10,412.9,
2026-01-07 14:54:09+05:30,NIFTY2621026400CE,26400.0,2026-02-10,412.9,
2026-01-07 14:54:10+05:30,NIFTY2621026400CE,26400.0,2026-02-10,412.9,
2026-01-07 14:54:11+05:30,NIFTY2621026400CE,26400.0,2026-02-10,412.9,
2026-01-07 14:54:12+05:30,NIFTY2621026400CE,26400.0,2026-02-10,412.9,
2026-01-07 14:54:13+05:30,NIFTY2621026400CE,26400.0,2026-02-10,412.9,
2026-01-07 14:54:14+05:30,NIFTY2621026400CE,26400.0,2026-02-10,412.9,
2026-01-07 14:54:15+05:30,NIFTY2621026400CE,26400.0,2026-02-10,412.9,
2026-01-07 14:54:16+05:30,NIFTY2621026400CE,26400.0,2026-02-10,412.9,
2026-01-07 14:54:17+05:30,NIFTY2621026400CE,26400.0,2026-02-10,412.9,
2026-01-07 14:54:18+05:30,NIFTY2621026400CE,26400.0,2026-02-10,412.9,
2026-01-07 14:54:19+05:30,NIFTY2621026400CE,26400.0,2026-02-10,412.9,
2026-01-07 14:54:20+05:30,NIFTY2621026400CE,26400.0,2026-02-10,412.9,
2026-01-07 14:54:21+05:30,NIFTY2621026400CE,26400.0,2026-02-10,412.9,
2026-01-07 14:54:22+05:30,NIFTY2621026400CE,26400.0,2026-02-10,412.9,
2026-01-07 14:54:23+05:30,NIFTY2621026400CE,26400.0,2026-02-10,412.9,
2026-01-07 14:54:24+05:30,NIFTY2621026400CE,26400.0,2026-02-10,412.9,
2026-01-07 14:54:25+05:30,NIFTY2621026400CE,26400.0,2026-02-10,412.9,
2026-01-07 14:54:26+05:30,NIFTY2621026400CE,26400.0,2026-02-10,412.9,
2026-01-07 14:54:27+05:30,NIFTY2621026400CE,26400.0,2026-02-10,412.9,
2026-01-07 14:54:28+05:30,NIFTY2621026400CE,26400.0,2026-02-10,412.9,
2026-01-07 14:54:29+05:30,NIFTY2621026400CE,26400.0,2026-02-10,412.9,
2026-01-07 14:54:30+05:30,NIFTY2621026400CE,26400.0,2026-02-10,412.9,
2026-01-07 14:54:31+05:30,NIFTY2621026400CE,26400.0,2026-02-10,412.9,
2026-01-07 14:54:32+05:30,NIFTY2621026400CE,26400.0,2026-02-10,412.9,
2026-01-07 14:54:33+05:30,NIFTY2621026400CE,26400.0,2026-02-10,412.9,
2026-01-07 14:54:34+05:30,NIFTY2621026400CE,26400.0,2026-02-10,412.9,
2026-01-07 14:54:35+05:30,NIFTY2621026400CE,26400.0,2026-02-10,412.9,
2026-01-07 14:54:36+05:30,NIFTY2621026400CE,26400.0,2026-02-10,412.9,
2026-01-07 14:54:37+05:30,NIFTY2621026400CE,26400.0,2026-02-10,412.9,
2026-01-07 14:54:38+05:30,NIFTY2621026400CE,26400.0,2026-02-10,412.9,
2026-01-07 14:54:39+05:30,NIFTY2621026400CE,26400.0,2026-02-10,412.9,
2026-01-07 14:54:40+05:30,NIFTY2621026400CE,26400.0,2026-02-10,412.9,
2026-01-07 14:54:41+05:30,NIFTY2621026400CE,26400.0,2026-02-10,412.9,
2026-01-07 14:54:42+05:30,NIFTY2621026400CE,26400.0,2026-02-10,412.9,
2026-01-07 14:54:43+05:30,NIFTY2621026400CE,26400.0,2026-02-10,412.9,
2026-01-07 14:54:44+05:30,NIFTY2621026400CE,26400.0,2026-02-10,412.9,
2026-01-07 14:54:45+05:30,NIFTY2621026400CE,26400.0,2026-02-10,412.9,
2026-01-07 14:54:46+05:30,NIFTY2621026400CE,26400.0,2026-02-10,412.9,
2026-01-07 14:54:47+05:30,NIFTY2621026400CE,26400.0,2026-02-10,412.9,
2026-01-07 14:54:48+05:30,NIFTY2621026400CE,26400.0,2026-02-10,412.9,
2026-01-07 14:54:49+05:30,NIFTY2621026400CE,26400.0,2026-02-10,412.9,
2026-01-07 14:54:50+05:30,NIFTY2621026400CE,26400.0,2026-02-10,412.9,
2026-01-07 14:54:51+05:30,NIFTY2621026400CE,26400.0,2026-02-10,412.9,
2026-01-07 14:54:52+05:30,NIFTY2621026400CE,26400.0,2026-02-10,412.9,
2026-01-07 14:54:53+05:30,NIFTY2621026400CE,26400.0,2026-02-10,412.9,
2026-01-07 14:54:54+05:30,NIFTY2621026400CE,26400.0,2026-02-10,412.9,
2026-01-07 14:54:55+05:30,NIFTY2621026400CE,26400.0,2026-02-10,412.9,
2026-01-07 14:54:56+05:30,NIFTY2621026400CE,26400.0,2026-02-10,412.9,
2026-01-07 14:54:57+05:30,NIFTY2621026400CE,26400.0,2026-02-10,412.9,
2026-01-07 14:54:58+05:30,NIFTY2621026400CE,26400.0,2026-02-10,412.9,
2026-01-07 14:54:59+05:30,NIFTY2621026400CE,26400.0,2026-02-10,412.9,
2026-01-07 14:55:00+05:30,NIFTY2621026400CE,26400.0,2026-02-10,412.9,
2026-01-07 14:55:01+05:30,NIFTY2621026400CE,26400.0,2026-02-10,412.9,
2026-01-07 14:55:02+05:30,NIFTY2621026400CE,26400.0,2026-02-10,412.9,
2026-01-07 14:55:03+05:30,NIFTY2621026400CE,26400.0,2026-02-10,412.9,
2026-01-07 14:55:04+05:30,NIFTY2621026400CE,26400.0,2026-02-10,412.9,
2026-01-07 14:55:05+05:30,NIFTY2621026400CE,26400.0,2026-02-10,412.9,
2026-01-07 14:55:06+05:30,NIFTY2621026400CE,26400.0,2026-02-10,412.9,
2026-01-07 14:55:07+05:30,NIFTY2621026400CE,26400.0,2026-02-10,412.9,
2026-01-07 14:55:08+05:30,NIFTY2621026400CE,26400.0,2026-02-10,412.9,
2026-01-07 14:55:09+05:30,NIFTY2621026400CE,26400.0,2026-02-10,412.9,
2026-01-07 14:55:10+05:30,NIFTY2621026400CE,26400.0,2026-02-10,412.9,
2026-01-07 14:55:11+05:30,NIFTY2621026400CE,26400.0,2026-02-10,412.9,
2026-01-07 14:55:12+05:30,NIFTY2621026400CE,26400.0,2026-02-10,412.9,
2026-01-07 14:55:13+05:30,NIFTY2621026400CE,26400.0,2026-02-10,412.9,
2026-01-07 14:55:14+05:30,NIFTY2621026400CE,26400.0,2026-02-10,412.9,
2026-01-07 14:55:15+05:30,NIFTY2621026400CE,26400.0,2026-02-10,412.9,
2026-01-07 14:55:16+05:30,NIFTY2621026400CE,26400.0,2026-02-10,412.9,
2026-01-07 14:55:17+05:30,NIFTY2621026400CE,26400.0,2026-02-10,412.9,
2026-01-07 14:55:18+05:30,NIFTY2621026400CE,26400.0,2026-02-10,412.9,
2026-01-07 14:55:19+05:30,NIFTY2621026400CE,26400.0,2026-02-10,412.9,
2026-01-07 14:55:20+05:30,NIFTY2621026400CE,26400.0,2026-02-10,412.9,
2026-01-07 14:55:21+05:30,NIFTY2621026400CE,26400.0,2026-02-10,412.9,
2026-01-07 14:55:22+05:30,NIFTY2621026400CE,26400.0,2026-02-10,412.9,
2026-01-07 14:55:23+05:30,NIFTY2621026400CE,26400.0,2026-02-10,412.9,
2026-01-07 14:55:24+05:30,NIFTY2621026400CE,26400.0,2026-02-10,412.9,
2026-01-07 14:55:25+05:30,NIFTY2621026400CE,26400.0,2026-02-10,412.9,
2026-01-07 14:55:26+05:30,NIFTY2621026400CE,26400.0,2026-02-10,412.9,
2026-01-07 14:55:27+05:30,NIFTY2621026400CE,26400.0,2026-02-10,412.9,
2026-01-07 14:55:28+05:30,NIFTY2621026400CE,26400.0,2026-02-10,412.9,
2026-01-07 14:55:29+05:30,NIFTY2621026400CE,26400.0,2026-02-10,412.9,
2026-01-07 14:55:30+05:30,NIFTY2621026400CE,26400.0,2026-02-10,412.9,
2026-01-07 14:55:31+05:30,NIFTY2621026400CE,26400.0,2026-02-10,412.9,
2026-01-07 14:55:32+05:30,NIFTY2621026400CE,26400.0,2026-02-10,412.9,
2026-01-07 14:55:33+05:30,NIFTY2621026400CE,26400.0,2026-02-10,412.9,
2026-01-07 14:55:34+05:30,NIFTY2621026400CE,26400.0,2026-02-10,412.9,
2026-01-07 14:55:35+05:30,NIFTY2621026400CE,26400.0,2026-02-10,412.9,
2026-01-07 14:55:36+05:30,NIFTY2621026400CE,26400.0,2026-02-10,412.9,
2026-01-07 14:55:37+05:30,NIFTY2621026400CE,26400.0,2026-02-10,412.9,
2026-01-07 14:55:38+05:30,NIFTY2621026400CE,26400.0,2026-02-10,412.9,
2026-01-07 14:55:39+05:30,NIFTY2621026400CE,26400.0,2026-02-10,412.9,
2026-01-07 14:55:40+05:30,NIFTY2621026400CE,26400.0,2026-02-10,412.9,
2026-01-07 14:55:41+05:30,NIFTY2621026400CE,26400.0,2026-02-10,412.9,
2026-01-07 14:55:42+05:30,NIFTY2621026400CE,26400.0,2026-02-10,412.9,
2026-01-07 14:55:43+05:30,NIFTY2621026400CE,26400.0,2026-02-10,412.9,
2026-01-07 14:55:44+05:30,NIFTY2621026400CE,26400.0,2026-02-10,412.9,
2026-01-07 14:55:45+05:30,NIFTY2621026400CE,26400.0,2026-02-10,412.9,
2026-01-07 14:55:46+05:30,NIFTY2621026400CE,26400.0,2026-02-10,412.9,
2026-01-07 14:55:47+05:30,NIFTY2621026400CE,26400.0,2026-02-10,412.9,
2026-01-07 14:55:48+05:30,NIFTY2621026400CE,26400.0,2026-02-10,412.9,
2026-01-07 14:55:49+05:30,NIFTY2621026400CE,26400.0,2026-02-10,412.9,
2026-01-07 14:55:50+05:30,NIFTY2621026400CE,26400.0,2026-02-10,412.9,
2026-01-07 14:55:51+05:30,NIFTY2621026400CE,26400.0,2026-02-10,412.9,
2026-01-07 14:55:52+05:30,NIFTY2621026400CE,26400.0,2026-02-10,412.9,
2026-01-07 14:55:53+05:30,NIFTY2621026400CE,26400.0,2026-02-10,412.9,
2026-01-07 14:55:54+05:30,NIFTY2621026400CE,26400.0,2026-02-10,412.9,
2026-01-07 14:55:55+05:30,NIFTY2621026400CE,26400.0,2026-02-10,412.9,
2026-01-07 14:55:56+05:30,NIFTY2621026400CE,26400.0,2026-02-10,412.9,
2026-01-07 14:55:57+05:30,NIFTY2621026400CE,26400.0,2026-02-10,412.9,
2026-01-07 14:55:58+05:30,NIFTY2621026400CE,26400.0,2026-02-10,412.9,
2026-01-07 14:55:59+05:30,NIFTY2621026400CE,26400.0,2026-02-10,412.9,
2026-01-07 14:56:00+05:30,NIFTY2621026400CE,26400.0,2026-02-10,412.9,
2026-01-07 14:56:01+05:30,NIFTY2621026400CE,26400.0,2026-02-10,412.9,
2026-01-07 14:56:02+05:30,NIFTY2621026400CE,26400.0,2026-02-10,412.9,
2026-01-07 14:56:03+05:30,NIFTY2621026400CE,26400.0,2026-02-10,412.9,
2026-01-07 14:56:04+05:30,NIFTY2621026400CE,26400.0,2026-02-10,412.9,
2026-01-07 14:56:05+05:30,NIFTY2621026400CE,26400.0,2026-02-10,412.9,
2026-01-07 14:56:06+05:30,NIFTY2621026400CE,26400.0,2026-02-10,412.9,
2026-01-07 14:56:07+05:30,NIFTY2621026400CE,26400.0,2026-02-10,412.9,
2026-01-07 14:56:08+05:30,NIFTY2621026400CE,26400.0,2026-02-10,412.9,
2026-01-07 14:56:09+05:30,NIFTY2621026400CE,26400.0,2026-02-10,412.9,
2026-01-07 14:56:10+05:30,NIFTY2621026400CE,26400.0,2026-02-10,412.9,
2026-01-07 14:56:11+05:30,NIFTY2621026400CE,26400.0,2026-02-10,412.9,
2026-01-07 14:56:12+05:30,NIFTY2621026400CE,26400.0,2026-02-10,412.9,
2026-01-07 14:56:13+05:30,NIFTY2621026400CE,26400.0,2026-02-10,412.9,
2026-01-07 14:56:14+05:30,NIFTY2621026400CE,26400.0,2026-02-10,412.9,
2026-01-07 14:56:15+05:30,NIFTY2621026400CE,26400.0,2026-02-10,412.9,
2026-01-07 14:56:16+05:30,NIFTY2621026400CE,26400.0,2026-02-10,412.9,
2026-01-07 14:56:17+05:30,NIFTY2621026400CE,26400.0,2026-02-10,412.9,
2026-01-07 14:56:18+05:30,NIFTY2621026400CE,26400.0,2026-02-10,412.9,
2026-01-07 14:56:19+05:30,NIFTY2621026400CE,26400.0,2026-02-10,412.9,
2026-01-07 14:56:20+05:30,NIFTY2621026400CE,26400.0,2026-02-10,412.9,
2026-01-07 14:56:21+05:30,NIFTY2621026400CE,26400.0,2026-02-10,412.9,
2026-01-07 14:56:22+05:30,NIFTY2621026400CE,26400.0,2026-02-10,412.9,
2026-01-07 14:56:23+05:30,NIFTY2621026400CE,26400.0,2026-02-10,412.9,
2026-01-07 14:56:24+05:30,NIFTY2621026400CE,26400.0,2026-02-10,412.9,
2026-01-07 14:56:25+05:30,NIFTY2621026400CE,26400.0,2026-02-10,412.9,
2026-01-07 14:56:26+05:30,NIFTY2621026400CE,26400.0,2026-02-10,412.9,
2026-01-07 14:56:27+05:30,NIFTY2621026400CE,26400.0,2026-02-10,412.9,
2026-01-07 14:56:28+05:30,NIFTY2621026400CE,26400.0,2026-02-10,412.9,
2026-01-07 14:56:29+05:30,NIFTY2621026400CE,26400.0,2026-02-10,412.9,
2026-01-07 14:56:30+05:30,NIFTY2621026400CE,26400.0,2026-02-10,412.9,
2026-01-07 14:56:31+05:30,NIFTY2621026400CE,26400.0,2026-02-10,412.9,
2026-01-07 14:56:32+05:30,NIFTY2621026400CE,26400.0,2026-02-10,412.9,
2026-01-07 14:56:33+05:30,NIFTY2621026400CE,26400.0,2026-02-10,412.9,
2026-01-07 14:56:34+05:30,NIFTY2621026400CE,26400.0,2026-02-10,412.9,
2026-01-07 14:56:35+05:30,NIFTY2621026400CE,26400.0,2026-02-10,412.9,
2026-01-07 14:56:36+05:30,NIFTY2621026400CE,26400.0,2026-02-10,412.9,
2026-01-07 14:56:37+05:30,NIFTY2621026400CE,26400.0,2026-02-10,412.9,
2026-01-07 14:56:38+05:30,NIFTY2621026400CE,26400.0,2026-02-10,412.9,
2026-01-07 14:56:39+05:30,NIFTY2621026400CE,26400.0,2026-02-10,412.9,
2026-01-07 14:56:40+05:30,NIFTY2621026400CE,26400.0,2026-02-10,412.9,
2026-01-07 14:56:41+05:30,NIFTY2621026400CE,26400.0,2026-02-10,412.9,
2026-01-07 14:56:42+05:30,NIFTY2621026400CE,26400.0,2026-02-10,412.9,
2026-01-07 14:56:43+05:30,NIFTY2621026400CE,26400.0,2026-02-10,412.9,
2026-01-07 14:56:44+05:30,NIFTY2621026400CE,26400.0,2026-02-10,412.9,
2026-01-07 14:56:45+05:30,NIFTY2621026400CE,26400.0,2026-02-10,412.9,
2026-01-07 14:56:46+05:30,NIFTY2621026400CE,26400.0,2026-02-10,412.9,
2026-01-07 14:56:47+05:30,NIFTY2621026400CE,26400.0,2026-02-10,412.9,
2026-01-07 14:56:48+05:30,NIFTY2621026400CE,26400.0,2026-02-10,412.9,
2026-01-07 14:56:49+05:30,NIFTY2621026400CE,26400.0,2026-02-10,412.9,
2026-01-07 14:56:50+05:30,NIFTY2621026400CE,26400.0,2026-02-10,412.9,
2026-01-07 14:56:51+05:30,NIFTY2621026400CE,26400.0,2026-02-10,412.9,
2026-01-07 14:56:52+05:30,NIFTY2621026400CE,26400.0,2026-02-10,412.9,
2026-01-07 14:56:53+05:30,NIFTY2621026400CE,26400.0,2026-02-10,412.9,
2026-01-07 14:56:54+05:30,NIFTY2621026400CE,26400.0,2026-02-10,412.9,
2026-01-07 14:56:55+05:30,NIFTY2621026400CE,26400.0,2026-02-10,412.9,
2026-01-07 14:56:56+05:30,NIFTY2621026400CE,26400.0,2026-02-10,412.9,
2026-01-07 14:56:57+05:30,NIFTY2621026400CE,26400.0,2026-02-10,412.9,
2026-01-07 14:56:58+05:30,NIFTY2621026400CE,26400.0,2026-02-10,412.9,
2026-01-07 14:56:59+05:30,NIFTY2621026400CE,26400.0,2026-02-10,412.9,
2026-01-07 14:57:00+05:30,NIFTY2621026400CE,26400.0,2026-02-10,412.9,
2026-01-07 14:57:01+05:30,NIFTY2621026400CE,26400.0,2026-02-10,412.9,
2026-01-07 14:57:02+05:30,NIFTY2621026400CE,26400.0,2026-02-10,412.9,
2026-01-07 14:57:03+05:30,NIFTY2621026400CE,26400.0,2026-02-10,412.9,
2026-01-07 14:57:04+05:30,NIFTY2621026400CE,26400.0,2026-02-10,412.9,
2026-01-07 14:57:05+05:30,NIFTY2621026400CE,26400.0,2026-02-10,412.9,
2026-01-07 14:57:06+05:30,NIFTY2621026400CE,26400.0,2026-02-10,412.9,
2026-01-07 14:57:07+05:30,NIFTY2621026400CE,26400.0,2026-02-10,412.9,
2026-01-07 14:57:08+05:30,NIFTY2621026400CE,26400.0,2026-02-10,412.9,
2026-01-07 14:57:09+05:30,NIFTY2621026400CE,26400.0,2026-02-10,412.9,
2026-01-07 14:57:10+05:30,NIFTY2621026400CE,26400.0,2026-02-10,412.9,
2026-01-07 14:57:11+05:30,NIFTY2621026400CE,26400.0,2026-02-10,412.9,
2026-01-07 14:57:12+05:30,NIFTY2621026400CE,26400.0,2026-02-10,412.9,
2026-01-07 14:57:13+05:30,NIFTY2621026400CE,26400.0,2026-02-10,412.9,
2026-01-07 14:57:14+05:30,NIFTY2621026400CE,26400.0,2026-02-10,412.9,
2026-01-07 14:57:15+05:30,NIFTY2621026400CE,26400.0,2026-02-10,412.9,
2026-01-07 14:57:16+05:30,NIFTY2621026400CE,26400.0,2026-02-10,412.9,
2026-01-07 14:57:17+05:30,NIFTY2621026400CE,26400.0,2026-02-10,412.9,
2026-01-07 14:57:18+05:30,NIFTY2621026400CE,26400.0,2026-02-10,412.9,
2026-01-07 14:57:19+05:30,NIFTY2621026400CE,26400.0,2026-02-10,412.9,
2026-01-07 14:57:20+05:30,NIFTY2621026400CE,26400.0,2026-02-10,412.9,
2026-01-07 14:57:21+05:30,NIFTY2621026400CE,26400.0,2026-02-10,412.9,
2026-01-07 14:57:22+05:30,NIFTY2621026400CE,26400.0,2026-02-10,412.9,
2026-01-07 14:57:23+05:30,NIFTY2621026400CE,26400.0,2026-02-10,412.9,
2026-01-07 14:57:24+05:30,NIFTY2621026400CE,26400.0,2026-02-10,412.9,
2026-01-07 14:57:25+05:30,NIFTY2621026400CE,26400.0,2026-02-10,412.9,
2026-01-07 14:57:26+05:30,NIFTY2621026400CE,26400.0,2026-02-10,412.9,
2026-01-07 14:57:27+05:30,NIFTY2621026400CE,26400.0,2026-02-10,412.9,
2026-01-07 14:57:28+05:30,NIFTY2621026400CE,26400.0,2026-02-10,412.9,
2026-01-07 14:57:29+05:30,NIFTY2621026400CE,26400.0,2026-02-10,412.9,
2026-01-07 14:57:30+05:30,NIFTY2621026400CE,26400.0,2026-02-10,412.9,
2026-01-07 14:57:31+05:30,NIFTY2621026400CE,26400.0,2026-02-10,412.9,
2026-01-07 14:57:32+05:30,NIFTY2621026400CE,26400.0,2026-02-10,412.9,
2026-01-07 14:57:33+05:30,NIFTY2621026400CE,26400.0,2026-02-10,412.9,
2026-01-07 14:57:34+05:30,NIFTY2621026400CE,26400.0,2026-02-10,412.9,
2026-01-07 14:57:35+05:30,NIFTY2621026400CE,26400.0,2026-02-10,412.9,
2026-01-07 14:57:36+05:30,NIFTY2621026400CE,26400.0,2026-02-10,412.9,
2026-01-07 14:57:37+05:30,NIFTY2621026400CE,26400.0,2026-02-10,412.9,
2026-01-07 14:57:38+05:30,NIFTY2621026400CE,26400.0,2026-02-10,412.9,
2026-01-07 14:57:39+05:30,NIFTY2621026400CE,26400.0,2026-02-10,412.9,
2026-01-07 14:57:40+05:30,NIFTY2621026400CE,26400.0,2026-02-10,412.9,
2026-01-07 14:57:41+05:30,NIFTY2621026400CE,26400.0,2026-02-10,412.9,
2026-01-07 14:57:42+05:30,NIFTY2621026400CE,26400.0,2026-02-10,412.9,
2026-01-07 14:57:43+05:30,NIFTY2621026400CE,26400.0,2026-02-10,412.9,
2026-01-07 14:57:44+05:30,NIFTY2621026400CE,26400.0,2026-02-10,412.9,
2026-01-07 14:57:45+05:30,NIFTY2621026400CE,26400.0,2026-02-10,412.9,
2026-01-07 14:57:46+05:30,NIFTY2621026400CE,26400.0,2026-02-10,412.9,
2026-01-07 14:57:47+05:30,NIFTY2621026400CE,26400.0,2026-02-10,412.9,
2026-01-07 14:57:48+05:30,NIFTY2621026400CE,26400.0,2026-02-10,412.9,
2026-01-07 14:57:49+05:30,NIFTY2621026400CE,26400.0,2026-02-10,412.9,
2026-01-07 14:57:50+05:30,NIFTY2621026400CE,26400.0,2026-02-10,412.9,
2026-01-07 14:57:51+05:30,NIFTY2621026400CE,26400.0,2026-02-10,412.9,
2026-01-07 14:57:52+05:30,NIFTY2621026400CE,26400.0,2026-02-10,412.9,
2026-01-07 14:57:53+05:30,NIFTY2621026400CE,26400.0,2026-02-10,412.9,
2026-01-07 14:57:54+05:30,NIFTY2621026400CE,26400.0,2026-02-10,412.9,
2026-01-07 14:57:55+05:30,NIFTY2621026400CE,26400.0,2026-02-10,412.9,
2026-01-07 14:57:56+05:30,NIFTY2621026400CE,26400.0,2026-02-10,412.9,
2026-01-07 14:57:57+05:30,NIFTY2621026400CE,26400.0,2026-02-10,412.9,
2026-01-07 14:57:58+05:30,NIFTY2621026400CE,26400.0,2026-02-10,412.9,
2026-01-07 14:57:59+05:30,NIFTY2621026400CE,26400.0,2026-02-10,412.9,
2026-01-07 14:58:00+05:30,NIFTY2621026400CE,26400.0,2026-02-10,412.9,
2026-01-07 14:58:01+05:30,NIFTY2621026400CE,26400.0,2026-02-10,412.9,
2026-01-07 14:58:02+05:30,NIFTY2621026400CE,26400.0,2026-02-10,412.9,
2026-01-07 14:58:03+05:30,NIFTY2621026400CE,26400.0,2026-02-10,412.9,
2026-01-07 14:58:04+05:30,NIFTY2621026400CE,26400.0,2026-02-10,412.9,
2026-01-07 14:58:05+05:30,NIFTY2621026400CE,26400.0,2026-02-10,412.9,
2026-01-07 14:58:06+05:30,NIFTY2621026400CE,26400.0,2026-02-10,412.9,
2026-01-07 14:58:07+05:30,NIFTY2621026400CE,26400.0,2026-02-10,412.9,
2026-01-07 14:58:08+05:30,NIFTY2621026400CE,26400.0,2026-02-10,412.9,
2026-01-07 14:58:09+05:30,NIFTY2621026400CE,26400.0,2026-02-10,412.9,
2026-01-07 14:58:10+05:30,NIFTY2621026400CE,26400.0,2026-02-10,412.9,
2026-01-07 14:58:11+05:30,NIFTY2621026400CE,26400.0,2026-02-10,412.9,
2026-01-07 14:58:12+05:30,NIFTY2621026400CE,26400.0,2026-02-10,412.9,
2026-01-07 14:58:13+05:30,NIFTY2621026400CE,26400.0,2026-02-10,412.9,
2026-01-07 14:58:14+05:30,NIFTY2621026400CE,26400.0,2026-02-10,412.9,
2026-01-07 14:58:15+05:30,NIFTY2621026400CE,26400.0,2026-02-10,412.9,
2026-01-07 14:58:16+05:30,NIFTY2621026400CE,26400.0,2026-02-10,412.9,
2026-01-07 14:58:17+05:30,NIFTY2621026400CE,26400.0,2026-02-10,412.9,
2026-01-07 14:58:18+05:30,NIFTY2621026400CE,26400.0,2026-02-10,412.9,
2026-01-07 14:58:19+05:30,NIFTY2621026400CE,26400.0,2026-02-10,412.9,
2026-01-07 14:58:20+05:30,NIFTY2621026400CE,26400.0,2026-02-10,412.9,
2026-01-07 14:58:21+05:30,NIFTY2621026400CE,26400.0,2026-02-10,412.9,
2026-01-07 14:58:22+05:30,NIFTY2621026400CE,26400.0,2026-02-10,412.9,
2026-01-07 14:58:23+05:30,NIFTY2621026400CE,26400.0,2026-02-10,412.9,
2026-01-07 14:58:24+05:30,NIFTY2621026400CE,26400.0,2026-02-10,412.9,
2026-01-07 14:58:25+05:30,NIFTY2621026400CE,26400.0,2026-02-10,412.9,
2026-01-07 14:58:26+05:30,NIFTY2621026400CE,26400.0,2026-02-10,412.9,
2026-01-07 14:58:27+05:30,NIFTY2621026400CE,26400.0,2026-02-10,412.9,
2026-01-07 14:58:28+05:30,NIFTY2621026400CE,26400.0,2026-02-10,412.9,
2026-01-07 14:58:29+05:30,NIFTY2621026400CE,26400.0,2026-02-10,412.9,
2026-01-07 14:58:30+05:30,NIFTY2621026400CE,26400.0,2026-02-10,412.9,
2026-01-07 14:58:31+05:30,NIFTY2621026400CE,26400.0,2026-02-10,412.9,
2026-01-07 14:58:32+05:30,NIFTY2621026400CE,26400.0,2026-02-10,412.9,
2026-01-07 14:58:33+05:30,NIFTY2621026400CE,26400.0,2026-02-10,412.9,
2026-01-07 14:58:34+05:30,NIFTY2621026400CE,26400.0,2026-02-10,412.9,
2026-01-07 14:58:35+05:30,NIFTY2621026400CE,26400.0,2026-02-10,412.9,
2026-01-07 14:58:36+05:30,NIFTY2621026400CE,26400.0,2026-02-10,412.9,
2026-01-07 14:58:37+05:30,NIFTY2621026400CE,26400.0,2026-02-10,412.9,
2026-01-07 14:58:38+05:30,NIFTY2621026400CE,26400.0,2026-02-10,412.9,
2026-01-07 14:58:39+05:30,NIFTY2621026400CE,26400.0,2026-02-10,412.9,
2026-01-07 14:58:40+05:30,NIFTY2621026400CE,26400.0,2026-02-10,412.9,
2026-01-07 14:58:41+05:30,NIFTY2621026400CE,26400.0,2026-02-10,412.9,
2026-01-07 14:58:42+05:30,NIFTY2621026400CE,26400.0,2026-02-10,412.9,
2026-01-07 14:58:43+05:30,NIFTY2621026400CE,26400.0,2026-02-10,412.9,
2026-01-07 14:58:44+05:30,NIFTY2621026400CE,26400.0,2026-02-10,412.9,
2026-01-07 14:58:45+05:30,NIFTY2621026400CE,26400.0,2026-02-10,412.9,
2026-01-07 14:58:46+05:30,NIFTY2621026400CE,26400.0,2026-02-10,412.9,
2026-01-07 14:58:47+05:30,NIFTY2621026400CE,26400.0,2026-02-10,412.9,
2026-01-07 14:58:48+05:30,NIFTY2621026400CE,26400.0,2026-02-10,412.9,
2026-01-07 14:58:49+05:30,NIFTY2621026400CE,26400.0,2026-02-10,412.9,
2026-01-07 14:58:50+05:30,NIFTY2621026400CE,26400.0,2026-02-10,412.9,
2026-01-07 14:58:51+05:30,NIFTY2621026400CE,26400.0,2026-02-10,412.9,
2026-01-07 14:58:52+05:30,NIFTY2621026400CE,26400.0,2026-02-10,412.9,
2026-01-07 14:58:53+05:30,NIFTY2621026400CE,26400.0,2026-02-10,412.9,
2026-01-07 14:58:54+05:30,NIFTY2621026400CE,26400.0,2026-02-10,412.9,
2026-01-07 14:58:55+05:30,NIFTY2621026400CE,26400.0,2026-02-10,412.9,
2026-01-07 14:58:56+05:30,NIFTY2621026400CE,26400.0,2026-02-10,412.9,
2026-01-07 14:58:57+05:30,NIFTY2621026400CE,26400.0,2026-02-10,412.9,
2026-01-07 14:58:58+05:30,NIFTY2621026400CE,26400.0,2026-02-10,412.9,
2026-01-07 14:58:59+05:30,NIFTY2621026400CE,26400.0,2026-02-10,412.9,
2026-01-07 14:59:00+05:30,NIFTY2621026400CE,26400.0,2026-02-10,412.9,
2026-01-07 14:59:01+05:30,NIFTY2621026400CE,26400.0,2026-02-10,412.9,
2026-01-07 14:59:02+05:30,NIFTY2621026400CE,26400.0,2026-02-10,412.9,
2026-01-07 14:59:03+05:30,NIFTY2621026400CE,26400.0,2026-02-10,412.9,
2026-01-07 14:59:04+05:30,NIFTY2621026400CE,26400.0,2026-02-10,412.9,
2026-01-07 14:59:05+05:30,NIFTY2621026400CE,26400.0,2026-02-10,412.9,
2026-01-07 14:59:06+05:30,NIFTY2621026400CE,26400.0,2026-02-10,412.9,
2026-01-07 14:59:07+05:30,NIFTY2621026400CE,26400.0,2026-02-10,412.9,
2026-01-07 14:59:08+05:30,NIFTY2621026400CE,26400.0,2026-02-10,412.9,
2026-01-07 14:59:09+05:30,NIFTY2621026400CE,26400.0,2026-02-10,412.9,
2026-01-07 14:59:10+05:30,NIFTY2621026400CE,26400.0,2026-02-10,412.9,
2026-01-07 14:59:11+05:30,NIFTY2621026400CE,26400.0,2026-02-10,412.9,
2026-01-07 14:59:12+05:30,NIFTY2621026400CE,26400.0,2026-02-10,412.9,
2026-01-07 14:59:13+05:30,NIFTY2621026400CE,26400.0,2026-02-10,412.9,
2026-01-07 14:59:14+05:30,NIFTY2621026400CE,26400.0,2026-02-10,412.9,
2026-01-07 14:59:15+05:30,NIFTY2621026400CE,26400.0,2026-02-10,412.9,
2026-01-07 14:59:16+05:30,NIFTY2621026400CE,26400.0,2026-02-10,412.9,
2026-01-07 14:59:17+05:30,NIFTY2621026400CE,26400.0,2026-02-10,412.9,
2026-01-07 14:59:18+05:30,NIFTY2621026400CE,26400.0,2026-02-10,412.9,
2026-01-07 14:59:19+05:30,NIFTY2621026400CE,26400.0,2026-02-10,412.9,
2026-01-07 14:59:20+05:30,NIFTY2621026400CE,26400.0,2026-02-10,412.9,
2026-01-07 14:59:21+05:30,NIFTY2621026400CE,26400.0,2026-02-10,412.9,
2026-01-07 14:59:22+05:30,NIFTY2621026400CE,26400.0,2026-02-10,412.9,
2026-01-07 14:59:23+05:30,NIFTY2621026400CE,26400.0,2026-02-10,412.9,
2026-01-07 14:59:24+05:30,NIFTY2621026400CE,26400.0,2026-02-10,412.9,
2026-01-07 14:59:25+05:30,NIFTY2621026400CE,26400.0,2026-02-10,412.9,
2026-01-07 14:59:26+05:30,NIFTY2621026400CE,26400.0,2026-02-10,412.9,
2026-01-07 14:59:27+05:30,NIFTY2621026400CE,26400.0,2026-02-10,412.9,
2026-01-07 14:59:28+05:30,NIFTY2621026400CE,26400.0,2026-02-10,412.9,
2026-01-07 14:59:29+05:30,NIFTY2621026400CE,26400.0,2026-02-10,412.9,
2026-01-07 14:59:30+05:30,NIFTY2621026400CE,26400.0,2026-02-10,412.9,
2026-01-07 14:59:31+05:30,NIFTY2621026400CE,26400.0,2026-02-10,412.9,
2026-01-07 14:59:32+05:30,NIFTY2621026400CE,26400.0,2026-02-10,412.9,
2026-01-07 14:59:33+05:30,NIFTY2621026400CE,26400.0,2026-02-10,412.9,
2026-01-07 14:59:34+05:30,NIFTY2621026400CE,26400.0,2026-02-10,412.9,
2026-01-07 14:59:35+05:30,NIFTY2621026400CE,26400.0,2026-02-10,412.9,
2026-01-07 14:59:36+05:30,NIFTY2621026400CE,26400.0,2026-02-10,412.9,
2026-01-07 14:59:37+05:30,NIFTY2621026400CE,26400.0,2026-02-10,412.9,
2026-01-07 14:59:38+05:30,NIFTY2621026400CE,26400.0,2026-02-10,412.9,
2026-01-07 14:59:39+05:30,NIFTY2621026400CE,26400.0,2026-02-10,412.9,
2026-01-07 14:59:40+05:30,NIFTY2621026400CE,26400.0,2026-02-10,412.9,
2026-01-07 14:59:41+05:30,NIFTY2621026400CE,26400.0,2026-02-10,412.9,
2026-01-07 14:59:42+05:30,NIFTY2621026400CE,26400.0,2026-02-10,412.9,
2026-01-07 14:59:43+05:30,NIFTY2621026400CE,26400.0,2026-02-10,412.9,
2026-01-07 14:59:44+05:30,NIFTY2621026400CE,26400.0,2026-02-10,412.9,
2026-01-07 14:59:45+05:30,NIFTY2621026400CE,26400.0,2026-02-10,412.9,
2026-01-07 14:59:46+05:30,NIFTY2621026400CE,26400.0,2026-02-10,412.9,
2026-01-07 14:59:47+05:30,NIFTY2621026400CE,26400.0,2026-02-10,412.9,
2026-01-07 14:59:48+05:30,NIFTY2621026400CE,26400.0,2026-02-10,412.9,
2026-01-07 14:59:49+05:30,NIFTY2621026400CE,26400.0,2026-02-10,412.9,
2026-01-07 14:59:50+05:30,NIFTY2621026400CE,26400.0,2026-02-10,412.9,
2026-01-07 14:59:51+05:30,NIFTY2621026400CE,26400.0,2026-02-10,412.9,
2026-01-07 14:59:52+05:30,NIFTY2621026400CE,26400.0,2026-02-10,412.9,
2026-01-07 14:59:53+05:30,NIFTY2621026400CE,26400.0,2026-02-10,412.9,
2026-01-07 14:59:54+05:30,NIFTY2621026400CE,26400.0,2026-02-10,412.9,
2026-01-07 14:59:55+05:30,NIFTY2621026400CE,26400.0,2026-02-10,412.9,
2026-01-07 14:59:56+05:30,NIFTY2621026400CE,26400.0,2026-02-10,412.9,
2026-01-07 14:59:57+05:30,NIFTY2621026400CE,26400.0,2026-02-10,412.9,
2026-01-07 14:59:58+05:30,NIFTY2621026400CE,26400.0,2026-02-10,412.9,
2026-01-07 14:59:59+05:30,NIFTY2621026400CE,26400.0,2026-02-10,412.9,
2026-01-07 15:00:00+05:30,NIFTY2621026400CE,26400.0,2026-02-10,412.9,
2026-01-07 15:00:01+05:30,NIFTY2621026400CE,26400.0,2026-02-10,412.9,
2026-01-07 15:00:02+05:30,NIFTY2621026400CE,26400.0,2026-02-10,412.9,
2026-01-07 15:00:03+05:30,NIFTY2621026400CE,26400.0,2026-02-10,412.9,
2026-01-07 15:00:04+05:30,NIFTY2621026400CE,26400.0,2026-02-10,412.9,
2026-01-07 15:00:05+05:30,NIFTY2621026400CE,26400.0,2026-02-10,412.9,
2026-01-07 15:00:06+05:30,NIFTY2621026400CE,26400.0,2026-02-10,412.9,
2026-01-07 15:00:07+05:30,NIFTY2621026400CE,26400.0,2026-02-10,412.9,
2026-01-07 15:00:08+05:30,NIFTY2621026400CE,26400.0,2026-02-10,412.9,
2026-01-07 15:00:09+05:30,NIFTY2621026400CE,26400.0,2026-02-10,412.9,
2026-01-07 15:00:10+05:30,NIFTY2621026400CE,26400.0,2026-02-10,412.9,
2026-01-07 15:00:11+05:30,NIFTY2621026400CE,26400.0,2026-02-10,412.9,
2026-01-07 15:00:12+05:30,NIFTY2621026400CE,26400.0,2026-02-10,412.9,
2026-01-07 15:00:13+05:30,NIFTY2621026400CE,26400.0,2026-02-10,412.9,
2026-01-07 15:00:14+05:30,NIFTY2621026400CE,26400.0,2026-02-10,412.9,
2026-01-07 15:00:15+05:30,NIFTY2621026400CE,26400.0,2026-02-10,412.9,
2026-01-07 15:00:16+05:30,NIFTY2621026400CE,26400.0,2026-02-10,412.9,
2026-01-07 15:00:17+05:30,NIFTY2621026400CE,26400.0,2026-02-10,412.9,
2026-01-07 15:00:18+05:30,NIFTY2621026400CE,26400.0,2026-02-10,412.9,
2026-01-07 15:00:19+05:30,NIFTY2621026400CE,26400.0,2026-02-10,412.9,
2026-01-07 15:00:20+05:30,NIFTY2621026400CE,26400.0,2026-02-10,412.9,
2026-01-07 15:00:21+05:30,NIFTY2621026400CE,26400.0,2026-02-10,412.9,
2026-01-07 15:00:22+05:30,NIFTY2621026400CE,26400.0,2026-02-10,412.9,
2026-01-07 15:00:23+05:30,NIFTY2621026400CE,26400.0,2026-02-10,412.9,
2026-01-07 15:00:24+05:30,NIFTY2621026400CE,26400.0,2026-02-10,412.9,
2026-01-07 15:00:25+05:30,NIFTY2621026400CE,26400.0,2026-02-10,412.9,
2026-01-07 15:00:26+05:30,NIFTY2621026400CE,26400.0,2026-02-10,412.9,
2026-01-07 15:00:27+05:30,NIFTY2621026400CE,26400.0,2026-02-10,412.9,
2026-01-07 15:00:28+05:30,NIFTY2621026400CE,26400.0,2026-02-10,412.9,
2026-01-07 15:00:29+05:30,NIFTY2621026400CE,26400.0,2026-02-10,412.9,
2026-01-07 15:00:30+05:30,NIFTY2621026400CE,26400.0,2026-02-10,412.9,
2026-01-07 15:00:31+05:30,NIFTY2621026400CE,26400.0,2026-02-10,412.9,
2026-01-07 15:00:32+05:30,NIFTY2621026400CE,26400.0,2026-02-10,412.9,
2026-01-07 15:00:33+05:30,NIFTY2621026400CE,26400.0,2026-02-10,412.9,
2026-01-07 15:00:34+05:30,NIFTY2621026400CE,26400.0,2026-02-10,412.9,
2026-01-07 15:00:35+05:30,NIFTY2621026400CE,26400.0,2026-02-10,412.9,
2026-01-07 15:00:36+05:30,NIFTY2621026400CE,26400.0,2026-02-10,412.9,
2026-01-07 15:00:37+05:30,NIFTY2621026400CE,26400.0,2026-02-10,412.9,
2026-01-07 15:00:38+05:30,NIFTY2621026400CE,26400.0,2026-02-10,412.9,
2026-01-07 15:00:39+05:30,NIFTY2621026400CE,26400.0,2026-02-10,412.9,
2026-01-07 15:00:40+05:30,NIFTY2621026400CE,26400.0,2026-02-10,412.9,
2026-01-07 15:00:41+05:30,NIFTY2621026400CE,26400.0,2026-02-10,412.9,
2026-01-07 15:00:42+05:30,NIFTY2621026400CE,26400.0,2026-02-10,412.9,
2026-01-07 15:00:43+05:30,NIFTY2621026400CE,26400.0,2026-02-10,412.9,
2026-01-07 15:00:44+05:30,NIFTY2621026400CE,26400.0,2026-02-10,412.9,
2026-01-07 15:00:45+05:30,NIFTY2621026400CE,26400.0,2026-02-10,412.9,
2026-01-07 15:00:46+05:30,NIFTY2621026400CE,26400.0,2026-02-10,412.9,
2026-01-07 15:00:47+05:30,NIFTY2621026400CE,26400.0,2026-02-10,412.9,
2026-01-07 15:00:48+05:30,NIFTY2621026400CE,26400.0,2026-02-10,412.9,
2026-01-07 15:00:49+05:30,NIFTY2621026400CE,26400.0,2026-02-10,412.9,
2026-01-07 15:00:50+05:30,NIFTY2621026400CE,26400.0,2026-02-10,412.9,
2026-01-07 15:00:51+05:30,NIFTY2621026400CE,26400.0,2026-02-10,412.9,
2026-01-07 15:00:52+05:30,NIFTY2621026400CE,26400.0,2026-02-10,412.9,
2026-01-07 15:00:53+05:30,NIFTY2621026400CE,26400.0,2026-02-10,412.9,
2026-01-07 15:00:54+05:30,NIFTY2621026400CE,26400.0,2026-02-10,412.9,
2026-01-07 15:00:55+05:30,NIFTY2621026400CE,26400.0,2026-02-10,412.9,
2026-01-07 15:00:56+05:30,NIFTY2621026400CE,26400.0,2026-02-10,412.9,
2026-01-07 15:00:57+05:30,NIFTY2621026400CE,26400.0,2026-02-10,412.9,
2026-01-07 15:00:58+05:30,NIFTY2621026400CE,26400.0,2026-02-10,412.9,
2026-01-07 15:00:59+05:30,NIFTY2621026400CE,26400.0,2026-02-10,412.9,
2026-01-07 15:01:00+05:30,NIFTY2621026400CE,26400.0,2026-02-10,412.9,
2026-01-07 15:01:01+05:30,NIFTY2621026400CE,26400.0,2026-02-10,412.9,
2026-01-07 15:01:02+05:30,NIFTY2621026400CE,26400.0,2026-02-10,412.9,
2026-01-07 15:01:03+05:30,NIFTY2621026400CE,26400.0,2026-02-10,412.9,
2026-01-07 15:01:04+05:30,NIFTY2621026400CE,26400.0,2026-02-10,412.9,
2026-01-07 15:01:05+05:30,NIFTY2621026400CE,26400.0,2026-02-10,412.9,
2026-01-07 15:01:06+05:30,NIFTY2621026400CE,26400.0,2026-02-10,412.9,
2026-01-07 15:01:07+05:30,NIFTY2621026400CE,26400.0,2026-02-10,412.9,
2026-01-07 15:01:08+05:30,NIFTY2621026400CE,26400.0,2026-02-10,412.9,
2026-01-07 15:01:09+05:30,NIFTY2621026400CE,26400.0,2026-02-10,412.9,
2026-01-07 15:01:10+05:30,NIFTY2621026400CE,26400.0,2026-02-10,412.9,
2026-01-07 15:01:11+05:30,NIFTY2621026400CE,26400.0,2026-02-10,412.9,
2026-01-07 15:01:12+05:30,NIFTY2621026400CE,26400.0,2026-02-10,412.9,
2026-01-07 15:01:13+05:30,NIFTY2621026400CE,26400.0,2026-02-10,412.9,
2026-01-07 15:01:14+05:30,NIFTY2621026400CE,26400.0,2026-02-10,412.9,
2026-01-07 15:01:15+05:30,NIFTY2621026400CE,26400.0,2026-02-10,412.9,
2026-01-07 15:01:16+05:30,NIFTY2621026400CE,26400.0,2026-02-10,412.9,
2026-01-07 15:01:17+05:30,NIFTY2621026400CE,26400.0,2026-02-10,412.9,
2026-01-07 15:01:18+05:30,NIFTY2621026400CE,26400.0,2026-02-10,412.9,
2026-01-07 15:01:19+05:30,NIFTY2621026400CE,26400.0,2026-02-10,412.9,
2026-01-07 15:01:20+05:30,NIFTY2621026400CE,26400.0,2026-02-10,412.9,
2026-01-07 15:01:21+05:30,NIFTY2621026400CE,26400.0,2026-02-10,412.9,
2026-01-07 15:01:22+05:30,NIFTY2621026400CE,26400.0,2026-02-10,412.9,
2026-01-07 15:01:23+05:30,NIFTY2621026400CE,26400.0,2026-02-10,412.9,
2026-01-07 15:01:24+05:30,NIFTY2621026400CE,26400.0,2026-02-10,412.9,
2026-01-07 15:01:25+05:30,NIFTY2621026400CE,26400.0,2026-02-10,412.9,
2026-01-07 15:01:26+05:30,NIFTY2621026400CE,26400.0,2026-02-10,412.9,
2026-01-07 15:01:27+05:30,NIFTY2621026400CE,26400.0,2026-02-10,412.9,
2026-01-07 15:01:28+05:30,NIFTY2621026400CE,26400.0,2026-02-10,412.9,
2026-01-07 15:01:29+05:30,NIFTY2621026400CE,26400.0,2026-02-10,412.9,
2026-01-07 15:01:30+05:30,NIFTY2621026400CE,26400.0,2026-02-10,412.9,
2026-01-07 15:01:31+05:30,NIFTY2621026400CE,26400.0,2026-02-10,412.9,
2026-01-07 15:01:32+05:30,NIFTY2621026400CE,26400.0,2026-02-10,412.9,
2026-01-07 15:01:33+05:30,NIFTY2621026400CE,26400.0,2026-02-10,412.9,
2026-01-07 15:01:34+05:30,NIFTY2621026400CE,26400.0,2026-02-10,412.9,
2026-01-07 15:01:35+05:30,NIFTY2621026400CE,26400.0,2026-02-10,412.9,
2026-01-07 15:01:36+05:30,NIFTY2621026400CE,26400.0,2026-02-10,412.9,
2026-01-07 15:01:37+05:30,NIFTY2621026400CE,26400.0,2026-02-10,412.9,
2026-01-07 15:01:38+05:30,NIFTY2621026400CE,26400.0,2026-02-10,412.9,
2026-01-07 15:01:39+05:30,NIFTY2621026400CE,26400.0,2026-02-10,412.9,
2026-01-07 15:01:40+05:30,NIFTY2621026400CE,26400.0,2026-02-10,412.9,
2026-01-07 15:01:41+05:30,NIFTY2621026400CE,26400.0,2026-02-10,412.9,
2026-01-07 15:01:42+05:30,NIFTY2621026400CE,26400.0,2026-02-10,412.9,
2026-01-07 15:01:43+05:30,NIFTY2621026400CE,26400.0,2026-02-10,412.9,
2026-01-07 15:01:44+05:30,NIFTY2621026400CE,26400.0,2026-02-10,412.9,
2026-01-07 15:01:45+05:30,NIFTY2621026400CE,26400.0,2026-02-10,412.9,
2026-01-07 15:01:46+05:30,NIFTY2621026400CE,26400.0,2026-02-10,412.9,
2026-01-07 15:01:47+05:30,NIFTY2621026400CE,26400.0,2026-02-10,412.9,
2026-01-07 15:01:48+05:30,NIFTY2621026400CE,26400.0,2026-02-10,412.9,
2026-01-07 15:01:49+05:30,NIFTY2621026400CE,26400.0,2026-02-10,412.9,
2026-01-07 15:01:50+05:30,NIFTY2621026400CE,26400.0,2026-02-10,412.9,
2026-01-07 15:01:51+05:30,NIFTY2621026400CE,26400.0,2026-02-10,412.9,
2026-01-07 15:01:52+05:30,NIFTY2621026400CE,26400.0,2026-02-10,412.9,
2026-01-07 15:01:53+05:30,NIFTY2621026400CE,26400.0,2026-02-10,412.9,
2026-01-07 15:01:54+05:30,NIFTY2621026400CE,26400.0,2026-02-10,412.9,
2026-01-07 15:01:55+05:30,NIFTY2621026400CE,26400.0,2026-02-10,412.9,
2026-01-07 15:01:56+05:30,NIFTY2621026400CE,26400.0,2026-02-10,412.9,
2026-01-07 15:01:57+05:30,NIFTY2621026400CE,26400.0,2026-02-10,412.9,
2026-01-07 15:01:58+05:30,NIFTY2621026400CE,26400.0,2026-02-10,412.9,
2026-01-07 15:01:59+05:30,NIFTY2621026400CE,26400.0,2026-02-10,412.9,
2026-01-07 15:02:00+05:30,NIFTY2621026400CE,26400.0,2026-02-10,412.9,
2026-01-07 15:02:01+05:30,NIFTY2621026400CE,26400.0,2026-02-10,412.9,
2026-01-07 15:02:02+05:30,NIFTY2621026400CE,26400.0,2026-02-10,412.9,
2026-01-07 15:02:03+05:30,NIFTY2621026400CE,26400.0,2026-02-10,412.9,
2026-01-07 15:02:04+05:30,NIFTY2621026400CE,26400.0,2026-02-10,412.9,
2026-01-07 15:02:05+05:30,NIFTY2621026400CE,26400.0,2026-02-10,412.9,
2026-01-07 15:02:06+05:30,NIFTY2621026400CE,26400.0,2026-02-10,412.9,
2026-01-07 15:02:07+05:30,NIFTY2621026400CE,26400.0,2026-02-10,412.9,
2026-01-07 15:02:08+05:30,NIFTY2621026400CE,26400.0,2026-02-10,412.9,
2026-01-07 15:02:09+05:30,NIFTY2621026400CE,26400.0,2026-02-10,412.9,
2026-01-07 15:02:10+05:30,NIFTY2621026400CE,26400.0,2026-02-10,412.9,
2026-01-07 15:02:11+05:30,NIFTY2621026400CE,26400.0,2026-02-10,412.9,
2026-01-07 15:02:12+05:30,NIFTY2621026400CE,26400.0,2026-02-10,412.9,
2026-01-07 15:02:13+05:30,NIFTY2621026400CE,26400.0,2026-02-10,412.9,
2026-01-07 15:02:14+05:30,NIFTY2621026400CE,26400.0,2026-02-10,412.9,
2026-01-07 15:02:15+05:30,NIFTY2621026400CE,26400.0,2026-02-10,412.9,
2026-01-07 15:02:16+05:30,NIFTY2621026400CE,26400.0,2026-02-10,412.9,
2026-01-07 15:02:17+05:30,NIFTY2621026400CE,26400.0,2026-02-10,412.9,
2026-01-07 15:02:18+05:30,NIFTY2621026400CE,26400.0,2026-02-10,412.9,
2026-01-07 15:02:19+05:30,NIFTY2621026400CE,26400.0,2026-02-10,412.9,
2026-01-07 15:02:20+05:30,NIFTY2621026400CE,26400.0,2026-02-10,412.9,
2026-01-07 15:02:21+05:30,NIFTY2621026400CE,26400.0,2026-02-10,412.9,
2026-01-07 15:02:22+05:30,NIFTY2621026400CE,26400.0,2026-02-10,412.9,
2026-01-07 15:02:23+05:30,NIFTY2621026400CE,26400.0,2026-02-10,412.9,
2026-01-07 15:02:24+05:30,NIFTY2621026400CE,26400.0,2026-02-10,412.9,
2026-01-07 15:02:25+05:30,NIFTY2621026400CE,26400.0,2026-02-10,412.9,
2026-01-07 15:02:26+05:30,NIFTY2621026400CE,26400.0,2026-02-10,412.9,
2026-01-07 15:02:27+05:30,NIFTY2621026400CE,26400.0,2026-02-10,412.9,
2026-01-07 15:02:28+05:30,NIFTY2621026400CE,26400.0,2026-02-10,412.9,
2026-01-07 15:02:29+05:30,NIFTY2621026400CE,26400.0,2026-02-10,412.9,
2026-01-07 15:02:30+05:30,NIFTY2621026400CE,26400.0,2026-02-10,412.9,
2026-01-07 15:02:31+05:30,NIFTY2621026400CE,26400.0,2026-02-10,412.9,
2026-01-07 15:02:32+05:30,NIFTY2621026400CE,26400.0,2026-02-10,412.9,
2026-01-07 15:02:33+05:30,NIFTY2621026400CE,26400.0,2026-02-10,412.9,
2026-01-07 15:02:34+05:30,NIFTY2621026400CE,26400.0,2026-02-10,412.9,
2026-01-07 15:02:35+05:30,NIFTY2621026400CE,26400.0,2026-02-10,412.9,
2026-01-07 15:02:36+05:30,NIFTY2621026400CE,26400.0,2026-02-10,412.9,
2026-01-07 15:02:37+05:30,NIFTY2621026400CE,26400.0,2026-02-10,412.9,
2026-01-07 15:02:38+05:30,NIFTY2621026400CE,26400.0,2026-02-10,412.9,
2026-01-07 15:02:39+05:30,NIFTY2621026400CE,26400.0,2026-02-10,412.9,
2026-01-07 15:02:40+05:30,NIFTY2621026400CE,26400.0,2026-02-10,412.9,
2026-01-07 15:02:41+05:30,NIFTY2621026400CE,26400.0,2026-02-10,412.9,
2026-01-07 15:02:42+05:30,NIFTY2621026400CE,26400.0,2026-02-10,412.9,
2026-01-07 15:02:43+05:30,NIFTY2621026400CE,26400.0,2026-02-10,412.9,
2026-01-07 15:02:44+05:30,NIFTY2621026400CE,26400.0,2026-02-10,412.9,
2026-01-07 15:02:45+05:30,NIFTY2621026400CE,26400.0,2026-02-10,412.9,
2026-01-07 15:02:46+05:30,NIFTY2621026400CE,26400.0,2026-02-10,412.9,
2026-01-07 15:02:47+05:30,NIFTY2621026400CE,26400.0,2026-02-10,412.9,
2026-01-07 15:02:48+05:30,NIFTY2621026400CE,26400.0,2026-02-10,412.9,
2026-01-07 15:02:49+05:30,NIFTY2621026400CE,26400.0,2026-02-10,412.9,
2026-01-07 15:02:50+05:30,NIFTY2621026400CE,26400.0,2026-02-10,412.9,
2026-01-07 15:02:51+05:30,NIFTY2621026400CE,26400.0,2026-02-10,412.9,
2026-01-07 15:02:52+05:30,NIFTY2621026400CE,26400.0,2026-02-10,412.9,
2026-01-07 15:02:53+05:30,NIFTY2621026400CE,26400.0,2026-02-10,412.9,
2026-01-07 15:02:54+05:30,NIFTY2621026400CE,26400.0,2026-02-10,412.9,
2026-01-07 15:02:55+05:30,NIFTY2621026400CE,26400.0,2026-02-10,412.9,
2026-01-07 15:02:56+05:30,NIFTY2621026400CE,26400.0,2026-02-10,412.9,
2026-01-07 15:02:57+05:30,NIFTY2621026400CE,26400.0,2026-02-10,412.9,
2026-01-07 15:02:58+05:30,NIFTY2621026400CE,26400.0,2026-02-10,412.9,
2026-01-07 15:02:59+05:30,NIFTY2621026400CE,26400.0,2026-02-10,412.9,
2026-01-07 15:03:00+05:30,NIFTY2621026400CE,26400.0,2026-02-10,412.9,
2026-01-07 15:03:01+05:30,NIFTY2621026400CE,26400.0,2026-02-10,412.9,
2026-01-07 15:03:02+05:30,NIFTY2621026400CE,26400.0,2026-02-10,412.9,
2026-01-07 15:03:03+05:30,NIFTY2621026400CE,26400.0,2026-02-10,412.9,
2026-01-07 15:03:04+05:30,NIFTY2621026400CE,26400.0,2026-02-10,412.9,
2026-01-07 15:03:05+05:30,NIFTY2621026400CE,26400.0,2026-02-10,412.9,
2026-01-07 15:03:06+05:30,NIFTY2621026400CE,26400.0,2026-02-10,412.9,
2026-01-07 15:03:07+05:30,NIFTY2621026400CE,26400.0,2026-02-10,412.9,
2026-01-07 15:03:08+05:30,NIFTY2621026400CE,26400.0,2026-02-10,412.9,
2026-01-07 15:03:09+05:30,NIFTY2621026400CE,26400.0,2026-02-10,412.9,
2026-01-07 15:03:10+05:30,NIFTY2621026400CE,26400.0,2026-02-10,412.9,
2026-01-07 15:03:11+05:30,NIFTY2621026400CE,26400.0,2026-02-10,412.9,
2026-01-07 15:03:12+05:30,NIFTY2621026400CE,26400.0,2026-02-10,412.9,
2026-01-07 15:03:13+05:30,NIFTY2621026400CE,26400.0,2026-02-10,412.9,
2026-01-07 15:03:14+05:30,NIFTY2621026400CE,26400.0,2026-02-10,412.9,
2026-01-07 15:03:15+05:30,NIFTY2621026400CE,26400.0,2026-02-10,412.9,
2026-01-07 15:03:16+05:30,NIFTY2621026400CE,26400.0,2026-02-10,412.9,
2026-01-07 15:03:17+05:30,NIFTY2621026400CE,26400.0,2026-02-10,412.9,
2026-01-07 15:03:18+05:30,NIFTY2621026400CE,26400.0,2026-02-10,412.9,
2026-01-07 15:03:19+05:30,NIFTY2621026400CE,26400.0,2026-02-10,412.9,
2026-01-07 15:03:20+05:30,NIFTY2621026400CE,26400.0,2026-02-10,412.9,
2026-01-07 15:03:21+05:30,NIFTY2621026400CE,26400.0,2026-02-10,412.9,
2026-01-07 15:03:22+05:30,NIFTY2621026400CE,26400.0,2026-02-10,412.9,
2026-01-07 15:03:23+05:30,NIFTY2621026400CE,26400.0,2026-02-10,412.9,
2026-01-07 15:03:24+05:30,NIFTY2621026400CE,26400.0,2026-02-10,412.9,
2026-01-07 15:03:25+05:30,NIFTY2621026400CE,26400.0,2026-02-10,412.9,
2026-01-07 15:03:26+05:30,NIFTY2621026400CE,26400.0,2026-02-10,412.9,
2026-01-07 15:03:27+05:30,NIFTY2621026400CE,26400.0,2026-02-10,412.9,
2026-01-07 15:03:28+05:30,NIFTY2621026400CE,26400.0,2026-02-10,412.9,
2026-01-07 15:03:29+05:30,NIFTY2621026400CE,26400.0,2026-02-10,412.9,
2026-01-07 15:03:30+05:30,NIFTY2621026400CE,26400.0,2026-02-10,412.9,
2026-01-07 15:03:31+05:30,NIFTY2621026400CE,26400.0,2026-02-10,412.9,
2026-01-07 15:03:32+05:30,NIFTY2621026400CE,26400.0,2026-02-10,412.9,
2026-01-07 15:03:33+05:30,NIFTY2621026400CE,26400.0,2026-02-10,412.9,
2026-01-07 15:03:34+05:30,NIFTY2621026400CE,26400.0,2026-02-10,412.9,
2026-01-07 15:03:35+05:30,NIFTY2621026400CE,26400.0,2026-02-10,412.9,
2026-01-07 15:03:36+05:30,NIFTY2621026400CE,26400.0,2026-02-10,412.9,
2026-01-07 15:03:37+05:30,NIFTY2621026400CE,26400.0,2026-02-10,412.9,
2026-01-07 15:03:38+05:30,NIFTY2621026400CE,26400.0,2026-02-10,412.9,
2026-01-07 15:03:39+05:30,NIFTY2621026400CE,26400.0,2026-02-10,412.9,
2026-01-07 15:03:40+05:30,NIFTY2621026400CE,26400.0,2026-02-10,412.9,
2026-01-07 15:03:41+05:30,NIFTY2621026400CE,26400.0,2026-02-10,412.9,
2026-01-07 15:03:42+05:30,NIFTY2621026400CE,26400.0,2026-02-10,412.9,
2026-01-07 15:03:43+05:30,NIFTY2621026400CE,26400.0,2026-02-10,412.9,
2026-01-07 15:03:44+05:30,NIFTY2621026400CE,26400.0,2026-02-10,412.9,
2026-01-07 15:03:45+05:30,NIFTY2621026400CE,26400.0,2026-02-10,412.9,
2026-01-07 15:03:46+05:30,NIFTY2621026400CE,26400.0,2026-02-10,412.9,
2026-01-07 15:03:47+05:30,NIFTY2621026400CE,26400.0,2026-02-10,412.9,
2026-01-07 15:03:48+05:30,NIFTY2621026400CE,26400.0,2026-02-10,412.9,
2026-01-07 15:03:49+05:30,NIFTY2621026400CE,26400.0,2026-02-10,412.9,
2026-01-07 15:03:50+05:30,NIFTY2621026400CE,26400.0,2026-02-10,412.9,
2026-01-07 15:03:51+05:30,NIFTY2621026400CE,26400.0,2026-02-10,412.9,
2026-01-07 15:03:52+05:30,NIFTY2621026400CE,26400.0,2026-02-10,412.9,
2026-01-07 15:03:53+05:30,NIFTY2621026400CE,26400.0,2026-02-10,412.9,
2026-01-07 15:03:54+05:30,NIFTY2621026400CE,26400.0,2026-02-10,412.9,
2026-01-07 15:03:55+05:30,NIFTY2621026400CE,26400.0,2026-02-10,412.9,
2026-01-07 15:03:56+05:30,NIFTY2621026400CE,26400.0,2026-02-10,412.9,
2026-01-07 15:03:57+05:30,NIFTY2621026400CE,26400.0,2026-02-10,412.9,
2026-01-07 15:03:58+05:30,NIFTY2621026400CE,26400.0,2026-02-10,412.9,
2026-01-07 15:03:59+05:30,NIFTY2621026400CE,26400.0,2026-02-10,412.9,
2026-01-07 15:04:00+05:30,NIFTY2621026400CE,26400.0,2026-02-10,412.9,
2026-01-07 15:04:01+05:30,NIFTY2621026400CE,26400.0,2026-02-10,412.9,
2026-01-07 15:04:02+05:30,NIFTY2621026400CE,26400.0,2026-02-10,412.9,
2026-01-07 15:04:03+05:30,NIFTY2621026400CE,26400.0,2026-02-10,412.9,
2026-01-07 15:04:04+05:30,NIFTY2621026400CE,26400.0,2026-02-10,412.9,
2026-01-07 15:04:05+05:30,NIFTY2621026400CE,26400.0,2026-02-10,412.9,
2026-01-07 15:04:06+05:30,NIFTY2621026400CE,26400.0,2026-02-10,412.9,
2026-01-07 15:04:07+05:30,NIFTY2621026400CE,26400.0,2026-02-10,412.9,
2026-01-07 15:04:08+05:30,NIFTY2621026400CE,26400.0,2026-02-10,412.9,
2026-01-07 15:04:09+05:30,NIFTY2621026400CE,26400.0,2026-02-10,412.9,
2026-01-07 15:04:10+05:30,NIFTY2621026400CE,26400.0,2026-02-10,412.9,
2026-01-07 15:04:11+05:30,NIFTY2621026400CE,26400.0,2026-02-10,412.9,
2026-01-07 15:04:12+05:30,NIFTY2621026400CE,26400.0,2026-02-10,412.9,
2026-01-07 15:04:13+05:30,NIFTY2621026400CE,26400.0,2026-02-10,412.9,
2026-01-07 15:04:14+05:30,NIFTY2621026400CE,26400.0,2026-02-10,412.9,
2026-01-07 15:04:15+05:30,NIFTY2621026400CE,26400.0,2026-02-10,412.9,
2026-01-07 15:04:16+05:30,NIFTY2621026400CE,26400.0,2026-02-10,412.9,
2026-01-07 15:04:17+05:30,NIFTY2621026400CE,26400.0,2026-02-10,412.9,
2026-01-07 15:04:18+05:30,NIFTY2621026400CE,26400.0,2026-02-10,412.9,
2026-01-07 15:04:19+05:30,NIFTY2621026400CE,26400.0,2026-02-10,412.9,
2026-01-07 15:04:20+05:30,NIFTY2621026400CE,26400.0,2026-02-10,412.9,
2026-01-07 15:04:21+05:30,NIFTY2621026400CE,26400.0,2026-02-10,412.9,
2026-01-07 15:04:22+05:30,NIFTY2621026400CE,26400.0,2026-02-10,412.9,
2026-01-07 15:04:23+05:30,NIFTY2621026400CE,26400.0,2026-02-10,412.9,
2026-01-07 15:04:24+05:30,NIFTY2621026400CE,26400.0,2026-02-10,412.9,
2026-01-07 15:04:25+05:30,NIFTY2621026400CE,26400.0,2026-02-10,412.9,
2026-01-07 15:04:26+05:30,NIFTY2621026400CE,26400.0,2026-02-10,412.9,
2026-01-07 15:04:27+05:30,NIFTY2621026400CE,26400.0,2026-02-10,412.9,
2026-01-07 15:04:28+05:30,NIFTY2621026400CE,26400.0,2026-02-10,412.9,
2026-01-07 15:04:29+05:30,NIFTY2621026400CE,26400.0,2026-02-10,412.9,
2026-01-07 15:04:30+05:30,NIFTY2621026400CE,26400.0,2026-02-10,412.9,
2026-01-07 15:04:31+05:30,NIFTY2621026400CE,26400.0,2026-02-10,412.9,
2026-01-07 15:04:32+05:30,NIFTY2621026400CE,26400.0,2026-02-10,412.9,
2026-01-07 15:04:33+05:30,NIFTY2621026400CE,26400.0,2026-02-10,412.9,
2026-01-07 15:04:34+05:30,NIFTY2621026400CE,26400.0,2026-02-10,412.9,
2026-01-07 15:04:35+05:30,NIFTY2621026400CE,26400.0,2026-02-10,412.9,
2026-01-07 15:04:36+05:30,NIFTY2621026400CE,26400.0,2026-02-10,412.9,
2026-01-07 15:04:37+05:30,NIFTY2621026400CE,26400.0,2026-02-10,412.9,
2026-01-07 15:04:38+05:30,NIFTY2621026400CE,26400.0,2026-02-10,412.9,
2026-01-07 15:04:39+05:30,NIFTY2621026400CE,26400.0,2026-02-10,412.9,
2026-01-07 15:04:40+05:30,NIFTY2621026400CE,26400.0,2026-02-10,412.9,
2026-01-07 15:04:41+05:30,NIFTY2621026400CE,26400.0,2026-02-10,412.9,
2026-01-07 15:04:42+05:30,NIFTY2621026400CE,26400.0,2026-02-10,412.9,
2026-01-07 15:04:43+05:30,NIFTY2621026400CE,26400.0,2026-02-10,412.9,
2026-01-07 15:04:44+05:30,NIFTY2621026400CE,26400.0,2026-02-10,412.9,
2026-01-07 15:04:45+05:30,NIFTY2621026400CE,26400.0,2026-02-10,412.9,
2026-01-07 15:04:46+05:30,NIFTY2621026400CE,26400.0,2026-02-10,412.9,
2026-01-07 15:04:47+05:30,NIFTY2621026400CE,26400.0,2026-02-10,412.9,
2026-01-07 15:04:48+05:30,NIFTY2621026400CE,26400.0,2026-02-10,412.9,
2026-01-07 15:04:49+05:30,NIFTY2621026400CE,26400.0,2026-02-10,412.9,
2026-01-07 15:04:50+05:30,NIFTY2621026400CE,26400.0,2026-02-10,412.9,
2026-01-07 15:04:51+05:30,NIFTY2621026400CE,26400.0,2026-02-10,412.9,
2026-01-07 15:04:52+05:30,NIFTY2621026400CE,26400.0,2026-02-10,412.9,
2026-01-07 15:04:53+05:30,NIFTY2621026400CE,26400.0,2026-02-10,412.9,
2026-01-07 15:04:54+05:30,NIFTY2621026400CE,26400.0,2026-02-10,412.9,
2026-01-07 15:04:55+05:30,NIFTY2621026400CE,26400.0,2026-02-10,412.9,
2026-01-07 15:04:56+05:30,NIFTY2621026400CE,26400.0,2026-02-10,412.9,
2026-01-07 15:04:57+05:30,NIFTY2621026400CE,26400.0,2026-02-10,412.9,
2026-01-07 15:04:58+05:30,NIFTY2621026400CE,26400.0,2026-02-10,412.9,
2026-01-07 15:04:59+05:30,NIFTY2621026400CE,26400.0,2026-02-10,412.9,
2026-01-07 15:05:00+05:30,NIFTY2621026400CE,26400.0,2026-02-10,412.9,
2026-01-07 15:05:01+05:30,NIFTY2621026400CE,26400.0,2026-02-10,412.9,
2026-01-07 15:05:02+05:30,NIFTY2621026400CE,26400.0,2026-02-10,412.9,
2026-01-07 15:05:03+05:30,NIFTY2621026400CE,26400.0,2026-02-10,412.9,
2026-01-07 15:05:04+05:30,NIFTY2621026400CE,26400.0,2026-02-10,412.9,
2026-01-07 15:05:05+05:30,NIFTY2621026400CE,26400.0,2026-02-10,412.9,
2026-01-07 15:05:06+05:30,NIFTY2621026400CE,26400.0,2026-02-10,412.9,
2026-01-07 15:05:07+05:30,NIFTY2621026400CE,26400.0,2026-02-10,412.9,
2026-01-07 15:05:08+05:30,NIFTY2621026400CE,26400.0,2026-02-10,412.9,
2026-01-07 15:05:09+05:30,NIFTY2621026400CE,26400.0,2026-02-10,412.9,
2026-01-07 15:05:10+05:30,NIFTY2621026400CE,26400.0,2026-02-10,412.9,
2026-01-07 15:05:11+05:30,NIFTY2621026400CE,26400.0,2026-02-10,412.9,
2026-01-07 15:05:12+05:30,NIFTY2621026400CE,26400.0,2026-02-10,412.9,
2026-01-07 15:05:13+05:30,NIFTY2621026400CE,26400.0,2026-02-10,412.9,
2026-01-07 15:05:14+05:30,NIFTY2621026400CE,26400.0,2026-02-10,412.9,
2026-01-07 15:05:15+05:30,NIFTY2621026400CE,26400.0,2026-02-10,412.9,
2026-01-07 15:05:16+05:30,NIFTY2621026400CE,26400.0,2026-02-10,412.9,
2026-01-07 15:05:17+05:30,NIFTY2621026400CE,26400.0,2026-02-10,412.9,
2026-01-07 15:05:18+05:30,NIFTY2621026400CE,26400.0,2026-02-10,412.9,
2026-01-07 15:05:19+05:30,NIFTY2621026400CE,26400.0,2026-02-10,412.9,
2026-01-07 15:05:20+05:30,NIFTY2621026400CE,26400.0,2026-02-10,412.9,
2026-01-07 15:05:21+05:30,NIFTY2621026400CE,26400.0,2026-02-10,412.9,
2026-01-07 15:05:22+05:30,NIFTY2621026400CE,26400.0,2026-02-10,412.9,
2026-01-07 15:05:23+05:30,NIFTY2621026400CE,26400.0,2026-02-10,412.9,
2026-01-07 15:05:24+05:30,NIFTY2621026400CE,26400.0,2026-02-10,412.9,
2026-01-07 15:05:25+05:30,NIFTY2621026400CE,26400.0,2026-02-10,412.9,
2026-01-07 15:05:26+05:30,NIFTY2621026400CE,26400.0,2026-02-10,412.9,
2026-01-07 15:05:27+05:30,NIFTY2621026400CE,26400.0,2026-02-10,412.9,
2026-01-07 15:05:28+05:30,NIFTY2621026400CE,26400.0,2026-02-10,412.9,
2026-01-07 15:05:29+05:30,NIFTY2621026400CE,26400.0,2026-02-10,412.9,
2026-01-07 15:05:30+05:30,NIFTY2621026400CE,26400.0,2026-02-10,412.9,
2026-01-07 15:05:31+05:30,NIFTY2621026400CE,26400.0,2026-02-10,412.9,
2026-01-07 15:05:32+05:30,NIFTY2621026400CE,26400.0,2026-02-10,412.9,
2026-01-07 15:05:33+05:30,NIFTY2621026400CE,26400.0,2026-02-10,412.9,
2026-01-07 15:05:34+05:30,NIFTY2621026400CE,26400.0,2026-02-10,412.9,
2026-01-07 15:05:35+05:30,NIFTY2621026400CE,26400.0,2026-02-10,412.9,
2026-01-07 15:05:36+05:30,NIFTY2621026400CE,26400.0,2026-02-10,412.9,
2026-01-07 15:05:37+05:30,NIFTY2621026400CE,26400.0,2026-02-10,412.9,
2026-01-07 15:05:38+05:30,NIFTY2621026400CE,26400.0,2026-02-10,412.9,
2026-01-07 15:05:39+05:30,NIFTY2621026400CE,26400.0,2026-02-10,412.9,
2026-01-07 15:05:40+05:30,NIFTY2621026400CE,26400.0,2026-02-10,412.9,
2026-01-07 15:05:41+05:30,NIFTY2621026400CE,26400.0,2026-02-10,412.9,
2026-01-07 15:05:42+05:30,NIFTY2621026400CE,26400.0,2026-02-10,412.9,
2026-01-07 15:05:43+05:30,NIFTY2621026400CE,26400.0,2026-02-10,412.9,
2026-01-07 15:05:44+05:30,NIFTY2621026400CE,26400.0,2026-02-10,412.9,
2026-01-07 15:05:45+05:30,NIFTY2621026400CE,26400.0,2026-02-10,412.9,
2026-01-07 15:05:46+05:30,NIFTY2621026400CE,26400.0,2026-02-10,412.9,
2026-01-07 15:05:47+05:30,NIFTY2621026400CE,26400.0,2026-02-10,412.9,
2026-01-07 15:05:48+05:30,NIFTY2621026400CE,26400.0,2026-02-10,412.9,
2026-01-07 15:05:49+05:30,NIFTY2621026400CE,26400.0,2026-02-10,412.9,
2026-01-07 15:05:50+05:30,NIFTY2621026400CE,26400.0,2026-02-10,412.9,
2026-01-07 15:05:51+05:30,NIFTY2621026400CE,26400.0,2026-02-10,412.9,
2026-01-07 15:05:52+05:30,NIFTY2621026400CE,26400.0,2026-02-10,412.9,
2026-01-07 15:05:53+05:30,NIFTY2621026400CE,26400.0,2026-02-10,412.9,
2026-01-07 15:05:54+05:30,NIFTY2621026400CE,26400.0,2026-02-10,412.9,
2026-01-07 15:05:55+05:30,NIFTY2621026400CE,26400.0,2026-02-10,412.9,
2026-01-07 15:05:56+05:30,NIFTY2621026400CE,26400.0,2026-02-10,412.9,
2026-01-07 15:05:57+05:30,NIFTY2621026400CE,26400.0,2026-02-10,412.9,
2026-01-07 15:05:58+05:30,NIFTY2621026400CE,26400.0,2026-02-10,412.9,
2026-01-07 15:05:59+05:30,NIFTY2621026400CE,26400.0,2026-02-10,412.9,
2026-01-07 15:06:00+05:30,NIFTY2621026400CE,26400.0,2026-02-10,412.9,
2026-01-07 15:06:01+05:30,NIFTY2621026400CE,26400.0,2026-02-10,412.9,
2026-01-07 15:06:02+05:30,NIFTY2621026400CE,26400.0,2026-02-10,412.9,
2026-01-07 15:06:03+05:30,NIFTY2621026400CE,26400.0,2026-02-10,412.9,
2026-01-07 15:06:04+05:30,NIFTY2621026400CE,26400.0,2026-02-10,412.9,
2026-01-07 15:06:05+05:30,NIFTY2621026400CE,26400.0,2026-02-10,412.9,
2026-01-07 15:06:06+05:30,NIFTY2621026400CE,26400.0,2026-02-10,412.9,
2026-01-07 15:06:07+05:30,NIFTY2621026400CE,26400.0,2026-02-10,412.9,
2026-01-07 15:06:08+05:30,NIFTY2621026400CE,26400.0,2026-02-10,412.9,
2026-01-07 15:06:09+05:30,NIFTY2621026400CE,26400.0,2026-02-10,412.9,
2026-01-07 15:06:10+05:30,NIFTY2621026400CE,26400.0,2026-02-10,412.9,
2026-01-07 15:06:11+05:30,NIFTY2621026400CE,26400.0,2026-02-10,412.9,
2026-01-07 15:06:12+05:30,NIFTY2621026400CE,26400.0,2026-02-10,412.9,
2026-01-07 15:06:13+05:30,NIFTY2621026400CE,26400.0,2026-02-10,412.9,
2026-01-07 15:06:14+05:30,NIFTY2621026400CE,26400.0,2026-02-10,412.9,
2026-01-07 15:06:15+05:30,NIFTY2621026400CE,26400.0,2026-02-10,412.9,
2026-01-07 15:06:16+05:30,NIFTY2621026400CE,26400.0,2026-02-10,412.9,
2026-01-07 15:06:17+05:30,NIFTY2621026400CE,26400.0,2026-02-10,412.9,
2026-01-07 15:06:18+05:30,NIFTY2621026400CE,26400.0,2026-02-10,412.9,
2026-01-07 15:06:19+05:30,NIFTY2621026400CE,26400.0,2026-02-10,412.9,
2026-01-07 15:06:20+05:30,NIFTY2621026400CE,26400.0,2026-02-10,412.9,
2026-01-07 15:06:21+05:30,NIFTY2621026400CE,26400.0,2026-02-10,412.9,
2026-01-07 15:06:22+05:30,NIFTY2621026400CE,26400.0,2026-02-10,412.9,
2026-01-07 15:06:23+05:30,NIFTY2621026400CE,26400.0,2026-02-10,412.9,
2026-01-07 15:06:24+05:30,NIFTY2621026400CE,26400.0,2026-02-10,412.9,
2026-01-07 15:06:25+05:30,NIFTY2621026400CE,26400.0,2026-02-10,412.9,
2026-01-07 15:06:26+05:30,NIFTY2621026400CE,26400.0,2026-02-10,412.9,
2026-01-07 15:06:27+05:30,NIFTY2621026400CE,26400.0,2026-02-10,412.9,
2026-01-07 15:06:28+05:30,NIFTY2621026400CE,26400.0,2026-02-10,412.9,
2026-01-07 15:06:29+05:30,NIFTY2621026400CE,26400.0,2026-02-10,412.9,
2026-01-07 15:06:30+05:30,NIFTY2621026400CE,26400.0,2026-02-10,412.9,
2026-01-07 15:06:31+05:30,NIFTY2621026400CE,26400.0,2026-02-10,412.9,
2026-01-07 15:06:32+05:30,NIFTY2621026400CE,26400.0,2026-02-10,412.9,
2026-01-07 15:06:33+05:30,NIFTY2621026400CE,26400.0,2026-02-10,412.9,
2026-01-07 15:06:34+05:30,NIFTY2621026400CE,26400.0,2026-02-10,412.9,
2026-01-07 15:06:35+05:30,NIFTY2621026400CE,26400.0,2026-02-10,412.9,
2026-01-07 15:06:36+05:30,NIFTY2621026400CE,26400.0,2026-02-10,412.9,
2026-01-07 15:06:37+05:30,NIFTY2621026400CE,26400.0,2026-02-10,412.9,
2026-01-07 15:06:38+05:30,NIFTY2621026400CE,26400.0,2026-02-10,412.9,
2026-01-07 15:06:39+05:30,NIFTY2621026400CE,26400.0,2026-02-10,412.9,
2026-01-07 15:06:40+05:30,NIFTY2621026400CE,26400.0,2026-02-10,412.9,
2026-01-07 15:06:41+05:30,NIFTY2621026400CE,26400.0,2026-02-10,412.9,
2026-01-07 15:06:42+05:30,NIFTY2621026400CE,26400.0,2026-02-10,412.9,
2026-01-07 15:06:43+05:30,NIFTY2621026400CE,26400.0,2026-02-10,412.9,
2026-01-07 15:06:44+05:30,NIFTY2621026400CE,26400.0,2026-02-10,412.9,
2026-01-07 15:06:45+05:30,NIFTY2621026400CE,26400.0,2026-02-10,412.9,
2026-01-07 15:06:46+05:30,NIFTY2621026400CE,26400.0,2026-02-10,412.9,
2026-01-07 15:06:47+05:30,NIFTY2621026400CE,26400.0,2026-02-10,412.9,
2026-01-07 15:06:48+05:30,NIFTY2621026400CE,26400.0,2026-02-10,412.9,
2026-01-07 15:06:49+05:30,NIFTY2621026400CE,26400.0,2026-02-10,412.9,
2026-01-07 15:06:50+05:30,NIFTY2621026400CE,26400.0,2026-02-10,412.9,
2026-01-07 15:06:51+05:30,NIFTY2621026400CE,26400.0,2026-02-10,412.9,
2026-01-07 15:06:52+05:30,NIFTY2621026400CE,26400.0,2026-02-10,412.9,
2026-01-07 15:06:53+05:30,NIFTY2621026400CE,26400.0,2026-02-10,412.9,
2026-01-07 15:06:54+05:30,NIFTY2621026400CE,26400.0,2026-02-10,412.9,
2026-01-07 15:06:55+05:30,NIFTY2621026400CE,26400.0,2026-02-10,412.9,
2026-01-07 15:06:56+05:30,NIFTY2621026400CE,26400.0,2026-02-10,412.9,
2026-01-07 15:06:57+05:30,NIFTY2621026400CE,26400.0,2026-02-10,412.9,
2026-01-07 15:06:58+05:30,NIFTY2621026400CE,26400.0,2026-02-10,412.9,
2026-01-07 15:06:59+05:30,NIFTY2621026400CE,26400.0,2026-02-10,412.9,
2026-01-07 15:07:00+05:30,NIFTY2621026400CE,26400.0,2026-02-10,412.9,
2026-01-07 15:07:01+05:30,NIFTY2621026400CE,26400.0,2026-02-10,412.9,
2026-01-07 15:07:02+05:30,NIFTY2621026400CE,26400.0,2026-02-10,412.9,
2026-01-07 15:07:03+05:30,NIFTY2621026400CE,26400.0,2026-02-10,412.9,
2026-01-07 15:07:04+05:30,NIFTY2621026400CE,26400.0,2026-02-10,412.9,
2026-01-07 15:07:05+05:30,NIFTY2621026400CE,26400.0,2026-02-10,412.9,
2026-01-07 15:07:06+05:30,NIFTY2621026400CE,26400.0,2026-02-10,412.9,
2026-01-07 15:07:07+05:30,NIFTY2621026400CE,26400.0,2026-02-10,412.9,
2026-01-07 15:07:08+05:30,NIFTY2621026400CE,26400.0,2026-02-10,412.9,
2026-01-07 15:07:09+05:30,NIFTY2621026400CE,26400.0,2026-02-10,412.9,
2026-01-07 15:07:10+05:30,NIFTY2621026400CE,26400.0,2026-02-10,412.9,
2026-01-07 15:07:11+05:30,NIFTY2621026400CE,26400.0,2026-02-10,412.9,
2026-01-07 15:07:12+05:30,NIFTY2621026400CE,26400.0,2026-02-10,412.9,
2026-01-07 15:07:13+05:30,NIFTY2621026400CE,26400.0,2026-02-10,412.9,
2026-01-07 15:07:14+05:30,NIFTY2621026400CE,26400.0,2026-02-10,412.9,
2026-01-07 15:07:15+05:30,NIFTY2621026400CE,26400.0,2026-02-10,412.9,
2026-01-07 15:07:16+05:30,NIFTY2621026400CE,26400.0,2026-02-10,412.9,
2026-01-07 15:07:17+05:30,NIFTY2621026400CE,26400.0,2026-02-10,412.9,
2026-01-07 15:07:18+05:30,NIFTY2621026400CE,26400.0,2026-02-10,412.9,
2026-01-07 15:07:19+05:30,NIFTY2621026400CE,26400.0,2026-02-10,412.9,
2026-01-07 15:07:20+05:30,NIFTY2621026400CE,26400.0,2026-02-10,412.9,
2026-01-07 15:07:21+05:30,NIFTY2621026400CE,26400.0,2026-02-10,412.9,
2026-01-07 15:07:22+05:30,NIFTY2621026400CE,26400.0,2026-02-10,412.9,
2026-01-07 15:07:23+05:30,NIFTY2621026400CE,26400.0,2026-02-10,412.9,
2026-01-07 15:07:24+05:30,NIFTY2621026400CE,26400.0,2026-02-10,412.9,
2026-01-07 15:07:25+05:30,NIFTY2621026400CE,26400.0,2026-02-10,412.9,
2026-01-07 15:07:26+05:30,NIFTY2621026400CE,26400.0,2026-02-10,412.9,
2026-01-07 15:07:27+05:30,NIFTY2621026400CE,26400.0,2026-02-10,412.9,
2026-01-07 15:07:28+05:30,NIFTY2621026400CE,26400.0,2026-02-10,412.9,
2026-01-07 15:07:29+05:30,NIFTY2621026400CE,26400.0,2026-02-10,412.9,
2026-01-07 15:07:30+05:30,NIFTY2621026400CE,26400.0,2026-02-10,412.9,
2026-01-07 15:07:31+05:30,NIFTY2621026400CE,26400.0,2026-02-10,412.9,
2026-01-07 15:07:32+05:30,NIFTY2621026400CE,26400.0,2026-02-10,412.9,
2026-01-07 15:07:33+05:30,NIFTY2621026400CE,26400.0,2026-02-10,412.9,
2026-01-07 15:07:34+05:30,NIFTY2621026400CE,26400.0,2026-02-10,412.9,
2026-01-07 15:07:35+05:30,NIFTY2621026400CE,26400.0,2026-02-10,412.9,
2026-01-07 15:07:36+05:30,NIFTY2621026400CE,26400.0,2026-02-10,412.9,
2026-01-07 15:07:37+05:30,NIFTY2621026400CE,26400.0,2026-02-10,412.9,
2026-01-07 15:07:38+05:30,NIFTY2621026400CE,26400.0,2026-02-10,412.9,
2026-01-07 15:07:39+05:30,NIFTY2621026400CE,26400.0,2026-02-10,412.9,
2026-01-07 15:07:40+05:30,NIFTY2621026400CE,26400.0,2026-02-10,412.9,
2026-01-07 15:07:41+05:30,NIFTY2621026400CE,26400.0,2026-02-10,412.9,
2026-01-07 15:07:42+05:30,NIFTY2621026400CE,26400.0,2026-02-10,412.9,
2026-01-07 15:07:43+05:30,NIFTY2621026400CE,26400.0,2026-02-10,412.9,
2026-01-07 15:07:44+05:30,NIFTY2621026400CE,26400.0,2026-02-10,412.9,
2026-01-07 15:07:45+05:30,NIFTY2621026400CE,26400.0,2026-02-10,412.9,
2026-01-07 15:07:46+05:30,NIFTY2621026400CE,26400.0,2026-02-10,412.9,
2026-01-07 15:07:47+05:30,NIFTY2621026400CE,26400.0,2026-02-10,412.9,
2026-01-07 15:07:48+05:30,NIFTY2621026400CE,26400.0,2026-02-10,412.9,
2026-01-07 15:07:49+05:30,NIFTY2621026400CE,26400.0,2026-02-10,412.9,
2026-01-07 15:07:50+05:30,NIFTY2621026400CE,26400.0,2026-02-10,412.9,
2026-01-07 15:07:51+05:30,NIFTY2621026400CE,26400.0,2026-02-10,412.9,
2026-01-07 15:07:52+05:30,NIFTY2621026400CE,26400.0,2026-02-10,412.9,
2026-01-07 15:07:53+05:30,NIFTY2621026400CE,26400.0,2026-02-10,412.9,
2026-01-07 15:07:54+05:30,NIFTY2621026400CE,26400.0,2026-02-10,412.9,
2026-01-07 15:07:55+05:30,NIFTY2621026400CE,26400.0,2026-02-10,412.9,
2026-01-07 15:07:56+05:30,NIFTY2621026400CE,26400.0,2026-02-10,412.9,
2026-01-07 15:07:57+05:30,NIFTY2621026400CE,26400.0,2026-02-10,412.9,
2026-01-07 15:07:58+05:30,NIFTY2621026400CE,26400.0,2026-02-10,412.9,
2026-01-07 15:07:59+05:30,NIFTY2621026400CE,26400.0,2026-02-10,412.9,
2026-01-07 15:08:00+05:30,NIFTY2621026400CE,26400.0,2026-02-10,412.9,
2026-01-07 15:08:01+05:30,NIFTY2621026400CE,26400.0,2026-02-10,412.9,
2026-01-07 15:08:02+05:30,NIFTY2621026400CE,26400.0,2026-02-10,412.9,
2026-01-07 15:08:03+05:30,NIFTY2621026400CE,26400.0,2026-02-10,412.9,
2026-01-07 15:08:04+05:30,NIFTY2621026400CE,26400.0,2026-02-10,412.9,
2026-01-07 15:08:05+05:30,NIFTY2621026400CE,26400.0,2026-02-10,412.9,
2026-01-07 15:08:06+05:30,NIFTY2621026400CE,26400.0,2026-02-10,412.9,
2026-01-07 15:08:07+05:30,NIFTY2621026400CE,26400.0,2026-02-10,412.9,
2026-01-07 15:08:08+05:30,NIFTY2621026400CE,26400.0,2026-02-10,412.9,
2026-01-07 15:08:09+05:30,NIFTY2621026400CE,26400.0,2026-02-10,412.9,
2026-01-07 15:08:10+05:30,NIFTY2621026400CE,26400.0,2026-02-10,412.9,
2026-01-07 15:08:11+05:30,NIFTY2621026400CE,26400.0,2026-02-10,412.9,
2026-01-07 15:08:12+05:30,NIFTY2621026400CE,26400.0,2026-02-10,412.9,
2026-01-07 15:08:13+05:30,NIFTY2621026400CE,26400.0,2026-02-10,412.9,
2026-01-07 15:08:14+05:30,NIFTY2621026400CE,26400.0,2026-02-10,412.9,
2026-01-07 15:08:15+05:30,NIFTY2621026400CE,26400.0,2026-02-10,412.9,
2026-01-07 15:08:16+05:30,NIFTY2621026400CE,26400.0,2026-02-10,412.9,
2026-01-07 15:08:17+05:30,NIFTY2621026400CE,26400.0,2026-02-10,412.9,
2026-01-07 15:08:18+05:30,NIFTY2621026400CE,26400.0,2026-02-10,412.9,
2026-01-07 15:08:19+05:30,NIFTY2621026400CE,26400.0,2026-02-10,412.9,
2026-01-07 15:08:20+05:30,NIFTY2621026400CE,26400.0,2026-02-10,412.9,
2026-01-07 15:08:21+05:30,NIFTY2621026400CE,26400.0,2026-02-10,412.9,
2026-01-07 15:08:22+05:30,NIFTY2621026400CE,26400.0,2026-02-10,412.9,
2026-01-07 15:08:23+05:30,NIFTY2621026400CE,26400.0,2026-02-10,412.9,
2026-01-07 15:08:24+05:30,NIFTY2621026400CE,26400.0,2026-02-10,412.9,
2026-01-07 15:08:25+05:30,NIFTY2621026400CE,26400.0,2026-02-10,412.9,
2026-01-07 15:08:26+05:30,NIFTY2621026400CE,26400.0,2026-02-10,412.9,
2026-01-07 15:08:27+05:30,NIFTY2621026400CE,26400.0,2026-02-10,412.9,
2026-01-07 15:08:28+05:30,NIFTY2621026400CE,26400.0,2026-02-10,412.9,
2026-01-07 15:08:29+05:30,NIFTY2621026400CE,26400.0,2026-02-10,412.9,
2026-01-07 15:08:30+05:30,NIFTY2621026400CE,26400.0,2026-02-10,412.9,
2026-01-07 15:08:31+05:30,NIFTY2621026400CE,26400.0,2026-02-10,412.9,
2026-01-07 15:08:32+05:30,NIFTY2621026400CE,26400.0,2026-02-10,412.9,
2026-01-07 15:08:33+05:30,NIFTY2621026400CE,26400.0,2026-02-10,412.9,
2026-01-07 15:08:34+05:30,NIFTY2621026400CE,26400.0,2026-02-10,412.9,
2026-01-07 15:08:35+05:30,NIFTY2621026400CE,26400.0,2026-02-10,412.9,
2026-01-07 15:08:36+05:30,NIFTY2621026400CE,26400.0,2026-02-10,412.9,
2026-01-07 15:08:37+05:30,NIFTY2621026400CE,26400.0,2026-02-10,412.9,
2026-01-07 15:08:38+05:30,NIFTY2621026400CE,26400.0,2026-02-10,412.9,
2026-01-07 15:08:39+05:30,NIFTY2621026400CE,26400.0,2026-02-10,412.9,
2026-01-07 15:08:40+05:30,NIFTY2621026400CE,26400.0,2026-02-10,412.9,
2026-01-07 15:08:41+05:30,NIFTY2621026400CE,26400.0,2026-02-10,412.9,
2026-01-07 15:08:42+05:30,NIFTY2621026400CE,26400.0,2026-02-10,412.9,
2026-01-07 15:08:43+05:30,NIFTY2621026400CE,26400.0,2026-02-10,412.9,
2026-01-07 15:08:44+05:30,NIFTY2621026400CE,26400.0,2026-02-10,412.9,
2026-01-07 15:08:45+05:30,NIFTY2621026400CE,26400.0,2026-02-10,412.9,
2026-01-07 15:08:46+05:30,NIFTY2621026400CE,26400.0,2026-02-10,412.9,
2026-01-07 15:08:47+05:30,NIFTY2621026400CE,26400.0,2026-02-10,412.9,
2026-01-07 15:08:48+05:30,NIFTY2621026400CE,26400.0,2026-02-10,412.9,
2026-01-07 15:08:49+05:30,NIFTY2621026400CE,26400.0,2026-02-10,412.9,
2026-01-07 15:08:50+05:30,NIFTY2621026400CE,26400.0,2026-02-10,412.9,
2026-01-07 15:08:51+05:30,NIFTY2621026400CE,26400.0,2026-02-10,412.9,
2026-01-07 15:08:52+05:30,NIFTY2621026400CE,26400.0,2026-02-10,412.9,
2026-01-07 15:08:53+05:30,NIFTY2621026400CE,26400.0,2026-02-10,412.9,
2026-01-07 15:08:54+05:30,NIFTY2621026400CE,26400.0,2026-02-10,412.9,
2026-01-07 15:08:55+05:30,NIFTY2621026400CE,26400.0,2026-02-10,412.9,
2026-01-07 15:08:56+05:30,NIFTY2621026400CE,26400.0,2026-02-10,412.9,
2026-01-07 15:08:57+05:30,NIFTY2621026400CE,26400.0,2026-02-10,412.9,
2026-01-07 15:08:58+05:30,NIFTY2621026400CE,26400.0,2026-02-10,412.9,
2026-01-07 15:08:59+05:30,NIFTY2621026400CE,26400.0,2026-02-10,412.9,
2026-01-07 15:09:00+05:30,NIFTY2621026400CE,26400.0,2026-02-10,412.9,
2026-01-07 15:09:01+05:30,NIFTY2621026400CE,26400.0,2026-02-10,412.9,
2026-01-07 15:09:02+05:30,NIFTY2621026400CE,26400.0,2026-02-10,412.9,
2026-01-07 15:09:03+05:30,NIFTY2621026400CE,26400.0,2026-02-10,412.9,
2026-01-07 15:09:04+05:30,NIFTY2621026400CE,26400.0,2026-02-10,412.9,
2026-01-07 15:09:05+05:30,NIFTY2621026400CE,26400.0,2026-02-10,412.9,
2026-01-07 15:09:06+05:30,NIFTY2621026400CE,26400.0,2026-02-10,412.9,
2026-01-07 15:09:07+05:30,NIFTY2621026400CE,26400.0,2026-02-10,412.9,
2026-01-07 15:09:08+05:30,NIFTY2621026400CE,26400.0,2026-02-10,412.9,
2026-01-07 15:09:09+05:30,NIFTY2621026400CE,26400.0,2026-02-10,412.9,
2026-01-07 15:09:10+05:30,NIFTY2621026400CE,26400.0,2026-02-10,412.9,
2026-01-07 15:09:11+05:30,NIFTY2621026400CE,26400.0,2026-02-10,412.9,
2026-01-07 15:09:12+05:30,NIFTY2621026400CE,26400.0,2026-02-10,412.9,
2026-01-07 15:09:13+05:30,NIFTY2621026400CE,26400.0,2026-02-10,412.9,
2026-01-07 15:09:14+05:30,NIFTY2621026400CE,26400.0,2026-02-10,412.9,
2026-01-07 15:09:15+05:30,NIFTY2621026400CE,26400.0,2026-02-10,412.9,
2026-01-07 15:09:16+05:30,NIFTY2621026400CE,26400.0,2026-02-10,412.9,
2026-01-07 15:09:17+05:30,NIFTY2621026400CE,26400.0,2026-02-10,412.9,
2026-01-07 15:09:18+05:30,NIFTY2621026400CE,26400.0,2026-02-10,412.9,
2026-01-07 15:09:19+05:30,NIFTY2621026400CE,26400.0,2026-02-10,412.9,
2026-01-07 15:09:20+05:30,NIFTY2621026400CE,26400.0,2026-02-10,412.9,
2026-01-07 15:09:21+05:30,NIFTY2621026400CE,26400.0,2026-02-10,412.9,
2026-01-07 15:09:22+05:30,NIFTY2621026400CE,26400.0,2026-02-10,412.9,
2026-01-07 15:09:23+05:30,NIFTY2621026400CE,26400.0,2026-02-10,412.9,
2026-01-07 15:09:24+05:30,NIFTY2621026400CE,26400.0,2026-02-10,412.9,
2026-01-07 15:09:25+05:30,NIFTY2621026400CE,26400.0,2026-02-10,412.9,
2026-01-07 15:09:26+05:30,NIFTY2621026400CE,26400.0,2026-02-10,412.9,
2026-01-07 15:09:27+05:30,NIFTY2621026400CE,26400.0,2026-02-10,412.9,
2026-01-07 15:09:28+05:30,NIFTY2621026400CE,26400.0,2026-02-10,412.9,
2026-01-07 15:09:29+05:30,NIFTY2621026400CE,26400.0,2026-02-10,412.9,
2026-01-07 15:09:30+05:30,NIFTY2621026400CE,26400.0,2026-02-10,412.9,
2026-01-07 15:09:31+05:30,NIFTY2621026400CE,26400.0,2026-02-10,412.9,
2026-01-07 15:09:32+05:30,NIFTY2621026400CE,26400.0,2026-02-10,412.9,
2026-01-07 15:09:33+05:30,NIFTY2621026400CE,26400.0,2026-02-10,412.9,
2026-01-07 15:09:34+05:30,NIFTY2621026400CE,26400.0,2026-02-10,412.9,
2026-01-07 15:09:35+05:30,NIFTY2621026400CE,26400.0,2026-02-10,412.9,
2026-01-07 15:09:36+05:30,NIFTY2621026400CE,26400.0,2026-02-10,412.9,
2026-01-07 15:09:37+05:30,NIFTY2621026400CE,26400.0,2026-02-10,412.9,
2026-01-07 15:09:38+05:30,NIFTY2621026400CE,26400.0,2026-02-10,412.9,
2026-01-07 15:09:39+05:30,NIFTY2621026400CE,26400.0,2026-02-10,412.9,
2026-01-07 15:09:40+05:30,NIFTY2621026400CE,26400.0,2026-02-10,412.9,
2026-01-07 15:09:41+05:30,NIFTY2621026400CE,26400.0,2026-02-10,412.9,
2026-01-07 15:09:42+05:30,NIFTY2621026400CE,26400.0,2026-02-10,412.9,
2026-01-07 15:09:43+05:30,NIFTY2621026400CE,26400.0,2026-02-10,412.9,
2026-01-07 15:09:44+05:30,NIFTY2621026400CE,26400.0,2026-02-10,412.9,
2026-01-07 15:09:45+05:30,NIFTY2621026400CE,26400.0,2026-02-10,412.9,
2026-01-07 15:09:46+05:30,NIFTY2621026400CE,26400.0,2026-02-10,412.9,
2026-01-07 15:09:47+05:30,NIFTY2621026400CE,26400.0,2026-02-10,412.9,
2026-01-07 15:09:48+05:30,NIFTY2621026400CE,26400.0,2026-02-10,412.9,
2026-01-07 15:09:49+05:30,NIFTY2621026400CE,26400.0,2026-02-10,412.9,
2026-01-07 15:09:50+05:30,NIFTY2621026400CE,26400.0,2026-02-10,412.9,
2026-01-07 15:09:51+05:30,NIFTY2621026400CE,26400.0,2026-02-10,412.9,
2026-01-07 15:09:52+05:30,NIFTY2621026400CE,26400.0,2026-02-10,412.9,
2026-01-07 15:09:53+05:30,NIFTY2621026400CE,26400.0,2026-02-10,412.9,
2026-01-07 15:09:54+05:30,NIFTY2621026400CE,26400.0,2026-02-10,412.9,
2026-01-07 15:09:55+05:30,NIFTY2621026400CE,26400.0,2026-02-10,412.9,
2026-01-07 15:09:56+05:30,NIFTY2621026400CE,26400.0,2026-02-10,412.9,
2026-01-07 15:09:57+05:30,NIFTY2621026400CE,26400.0,2026-02-10,412.9,
2026-01-07 15:09:58+05:30,NIFTY2621026400CE,26400.0,2026-02-10,412.9,
2026-01-07 15:09:59+05:30,NIFTY2621026400CE,26400.0,2026-02-10,412.9,
2026-01-07 15:10:00+05:30,NIFTY2621026400CE,26400.0,2026-02-10,412.9,
2026-01-07 15:10:01+05:30,NIFTY2621026400CE,26400.0,2026-02-10,412.9,
2026-01-07 15:10:02+05:30,NIFTY2621026400CE,26400.0,2026-02-10,412.9,
2026-01-07 15:10:03+05:30,NIFTY2621026400CE,26400.0,2026-02-10,412.9,
2026-01-07 15:10:04+05:30,NIFTY2621026400CE,26400.0,2026-02-10,412.9,
2026-01-07 15:10:05+05:30,NIFTY2621026400CE,26400.0,2026-02-10,412.9,
2026-01-07 15:10:06+05:30,NIFTY2621026400CE,26400.0,2026-02-10,412.9,
2026-01-07 15:10:07+05:30,NIFTY2621026400CE,26400.0,2026-02-10,412.9,
2026-01-07 15:10:08+05:30,NIFTY2621026400CE,26400.0,2026-02-10,412.9,
2026-01-07 15:10:09+05:30,NIFTY2621026400CE,26400.0,2026-02-10,412.9,
2026-01-07 15:10:10+05:30,NIFTY2621026400CE,26400.0,2026-02-10,412.9,
2026-01-07 15:10:11+05:30,NIFTY2621026400CE,26400.0,2026-02-10,412.9,
2026-01-07 15:10:12+05:30,NIFTY2621026400CE,26400.0,2026-02-10,412.9,
2026-01-07 15:10:13+05:30,NIFTY2621026400CE,26400.0,2026-02-10,412.9,
2026-01-07 15:10:14+05:30,NIFTY2621026400CE,26400.0,2026-02-10,412.9,
2026-01-07 15:10:15+05:30,NIFTY2621026400CE,26400.0,2026-02-10,412.9,
2026-01-07 15:10:16+05:30,NIFTY2621026400CE,26400.0,2026-02-10,412.9,
2026-01-07 15:10:17+05:30,NIFTY2621026400CE,26400.0,2026-02-10,412.9,
2026-01-07 15:10:18+05:30,NIFTY2621026400CE,26400.0,2026-02-10,412.9,
2026-01-07 15:10:19+05:30,NIFTY2621026400CE,26400.0,2026-02-10,412.9,
2026-01-07 15:10:20+05:30,NIFTY2621026400CE,26400.0,2026-02-10,412.9,
2026-01-07 15:10:21+05:30,NIFTY2621026400CE,26400.0,2026-02-10,412.9,
2026-01-07 15:10:22+05:30,NIFTY2621026400CE,26400.0,2026-02-10,412.9,
2026-01-07 15:10:23+05:30,NIFTY2621026400CE,26400.0,2026-02-10,412.9,
2026-01-07 15:10:24+05:30,NIFTY2621026400CE,26400.0,2026-02-10,412.9,
2026-01-07 15:10:25+05:30,NIFTY2621026400CE,26400.0,2026-02-10,412.9,
2026-01-07 15:10:26+05:30,NIFTY2621026400CE,26400.0,2026-02-10,412.9,
2026-01-07 15:10:27+05:30,NIFTY2621026400CE,26400.0,2026-02-10,412.9,
2026-01-07 15:10:28+05:30,NIFTY2621026400CE,26400.0,2026-02-10,412.9,
2026-01-07 15:10:29+05:30,NIFTY2621026400CE,26400.0,2026-02-10,412.9,
2026-01-07 15:10:30+05:30,NIFTY2621026400CE,26400.0,2026-02-10,412.9,
2026-01-07 15:10:31+05:30,NIFTY2621026400CE,26400.0,2026-02-10,412.9,
2026-01-07 15:10:32+05:30,NIFTY2621026400CE,26400.0,2026-02-10,412.9,
2026-01-07 15:10:33+05:30,NIFTY2621026400CE,26400.0,2026-02-10,412.9,
2026-01-07 15:10:34+05:30,NIFTY2621026400CE,26400.0,2026-02-10,412.9,
2026-01-07 15:10:35+05:30,NIFTY2621026400CE,26400.0,2026-02-10,412.9,
2026-01-07 15:10:36+05:30,NIFTY2621026400CE,26400.0,2026-02-10,412.9,
2026-01-07 15:10:37+05:30,NIFTY2621026400CE,26400.0,2026-02-10,412.9,
2026-01-07 15:10:38+05:30,NIFTY2621026400CE,26400.0,2026-02-10,412.9,
2026-01-07 15:10:39+05:30,NIFTY2621026400CE,26400.0,2026-02-10,412.9,
2026-01-07 15:10:40+05:30,NIFTY2621026400CE,26400.0,2026-02-10,412.9,
2026-01-07 15:10:41+05:30,NIFTY2621026400CE,26400.0,2026-02-10,412.9,
2026-01-07 15:10:42+05:30,NIFTY2621026400CE,26400.0,2026-02-10,412.9,
2026-01-07 15:10:43+05:30,NIFTY2621026400CE,26400.0,2026-02-10,412.9,
2026-01-07 15:10:44+05:30,NIFTY2621026400CE,26400.0,2026-02-10,412.9,
2026-01-07 15:10:45+05:30,NIFTY2621026400CE,26400.0,2026-02-10,412.9,
2026-01-07 15:10:46+05:30,NIFTY2621026400CE,26400.0,2026-02-10,412.9,
2026-01-07 15:10:47+05:30,NIFTY2621026400CE,26400.0,2026-02-10,412.9,
2026-01-07 15:10:48+05:30,NIFTY2621026400CE,26400.0,2026-02-10,412.9,
2026-01-07 15:10:49+05:30,NIFTY2621026400CE,26400.0,2026-02-10,412.9,
2026-01-07 15:10:50+05:30,NIFTY2621026400CE,26400.0,2026-02-10,412.9,
2026-01-07 15:10:51+05:30,NIFTY2621026400CE,26400.0,2026-02-10,412.9,
2026-01-07 15:10:52+05:30,NIFTY2621026400CE,26400.0,2026-02-10,412.9,
2026-01-07 15:10:53+05:30,NIFTY2621026400CE,26400.0,2026-02-10,412.9,
2026-01-07 15:10:54+05:30,NIFTY2621026400CE,26400.0,2026-02-10,412.9,
2026-01-07 15:10:55+05:30,NIFTY2621026400CE,26400.0,2026-02-10,412.9,
2026-01-07 15:10:56+05:30,NIFTY2621026400CE,26400.0,2026-02-10,412.9,
2026-01-07 15:10:57+05:30,NIFTY2621026400CE,26400.0,2026-02-10,412.9,
2026-01-07 15:10:58+05:30,NIFTY2621026400CE,26400.0,2026-02-10,412.9,
2026-01-07 15:10:59+05:30,NIFTY2621026400CE,26400.0,2026-02-10,412.9,
2026-01-07 15:11:00+05:30,NIFTY2621026400CE,26400.0,2026-02-10,412.9,
2026-01-07 15:11:01+05:30,NIFTY2621026400CE,26400.0,2026-02-10,412.9,
2026-01-07 15:11:02+05:30,NIFTY2621026400CE,26400.0,2026-02-10,412.9,
2026-01-07 15:11:03+05:30,NIFTY2621026400CE,26400.0,2026-02-10,412.9,
2026-01-07 15:11:04+05:30,NIFTY2621026400CE,26400.0,2026-02-10,412.9,
2026-01-07 15:11:05+05:30,NIFTY2621026400CE,26400.0,2026-02-10,412.9,
2026-01-07 15:11:06+05:30,NIFTY2621026400CE,26400.0,2026-02-10,412.9,
2026-01-07 15:11:07+05:30,NIFTY2621026400CE,26400.0,2026-02-10,412.9,
2026-01-07 15:11:08+05:30,NIFTY2621026400CE,26400.0,2026-02-10,412.9,
2026-01-07 15:11:09+05:30,NIFTY2621026400CE,26400.0,2026-02-10,412.9,
2026-01-07 15:11:10+05:30,NIFTY2621026400CE,26400.0,2026-02-10,412.9,
2026-01-07 15:11:11+05:30,NIFTY2621026400CE,26400.0,2026-02-10,412.9,
2026-01-07 15:11:12+05:30,NIFTY2621026400CE,26400.0,2026-02-10,412.9,
2026-01-07 15:11:13+05:30,NIFTY2621026400CE,26400.0,2026-02-10,412.9,
2026-01-07 15:11:14+05:30,NIFTY2621026400CE,26400.0,2026-02-10,412.9,
2026-01-07 15:11:15+05:30,NIFTY2621026400CE,26400.0,2026-02-10,412.9,
2026-01-07 15:11:16+05:30,NIFTY2621026400CE,26400.0,2026-02-10,412.9,
2026-01-07 15:11:17+05:30,NIFTY2621026400CE,26400.0,2026-02-10,412.9,
2026-01-07 15:11:18+05:30,NIFTY2621026400CE,26400.0,2026-02-10,412.9,
2026-01-07 15:11:19+05:30,NIFTY2621026400CE,26400.0,2026-02-10,412.9,
2026-01-07 15:11:20+05:30,NIFTY2621026400CE,26400.0,2026-02-10,412.9,
2026-01-07 15:11:21+05:30,NIFTY2621026400CE,26400.0,2026-02-10,412.9,
2026-01-07 15:11:22+05:30,NIFTY2621026400CE,26400.0,2026-02-10,412.9,
2026-01-07 15:11:23+05:30,NIFTY2621026400CE,26400.0,2026-02-10,412.9,
2026-01-07 15:11:24+05:30,NIFTY2621026400CE,26400.0,2026-02-10,412.9,
2026-01-07 15:11:25+05:30,NIFTY2621026400CE,26400.0,2026-02-10,412.9,
2026-01-07 15:11:26+05:30,NIFTY2621026400CE,26400.0,2026-02-10,412.9,
2026-01-07 15:11:27+05:30,NIFTY2621026400CE,26400.0,2026-02-10,412.9,
2026-01-07 15:11:28+05:30,NIFTY2621026400CE,26400.0,2026-02-10,412.9,
2026-01-07 15:11:29+05:30,NIFTY2621026400CE,26400.0,2026-02-10,412.9,
2026-01-07 15:11:30+05:30,NIFTY2621026400CE,26400.0,2026-02-10,412.9,
2026-01-07 15:11:31+05:30,NIFTY2621026400CE,26400.0,2026-02-10,412.9,
2026-01-07 15:11:32+05:30,NIFTY2621026400CE,26400.0,2026-02-10,412.9,
2026-01-07 15:11:33+05:30,NIFTY2621026400CE,26400.0,2026-02-10,412.9,
2026-01-07 15:11:34+05:30,NIFTY2621026400CE,26400.0,2026-02-10,412.9,
2026-01-07 15:11:35+05:30,NIFTY2621026400CE,26400.0,2026-02-10,412.9,
2026-01-07 15:11:36+05:30,NIFTY2621026400CE,26400.0,2026-02-10,412.9,
2026-01-07 15:11:37+05:30,NIFTY2621026400CE,26400.0,2026-02-10,412.9,
2026-01-07 15:11:38+05:30,NIFTY2621026400CE,26400.0,2026-02-10,412.9,
2026-01-07 15:11:39+05:30,NIFTY2621026400CE,26400.0,2026-02-10,412.9,
2026-01-07 15:11:40+05:30,NIFTY2621026400CE,26400.0,2026-02-10,412.9,
2026-01-07 15:11:41+05:30,NIFTY2621026400CE,26400.0,2026-02-10,412.9,
2026-01-07 15:11:42+05:30,NIFTY2621026400CE,26400.0,2026-02-10,412.9,
2026-01-07 15:11:43+05:30,NIFTY2621026400CE,26400.0,2026-02-10,412.9,
2026-01-07 15:11:44+05:30,NIFTY2621026400CE,26400.0,2026-02-10,412.9,
2026-01-07 15:11:45+05:30,NIFTY2621026400CE,26400.0,2026-02-10,412.9,
2026-01-07 15:11:46+05:30,NIFTY2621026400CE,26400.0,2026-02-10,412.9,
2026-01-07 15:11:47+05:30,NIFTY2621026400CE,26400.0,2026-02-10,412.9,
2026-01-07 15:11:48+05:30,NIFTY2621026400CE,26400.0,2026-02-10,412.9,
2026-01-07 15:11:49+05:30,NIFTY2621026400CE,26400.0,2026-02-10,412.9,
2026-01-07 15:11:50+05:30,NIFTY2621026400CE,26400.0,2026-02-10,412.9,
2026-01-07 15:11:51+05:30,NIFTY2621026400CE,26400.0,2026-02-10,412.9,
2026-01-07 15:11:52+05:30,NIFTY2621026400CE,26400.0,2026-02-10,412.9,
2026-01-07 15:11:53+05:30,NIFTY2621026400CE,26400.0,2026-02-10,412.9,
2026-01-07 15:11:54+05:30,NIFTY2621026400CE,26400.0,2026-02-10,412.9,
2026-01-07 15:11:55+05:30,NIFTY2621026400CE,26400.0,2026-02-10,412.9,
2026-01-07 15:11:56+05:30,NIFTY2621026400CE,26400.0,2026-02-10,412.9,
2026-01-07 15:11:57+05:30,NIFTY2621026400CE,26400.0,2026-02-10,412.9,
2026-01-07 15:11:58+05:30,NIFTY2621026400CE,26400.0,2026-02-10,412.9,
2026-01-07 15:11:59+05:30,NIFTY2621026400CE,26400.0,2026-02-10,412.9,
2026-01-07 15:12:00+05:30,NIFTY2621026400CE,26400.0,2026-02-10,412.9,
2026-01-07 15:12:01+05:30,NIFTY2621026400CE,26400.0,2026-02-10,412.9,
2026-01-07 15:12:02+05:30,NIFTY2621026400CE,26400.0,2026-02-10,412.9,
2026-01-07 15:12:03+05:30,NIFTY2621026400CE,26400.0,2026-02-10,412.9,
2026-01-07 15:12:04+05:30,NIFTY2621026400CE,26400.0,2026-02-10,412.9,
2026-01-07 15:12:05+05:30,NIFTY2621026400CE,26400.0,2026-02-10,412.9,
2026-01-07 15:12:06+05:30,NIFTY2621026400CE,26400.0,2026-02-10,412.9,
2026-01-07 15:12:07+05:30,NIFTY2621026400CE,26400.0,2026-02-10,412.9,
2026-01-07 15:12:08+05:30,NIFTY2621026400CE,26400.0,2026-02-10,412.9,
2026-01-07 15:12:09+05:30,NIFTY2621026400CE,26400.0,2026-02-10,412.9,
2026-01-07 15:12:10+05:30,NIFTY2621026400CE,26400.0,2026-02-10,412.9,
2026-01-07 15:12:11+05:30,NIFTY2621026400CE,26400.0,2026-02-10,412.9,
2026-01-07 15:12:12+05:30,NIFTY2621026400CE,26400.0,2026-02-10,412.9,
2026-01-07 15:12:13+05:30,NIFTY2621026400CE,26400.0,2026-02-10,412.9,
2026-01-07 15:12:14+05:30,NIFTY2621026400CE,26400.0,2026-02-10,412.9,
2026-01-07 15:12:15+05:30,NIFTY2621026400CE,26400.0,2026-02-10,412.9,
2026-01-07 15:12:16+05:30,NIFTY2621026400CE,26400.0,2026-02-10,412.9,
2026-01-07 15:12:17+05:30,NIFTY2621026400CE,26400.0,2026-02-10,412.9,
2026-01-07 15:12:18+05:30,NIFTY2621026400CE,26400.0,2026-02-10,412.9,
2026-01-07 15:12:19+05:30,NIFTY2621026400CE,26400.0,2026-02-10,412.9,
2026-01-07 15:12:20+05:30,NIFTY2621026400CE,26400.0,2026-02-10,412.9,
2026-01-07 15:12:21+05:30,NIFTY2621026400CE,26400.0,2026-02-10,412.9,
2026-01-07 15:12:22+05:30,NIFTY2621026400CE,26400.0,2026-02-10,412.9,
2026-01-07 15:12:23+05:30,NIFTY2621026400CE,26400.0,2026-02-10,412.9,
2026-01-07 15:12:24+05:30,NIFTY2621026400CE,26400.0,2026-02-10,412.9,
2026-01-07 15:12:25+05:30,NIFTY2621026400CE,26400.0,2026-02-10,412.9,
2026-01-07 15:12:26+05:30,NIFTY2621026400CE,26400.0,2026-02-10,412.9,
2026-01-07 15:12:27+05:30,NIFTY2621026400CE,26400.0,2026-02-10,412.9,
2026-01-07 15:12:28+05:30,NIFTY2621026400CE,26400.0,2026-02-10,412.9,
2026-01-07 15:12:29+05:30,NIFTY2621026400CE,26400.0,2026-02-10,412.9,
2026-01-07 15:12:30+05:30,NIFTY2621026400CE,26400.0,2026-02-10,412.9,
2026-01-07 15:12:31+05:30,NIFTY2621026400CE,26400.0,2026-02-10,412.9,
2026-01-07 15:12:32+05:30,NIFTY2621026400CE,26400.0,2026-02-10,412.9,
2026-01-07 15:12:33+05:30,NIFTY2621026400CE,26400.0,2026-02-10,412.9,
2026-01-07 15:12:34+05:30,NIFTY2621026400CE,26400.0,2026-02-10,412.9,
2026-01-07 15:12:35+05:30,NIFTY2621026400CE,26400.0,2026-02-10,412.9,
2026-01-07 15:12:36+05:30,NIFTY2621026400CE,26400.0,2026-02-10,412.9,
2026-01-07 15:12:37+05:30,NIFTY2621026400CE,26400.0,2026-02-10,412.9,
2026-01-07 15:12:38+05:30,NIFTY2621026400CE,26400.0,2026-02-10,412.9,
2026-01-07 15:12:39+05:30,NIFTY2621026400CE,26400.0,2026-02-10,412.9,
2026-01-07 15:12:40+05:30,NIFTY2621026400CE,26400.0,2026-02-10,412.9,
2026-01-07 15:12:41+05:30,NIFTY2621026400CE,26400.0,2026-02-10,412.9,
2026-01-07 15:12:42+05:30,NIFTY2621026400CE,26400.0,2026-02-10,412.9,
2026-01-07 15:12:43+05:30,NIFTY2621026400CE,26400.0,2026-02-10,412.9,
2026-01-07 15:12:44+05:30,NIFTY2621026400CE,26400.0,2026-02-10,412.9,
2026-01-07 15:12:45+05:30,NIFTY2621026400CE,26400.0,2026-02-10,412.9,
2026-01-07 15:12:46+05:30,NIFTY2621026400CE,26400.0,2026-02-10,412.9,
2026-01-07 15:12:47+05:30,NIFTY2621026400CE,26400.0,2026-02-10,412.9,
2026-01-07 15:12:48+05:30,NIFTY2621026400CE,26400.0,2026-02-10,412.9,
2026-01-07 15:12:49+05:30,NIFTY2621026400CE,26400.0,2026-02-10,412.9,
2026-01-07 15:12:50+05:30,NIFTY2621026400CE,26400.0,2026-02-10,412.9,
2026-01-07 15:12:51+05:30,NIFTY2621026400CE,26400.0,2026-02-10,412.9,
2026-01-07 15:12:52+05:30,NIFTY2621026400CE,26400.0,2026-02-10,412.9,
2026-01-07 15:12:53+05:30,NIFTY2621026400CE,26400.0,2026-02-10,412.9,
2026-01-07 15:12:54+05:30,NIFTY2621026400CE,26400.0,2026-02-10,412.9,
2026-01-07 15:12:55+05:30,NIFTY2621026400CE,26400.0,2026-02-10,412.9,
2026-01-07 15:12:56+05:30,NIFTY2621026400CE,26400.0,2026-02-10,412.9,
2026-01-07 15:12:57+05:30,NIFTY2621026400CE,26400.0,2026-02-10,412.9,
2026-01-07 15:12:58+05:30,NIFTY2621026400CE,26400.0,2026-02-10,412.9,
2026-01-07 15:12:59+05:30,NIFTY2621026400CE,26400.0,2026-02-10,412.9,
2026-01-07 15:13:00+05:30,NIFTY2621026400CE,26400.0,2026-02-10,412.9,
2026-01-07 15:13:01+05:30,NIFTY2621026400CE,26400.0,2026-02-10,412.9,
2026-01-07 15:13:02+05:30,NIFTY2621026400CE,26400.0,2026-02-10,412.9,
2026-01-07 15:13:03+05:30,NIFTY2621026400CE,26400.0,2026-02-10,412.9,
2026-01-07 15:13:04+05:30,NIFTY2621026400CE,26400.0,2026-02-10,412.9,
2026-01-07 15:13:05+05:30,NIFTY2621026400CE,26400.0,2026-02-10,412.9,
2026-01-07 15:13:06+05:30,NIFTY2621026400CE,26400.0,2026-02-10,412.9,
2026-01-07 15:13:07+05:30,NIFTY2621026400CE,26400.0,2026-02-10,412.9,
2026-01-07 15:13:08+05:30,NIFTY2621026400CE,26400.0,2026-02-10,412.9,
2026-01-07 15:13:09+05:30,NIFTY2621026400CE,26400.0,2026-02-10,412.9,
2026-01-07 15:13:10+05:30,NIFTY2621026400CE,26400.0,2026-02-10,412.9,
2026-01-07 15:13:11+05:30,NIFTY2621026400CE,26400.0,2026-02-10,412.9,
2026-01-07 15:13:12+05:30,NIFTY2621026400CE,26400.0,2026-02-10,412.9,
2026-01-07 15:13:13+05:30,NIFTY2621026400CE,26400.0,2026-02-10,412.9,
2026-01-07 15:13:14+05:30,NIFTY2621026400CE,26400.0,2026-02-10,412.9,
2026-01-07 15:13:15+05:30,NIFTY2621026400CE,26400.0,2026-02-10,412.9,
2026-01-07 15:13:16+05:30,NIFTY2621026400CE,26400.0,2026-02-10,412.9,
2026-01-07 15:13:17+05:30,NIFTY2621026400CE,26400.0,2026-02-10,412.9,
2026-01-07 15:13:18+05:30,NIFTY2621026400CE,26400.0,2026-02-10,412.9,
2026-01-07 15:13:19+05:30,NIFTY2621026400CE,26400.0,2026-02-10,412.9,
2026-01-07 15:13:20+05:30,NIFTY2621026400CE,26400.0,2026-02-10,412.9,
2026-01-07 15:13:21+05:30,NIFTY2621026400CE,26400.0,2026-02-10,412.9,
2026-01-07 15:13:22+05:30,NIFTY2621026400CE,26400.0,2026-02-10,412.9,
2026-01-07 15:13:23+05:30,NIFTY2621026400CE,26400.0,2026-02-10,412.9,
2026-01-07 15:13:24+05:30,NIFTY2621026400CE,26400.0,2026-02-10,412.9,
2026-01-07 15:13:25+05:30,NIFTY2621026400CE,26400.0,2026-02-10,412.9,
2026-01-07 15:13:26+05:30,NIFTY2621026400CE,26400.0,2026-02-10,412.9,
2026-01-07 15:13:27+05:30,NIFTY2621026400CE,26400.0,2026-02-10,412.9,
2026-01-07 15:13:28+05:30,NIFTY2621026400CE,26400.0,2026-02-10,412.9,
2026-01-07 15:13:29+05:30,NIFTY2621026400CE,26400.0,2026-02-10,412.9,
2026-01-07 15:13:30+05:30,NIFTY2621026400CE,26400.0,2026-02-10,412.9,
2026-01-07 15:13:31+05:30,NIFTY2621026400CE,26400.0,2026-02-10,412.9,
2026-01-07 15:13:32+05:30,NIFTY2621026400CE,26400.0,2026-02-10,412.9,
2026-01-07 15:13:33+05:30,NIFTY2621026400CE,26400.0,2026-02-10,412.9,
2026-01-07 15:13:34+05:30,NIFTY2621026400CE,26400.0,2026-02-10,412.9,
2026-01-07 15:13:35+05:30,NIFTY2621026400CE,26400.0,2026-02-10,412.9,
2026-01-07 15:13:36+05:30,NIFTY2621026400CE,26400.0,2026-02-10,412.9,
2026-01-07 15:13:37+05:30,NIFTY2621026400CE,26400.0,2026-02-10,412.9,
2026-01-07 15:13:38+05:30,NIFTY2621026400CE,26400.0,2026-02-10,412.9,
2026-01-07 15:13:39+05:30,NIFTY2621026400CE,26400.0,2026-02-10,412.9,
2026-01-07 15:13:40+05:30,NIFTY2621026400CE,26400.0,2026-02-10,412.9,
2026-01-07 15:13:41+05:30,NIFTY2621026400CE,26400.0,2026-02-10,412.9,
2026-01-07 15:13:42+05:30,NIFTY2621026400CE,26400.0,2026-02-10,412.9,
2026-01-07 15:13:43+05:30,NIFTY2621026400CE,26400.0,2026-02-10,412.9,
2026-01-07 15:13:44+05:30,NIFTY2621026400CE,26400.0,2026-02-10,412.9,
2026-01-07 15:13:45+05:30,NIFTY2621026400CE,26400.0,2026-02-10,412.9,
2026-01-07 15:13:46+05:30,NIFTY2621026400CE,26400.0,2026-02-10,412.9,
2026-01-07 15:13:47+05:30,NIFTY2621026400CE,26400.0,2026-02-10,412.9,
2026-01-07 15:13:48+05:30,NIFTY2621026400CE,26400.0,2026-02-10,412.9,
2026-01-07 15:13:49+05:30,NIFTY2621026400CE,26400.0,2026-02-10,412.9,
2026-01-07 15:13:50+05:30,NIFTY2621026400CE,26400.0,2026-02-10,412.9,
2026-01-07 15:13:51+05:30,NIFTY2621026400CE,26400.0,2026-02-10,412.9,
2026-01-07 15:13:52+05:30,NIFTY2621026400CE,26400.0,2026-02-10,412.9,
2026-01-07 15:13:53+05:30,NIFTY2621026400CE,26400.0,2026-02-10,412.9,
2026-01-07 15:13:54+05:30,NIFTY2621026400CE,26400.0,2026-02-10,412.9,
2026-01-07 15:13:55+05:30,NIFTY2621026400CE,26400.0,2026-02-10,412.9,
2026-01-07 15:13:56+05:30,NIFTY2621026400CE,26400.0,2026-02-10,412.9,
2026-01-07 15:13:57+05:30,NIFTY2621026400CE,26400.0,2026-02-10,412.9,
2026-01-07 15:13:58+05:30,NIFTY2621026400CE,26400.0,2026-02-10,412.9,
2026-01-07 15:13:59+05:30,NIFTY2621026400CE,26400.0,2026-02-10,412.9,
2026-01-07 15:14:00+05:30,NIFTY2621026400CE,26400.0,2026-02-10,412.9,
2026-01-07 15:14:01+05:30,NIFTY2621026400CE,26400.0,2026-02-10,412.9,
2026-01-07 15:14:02+05:30,NIFTY2621026400CE,26400.0,2026-02-10,412.9,
2026-01-07 15:14:03+05:30,NIFTY2621026400CE,26400.0,2026-02-10,412.9,
2026-01-07 15:14:04+05:30,NIFTY2621026400CE,26400.0,2026-02-10,412.9,
2026-01-07 15:14:05+05:30,NIFTY2621026400CE,26400.0,2026-02-10,412.9,
2026-01-07 15:14:06+05:30,NIFTY2621026400CE,26400.0,2026-02-10,412.9,
2026-01-07 15:14:07+05:30,NIFTY2621026400CE,26400.0,2026-02-10,412.9,
2026-01-07 15:14:08+05:30,NIFTY2621026400CE,26400.0,2026-02-10,412.9,
2026-01-07 15:14:09+05:30,NIFTY2621026400CE,26400.0,2026-02-10,412.9,
2026-01-07 15:14:10+05:30,NIFTY2621026400CE,26400.0,2026-02-10,412.9,
2026-01-07 15:14:11+05:30,NIFTY2621026400CE,26400.0,2026-02-10,412.9,
2026-01-07 15:14:12+05:30,NIFTY2621026400CE,26400.0,2026-02-10,412.9,
2026-01-07 15:14:13+05:30,NIFTY2621026400CE,26400.0,2026-02-10,412.9,
2026-01-07 15:14:14+05:30,NIFTY2621026400CE,26400.0,2026-02-10,412.9,
2026-01-07 15:14:15+05:30,NIFTY2621026400CE,26400.0,2026-02-10,412.9,
2026-01-07 15:14:16+05:30,NIFTY2621026400CE,26400.0,2026-02-10,412.9,
2026-01-07 15:14:17+05:30,NIFTY2621026400CE,26400.0,2026-02-10,412.9,
2026-01-07 15:14:18+05:30,NIFTY2621026400CE,26400.0,2026-02-10,412.9,
2026-01-07 15:14:19+05:30,NIFTY2621026400CE,26400.0,2026-02-10,412.9,
2026-01-07 15:14:20+05:30,NIFTY2621026400CE,26400.0,2026-02-10,412.9,
2026-01-07 15:14:21+05:30,NIFTY2621026400CE,26400.0,2026-02-10,412.9,
2026-01-07 15:14:22+05:30,NIFTY2621026400CE,26400.0,2026-02-10,412.9,
2026-01-07 15:14:23+05:30,NIFTY2621026400CE,26400.0,2026-02-10,412.9,
2026-01-07 15:14:24+05:30,NIFTY2621026400CE,26400.0,2026-02-10,412.9,
2026-01-07 15:14:25+05:30,NIFTY2621026400CE,26400.0,2026-02-10,412.9,
2026-01-07 15:14:26+05:30,NIFTY2621026400CE,26400.0,2026-02-10,412.9,
2026-01-07 15:14:27+05:30,NIFTY2621026400CE,26400.0,2026-02-10,412.9,
2026-01-07 15:14:28+05:30,NIFTY2621026400CE,26400.0,2026-02-10,412.9,
2026-01-07 15:14:29+05:30,NIFTY2621026400CE,26400.0,2026-02-10,412.9,
2026-01-07 15:14:30+05:30,NIFTY2621026400CE,26400.0,2026-02-10,412.9,
2026-01-07 15:14:31+05:30,NIFTY2621026400CE,26400.0,2026-02-10,412.9,
2026-01-07 15:14:32+05:30,NIFTY2621026400CE,26400.0,2026-02-10,412.9,
2026-01-07 15:14:33+05:30,NIFTY2621026400CE,26400.0,2026-02-10,412.9,
2026-01-07 15:14:34+05:30,NIFTY2621026400CE,26400.0,2026-02-10,412.9,
2026-01-07 15:14:35+05:30,NIFTY2621026400CE,26400.0,2026-02-10,412.9,
2026-01-07 15:14:36+05:30,NIFTY2621026400CE,26400.0,2026-02-10,412.9,
2026-01-07 15:14:37+05:30,NIFTY2621026400CE,26400.0,2026-02-10,412.9,
2026-01-07 15:14:38+05:30,NIFTY2621026400CE,26400.0,2026-02-10,412.9,
2026-01-07 15:14:39+05:30,NIFTY2621026400CE,26400.0,2026-02-10,412.9,
2026-01-07 15:14:40+05:30,NIFTY2621026400CE,26400.0,2026-02-10,412.9,
2026-01-07 15:14:41+05:30,NIFTY2621026400CE,26400.0,2026-02-10,412.9,
2026-01-07 15:14:42+05:30,NIFTY2621026400CE,26400.0,2026-02-10,412.9,
2026-01-07 15:14:43+05:30,NIFTY2621026400CE,26400.0,2026-02-10,412.9,
2026-01-07 15:14:44+05:30,NIFTY2621026400CE,26400.0,2026-02-10,412.9,
2026-01-07 15:14:45+05:30,NIFTY2621026400CE,26400.0,2026-02-10,412.9,
2026-01-07 15:14:46+05:30,NIFTY2621026400CE,26400.0,2026-02-10,412.9,
2026-01-07 15:14:47+05:30,NIFTY2621026400CE,26400.0,2026-02-10,412.9,
2026-01-07 15:14:48+05:30,NIFTY2621026400CE,26400.0,2026-02-10,412.9,
2026-01-07 15:14:49+05:30,NIFTY2621026400CE,26400.0,2026-02-10,412.9,
2026-01-07 15:14:50+05:30,NIFTY2621026400CE,26400.0,2026-02-10,412.9,
2026-01-07 15:14:51+05:30,NIFTY2621026400CE,26400.0,2026-02-10,412.9,
2026-01-07 15:14:52+05:30,NIFTY2621026400CE,26400.0,2026-02-10,412.9,
2026-01-07 15:14:53+05:30,NIFTY2621026400CE,26400.0,2026-02-10,412.9,
2026-01-07 15:14:54+05:30,NIFTY2621026400CE,26400.0,2026-02-10,412.9,
2026-01-07 15:14:55+05:30,NIFTY2621026400CE,26400.0,2026-02-10,412.9,
2026-01-07 15:14:56+05:30,NIFTY2621026400CE,26400.0,2026-02-10,412.9,
2026-01-07 15:14:57+05:30,NIFTY2621026400CE,26400.0,2026-02-10,412.9,
2026-01-07 15:14:58+05:30,NIFTY2621026400CE,26400.0,2026-02-10,412.9,
2026-01-07 15:14:59+05:30,NIFTY2621026400CE,26400.0,2026-02-10,412.9,
2026-01-07 15:15:00+05:30,NIFTY2621026400CE,26400.0,2026-02-10,412.9,
2026-01-07 15:15:01+05:30,NIFTY2621026400CE,26400.0,2026-02-10,412.9,
2026-01-07 15:15:02+05:30,NIFTY2621026400CE,26400.0,2026-02-10,412.9,
2026-01-07 15:15:03+05:30,NIFTY2621026400CE,26400.0,2026-02-10,412.9,
2026-01-07 15:15:04+05:30,NIFTY2621026400CE,26400.0,2026-02-10,412.9,
2026-01-07 15:15:05+05:30,NIFTY2621026400CE,26400.0,2026-02-10,412.9,
2026-01-07 15:15:06+05:30,NIFTY2621026400CE,26400.0,2026-02-10,412.9,
2026-01-07 15:15:07+05:30,NIFTY2621026400CE,26400.0,2026-02-10,412.9,
2026-01-07 15:15:08+05:30,NIFTY2621026400CE,26400.0,2026-02-10,412.9,
2026-01-07 15:15:09+05:30,NIFTY2621026400CE,26400.0,2026-02-10,412.9,
2026-01-07 15:15:10+05:30,NIFTY2621026400CE,26400.0,2026-02-10,412.9,
2026-01-07 15:15:11+05:30,NIFTY2621026400CE,26400.0,2026-02-10,412.9,
2026-01-07 15:15:12+05:30,NIFTY2621026400CE,26400.0,2026-02-10,412.9,
2026-01-07 15:15:13+05:30,NIFTY2621026400CE,26400.0,2026-02-10,412.9,
2026-01-07 15:15:14+05:30,NIFTY2621026400CE,26400.0,2026-02-10,412.9,
2026-01-07 15:15:15+05:30,NIFTY2621026400CE,26400.0,2026-02-10,412.9,
2026-01-07 15:15:16+05:30,NIFTY2621026400CE,26400.0,2026-02-10,412.9,
2026-01-07 15:15:17+05:30,NIFTY2621026400CE,26400.0,2026-02-10,412.9,
2026-01-07 15:15:18+05:30,NIFTY2621026400CE,26400.0,2026-02-10,412.9,
2026-01-07 15:15:19+05:30,NIFTY2621026400CE,26400.0,2026-02-10,412.9,
2026-01-07 15:15:20+05:30,NIFTY2621026400CE,26400.0,2026-02-10,412.9,
2026-01-07 15:15:21+05:30,NIFTY2621026400CE,26400.0,2026-02-10,412.9,
2026-01-07 15:15:22+05:30,NIFTY2621026400CE,26400.0,2026-02-10,412.9,
2026-01-07 15:15:23+05:30,NIFTY2621026400CE,26400.0,2026-02-10,412.9,
2026-01-07 15:15:24+05:30,NIFTY2621026400CE,26400.0,2026-02-10,412.9,
2026-01-07 15:15:25+05:30,NIFTY2621026400CE,26400.0,2026-02-10,412.9,
2026-01-07 15:15:26+05:30,NIFTY2621026400CE,26400.0,2026-02-10,412.9,
2026-01-07 15:15:27+05:30,NIFTY2621026400CE,26400.0,2026-02-10,412.9,
2026-01-07 15:15:28+05:30,NIFTY2621026400CE,26400.0,2026-02-10,412.9,
2026-01-07 15:15:29+05:30,NIFTY2621026400CE,26400.0,2026-02-10,412.9,
2026-01-07 15:15:30+05:30,NIFTY2621026400CE,26400.0,2026-02-10,412.9,
2026-01-07 15:15:31+05:30,NIFTY2621026400CE,26400.0,2026-02-10,412.9,
2026-01-07 15:15:32+05:30,NIFTY2621026400CE,26400.0,2026-02-10,412.9,
2026-01-07 15:15:33+05:30,NIFTY2621026400CE,26400.0,2026-02-10,412.9,
2026-01-07 15:15:34+05:30,NIFTY2621026400CE,26400.0,2026-02-10,412.9,
2026-01-07 15:15:35+05:30,NIFTY2621026400CE,26400.0,2026-02-10,412.9,
2026-01-07 15:15:36+05:30,NIFTY2621026400CE,26400.0,2026-02-10,412.9,
2026-01-07 15:15:37+05:30,NIFTY2621026400CE,26400.0,2026-02-10,412.9,
2026-01-07 15:15:38+05:30,NIFTY2621026400CE,26400.0,2026-02-10,412.9,
2026-01-07 15:15:39+05:30,NIFTY2621026400CE,26400.0,2026-02-10,412.9,
2026-01-07 15:15:40+05:30,NIFTY2621026400CE,26400.0,2026-02-10,412.9,
2026-01-07 15:15:41+05:30,NIFTY2621026400CE,26400.0,2026-02-10,412.9,
2026-01-07 15:15:42+05:30,NIFTY2621026400CE,26400.0,2026-02-10,412.9,
2026-01-07 15:15:43+05:30,NIFTY2621026400CE,26400.0,2026-02-10,412.9,
2026-01-07 15:15:44+05:30,NIFTY2621026400CE,26400.0,2026-02-10,412.9,
2026-01-07 15:15:45+05:30,NIFTY2621026400CE,26400.0,2026-02-10,412.9,
2026-01-07 15:15:46+05:30,NIFTY2621026400CE,26400.0,2026-02-10,412.9,
2026-01-07 15:15:47+05:30,NIFTY2621026400CE,26400.0,2026-02-10,412.9,
2026-01-07 15:15:48+05:30,NIFTY2621026400CE,26400.0,2026-02-10,412.9,
2026-01-07 15:15:49+05:30,NIFTY2621026400CE,26400.0,2026-02-10,412.9,
2026-01-07 15:15:50+05:30,NIFTY2621026400CE,26400.0,2026-02-10,412.9,
2026-01-07 15:15:51+05:30,NIFTY2621026400CE,26400.0,2026-02-10,412.9,
2026-01-07 15:15:52+05:30,NIFTY2621026400CE,26400.0,2026-02-10,412.9,
2026-01-07 15:15:53+05:30,NIFTY2621026400CE,26400.0,2026-02-10,412.9,
2026-01-07 15:15:54+05:30,NIFTY2621026400CE,26400.0,2026-02-10,412.9,
2026-01-07 15:15:55+05:30,NIFTY2621026400CE,26400.0,2026-02-10,412.9,
2026-01-07 15:15:56+05:30,NIFTY2621026400CE,26400.0,2026-02-10,412.9,
2026-01-07 15:15:57+05:30,NIFTY2621026400CE,26400.0,2026-02-10,412.9,
2026-01-07 15:15:58+05:30,NIFTY2621026400CE,26400.0,2026-02-10,412.9,
2026-01-07 15:15:59+05:30,NIFTY2621026400CE,26400.0,2026-02-10,412.9,
2026-01-07 15:16:00+05:30,NIFTY2621026400CE,26400.0,2026-02-10,412.9,
2026-01-07 15:16:01+05:30,NIFTY2621026400CE,26400.0,2026-02-10,412.9,
2026-01-07 15:16:02+05:30,NIFTY2621026400CE,26400.0,2026-02-10,412.9,
2026-01-07 15:16:03+05:30,NIFTY2621026400CE,26400.0,2026-02-10,412.9,
2026-01-07 15:16:04+05:30,NIFTY2621026400CE,26400.0,2026-02-10,412.9,
2026-01-07 15:16:05+05:30,NIFTY2621026400CE,26400.0,2026-02-10,412.9,
2026-01-07 15:16:06+05:30,NIFTY2621026400CE,26400.0,2026-02-10,412.9,
2026-01-07 15:16:07+05:30,NIFTY2621026400CE,26400.0,2026-02-10,412.9,
2026-01-07 15:16:08+05:30,NIFTY2621026400CE,26400.0,2026-02-10,412.9,
2026-01-07 15:16:09+05:30,NIFTY2621026400CE,26400.0,2026-02-10,412.9,
2026-01-07 15:16:10+05:30,NIFTY2621026400CE,26400.0,2026-02-10,412.9,
2026-01-07 15:16:11+05:30,NIFTY2621026400CE,26400.0,2026-02-10,412.9,
2026-01-07 15:16:12+05:30,NIFTY2621026400CE,26400.0,2026-02-10,412.9,
2026-01-07 15:16:13+05:30,NIFTY2621026400CE,26400.0,2026-02-10,412.9,
2026-01-07 15:16:14+05:30,NIFTY2621026400CE,26400.0,2026-02-10,412.9,
2026-01-07 15:16:15+05:30,NIFTY2621026400CE,26400.0,2026-02-10,412.9,
2026-01-07 15:16:16+05:30,NIFTY2621026400CE,26400.0,2026-02-10,412.9,
2026-01-07 15:16:17+05:30,NIFTY2621026400CE,26400.0,2026-02-10,412.9,
2026-01-07 15:16:18+05:30,NIFTY2621026400CE,26400.0,2026-02-10,412.9,
2026-01-07 15:16:19+05:30,NIFTY2621026400CE,26400.0,2026-02-10,412.9,
2026-01-07 15:16:20+05:30,NIFTY2621026400CE,26400.0,2026-02-10,412.9,
2026-01-07 15:16:21+05:30,NIFTY2621026400CE,26400.0,2026-02-10,412.9,
2026-01-07 15:16:22+05:30,NIFTY2621026400CE,26400.0,2026-02-10,412.9,
2026-01-07 15:16:23+05:30,NIFTY2621026400CE,26400.0,2026-02-10,412.9,
2026-01-07 15:16:24+05:30,NIFTY2621026400CE,26400.0,2026-02-10,412.9,
2026-01-07 15:16:25+05:30,NIFTY2621026400CE,26400.0,2026-02-10,412.9,
2026-01-07 15:16:26+05:30,NIFTY2621026400CE,26400.0,2026-02-10,412.9,
2026-01-07 15:16:27+05:30,NIFTY2621026400CE,26400.0,2026-02-10,412.9,
2026-01-07 15:16:28+05:30,NIFTY2621026400CE,26400.0,2026-02-10,412.9,
2026-01-07 15:16:29+05:30,NIFTY2621026400CE,26400.0,2026-02-10,412.9,
2026-01-07 15:16:30+05:30,NIFTY2621026400CE,26400.0,2026-02-10,412.9,
2026-01-07 15:16:31+05:30,NIFTY2621026400CE,26400.0,2026-02-10,412.9,
2026-01-07 15:16:32+05:30,NIFTY2621026400CE,26400.0,2026-02-10,412.9,
2026-01-07 15:16:33+05:30,NIFTY2621026400CE,26400.0,2026-02-10,412.9,
2026-01-07 15:16:34+05:30,NIFTY2621026400CE,26400.0,2026-02-10,412.9,
2026-01-07 15:16:35+05:30,NIFTY2621026400CE,26400.0,2026-02-10,412.9,
2026-01-07 15:16:36+05:30,NIFTY2621026400CE,26400.0,2026-02-10,412.9,
2026-01-07 15:16:37+05:30,NIFTY2621026400CE,26400.0,2026-02-10,412.9,
2026-01-07 15:16:38+05:30,NIFTY2621026400CE,26400.0,2026-02-10,412.9,
2026-01-07 15:16:39+05:30,NIFTY2621026400CE,26400.0,2026-02-10,412.9,
2026-01-07 15:16:40+05:30,NIFTY2621026400CE,26400.0,2026-02-10,412.9,
2026-01-07 15:16:41+05:30,NIFTY2621026400CE,26400.0,2026-02-10,412.9,
2026-01-07 15:16:42+05:30,NIFTY2621026400CE,26400.0,2026-02-10,412.9,
2026-01-07 15:16:43+05:30,NIFTY2621026400CE,26400.0,2026-02-10,412.9,
2026-01-07 15:16:44+05:30,NIFTY2621026400CE,26400.0,2026-02-10,412.9,
2026-01-07 15:16:45+05:30,NIFTY2621026400CE,26400.0,2026-02-10,412.9,
2026-01-07 15:16:46+05:30,NIFTY2621026400CE,26400.0,2026-02-10,412.9,
2026-01-07 15:16:47+05:30,NIFTY2621026400CE,26400.0,2026-02-10,412.9,
2026-01-07 15:16:48+05:30,NIFTY2621026400CE,26400.0,2026-02-10,412.9,
2026-01-07 15:16:49+05:30,NIFTY2621026400CE,26400.0,2026-02-10,412.9,
2026-01-07 15:16:50+05:30,NIFTY2621026400CE,26400.0,2026-02-10,412.9,
2026-01-07 15:16:51+05:30,NIFTY2621026400CE,26400.0,2026-02-10,412.9,
2026-01-07 15:16:52+05:30,NIFTY2621026400CE,26400.0,2026-02-10,412.9,
2026-01-07 15:16:53+05:30,NIFTY2621026400CE,26400.0,2026-02-10,412.9,
2026-01-07 15:16:54+05:30,NIFTY2621026400CE,26400.0,2026-02-10,412.9,
2026-01-07 15:16:55+05:30,NIFTY2621026400CE,26400.0,2026-02-10,412.9,
2026-01-07 15:16:56+05:30,NIFTY2621026400CE,26400.0,2026-02-10,412.9,
2026-01-07 15:16:57+05:30,NIFTY2621026400CE,26400.0,2026-02-10,412.9,
2026-01-07 15:16:58+05:30,NIFTY2621026400CE,26400.0,2026-02-10,412.9,
2026-01-07 15:16:59+05:30,NIFTY2621026400CE,26400.0,2026-02-10,412.9,
2026-01-07 15:17:00+05:30,NIFTY2621026400CE,26400.0,2026-02-10,412.9,
2026-01-07 15:17:01+05:30,NIFTY2621026400CE,26400.0,2026-02-10,412.9,
2026-01-07 15:17:02+05:30,NIFTY2621026400CE,26400.0,2026-02-10,412.9,
2026-01-07 15:17:03+05:30,NIFTY2621026400CE,26400.0,2026-02-10,412.9,
2026-01-07 15:17:04+05:30,NIFTY2621026400CE,26400.0,2026-02-10,412.9,
2026-01-07 15:17:05+05:30,NIFTY2621026400CE,26400.0,2026-02-10,412.9,
2026-01-07 15:17:06+05:30,NIFTY2621026400CE,26400.0,2026-02-10,412.9,
2026-01-07 15:17:07+05:30,NIFTY2621026400CE,26400.0,2026-02-10,412.9,
2026-01-07 15:17:08+05:30,NIFTY2621026400CE,26400.0,2026-02-10,412.9,
2026-01-07 15:17:09+05:30,NIFTY2621026400CE,26400.0,2026-02-10,412.9,
2026-01-07 15:17:10+05:30,NIFTY2621026400CE,26400.0,2026-02-10,412.9,
2026-01-07 15:17:11+05:30,NIFTY2621026400CE,26400.0,2026-02-10,412.9,
2026-01-07 15:17:12+05:30,NIFTY2621026400CE,26400.0,2026-02-10,412.9,
2026-01-07 15:17:13+05:30,NIFTY2621026400CE,26400.0,2026-02-10,412.9,
2026-01-07 15:17:14+05:30,NIFTY2621026400CE,26400.0,2026-02-10,412.9,
2026-01-07 15:17:15+05:30,NIFTY2621026400CE,26400.0,2026-02-10,412.9,
2026-01-07 15:17:16+05:30,NIFTY2621026400CE,26400.0,2026-02-10,412.9,
2026-01-07 15:17:17+05:30,NIFTY2621026400CE,26400.0,2026-02-10,412.9,
2026-01-07 15:17:18+05:30,NIFTY2621026400CE,26400.0,2026-02-10,412.9,
2026-01-07 15:17:19+05:30,NIFTY2621026400CE,26400.0,2026-02-10,412.9,
2026-01-07 15:17:20+05:30,NIFTY2621026400CE,26400.0,2026-02-10,412.9,
2026-01-07 15:17:21+05:30,NIFTY2621026400CE,26400.0,2026-02-10,412.9,
2026-01-07 15:17:22+05:30,NIFTY2621026400CE,26400.0,2026-02-10,412.9,
2026-01-07 15:17:23+05:30,NIFTY2621026400CE,26400.0,2026-02-10,412.9,
2026-01-07 15:17:24+05:30,NIFTY2621026400CE,26400.0,2026-02-10,412.9,
2026-01-07 15:17:25+05:30,NIFTY2621026400CE,26400.0,2026-02-10,412.9,
2026-01-07 15:17:26+05:30,NIFTY2621026400CE,26400.0,2026-02-10,412.9,
2026-01-07 15:17:27+05:30,NIFTY2621026400CE,26400.0,2026-02-10,412.9,
2026-01-07 15:17:28+05:30,NIFTY2621026400CE,26400.0,2026-02-10,412.9,
2026-01-07 15:17:29+05:30,NIFTY2621026400CE,26400.0,2026-02-10,412.9,
2026-01-07 15:17:30+05:30,NIFTY2621026400CE,26400.0,2026-02-10,412.9,
2026-01-07 15:17:31+05:30,NIFTY2621026400CE,26400.0,2026-02-10,412.9,
2026-01-07 15:17:32+05:30,NIFTY2621026400CE,26400.0,2026-02-10,412.9,
2026-01-07 15:17:33+05:30,NIFTY2621026400CE,26400.0,2026-02-10,412.9,
2026-01-07 15:17:34+05:30,NIFTY2621026400CE,26400.0,2026-02-10,412.9,
2026-01-07 15:17:35+05:30,NIFTY2621026400CE,26400.0,2026-02-10,412.9,
2026-01-07 15:17:36+05:30,NIFTY2621026400CE,26400.0,2026-02-10,412.9,
2026-01-07 15:17:37+05:30,NIFTY2621026400CE,26400.0,2026-02-10,412.9,
2026-01-07 15:17:38+05:30,NIFTY2621026400CE,26400.0,2026-02-10,412.9,
2026-01-07 15:17:39+05:30,NIFTY2621026400CE,26400.0,2026-02-10,412.9,
2026-01-07 15:17:40+05:30,NIFTY2621026400CE,26400.0,2026-02-10,412.9,
2026-01-07 15:17:41+05:30,NIFTY2621026400CE,26400.0,2026-02-10,412.9,
2026-01-07 15:17:42+05:30,NIFTY2621026400CE,26400.0,2026-02-10,412.9,
2026-01-07 15:17:43+05:30,NIFTY2621026400CE,26400.0,2026-02-10,412.9,
2026-01-07 15:17:44+05:30,NIFTY2621026400CE,26400.0,2026-02-10,412.9,
2026-01-07 15:17:45+05:30,NIFTY2621026400CE,26400.0,2026-02-10,412.9,
2026-01-07 15:17:46+05:30,NIFTY2621026400CE,26400.0,2026-02-10,412.9,
2026-01-07 15:17:47+05:30,NIFTY2621026400CE,26400.0,2026-02-10,412.9,
2026-01-07 15:17:48+05:30,NIFTY2621026400CE,26400.0,2026-02-10,412.9,
2026-01-07 15:17:49+05:30,NIFTY2621026400CE,26400.0,2026-02-10,412.9,
2026-01-07 15:17:50+05:30,NIFTY2621026400CE,26400.0,2026-02-10,412.9,
2026-01-07 15:17:51+05:30,NIFTY2621026400CE,26400.0,2026-02-10,412.9,
2026-01-07 15:17:52+05:30,NIFTY2621026400CE,26400.0,2026-02-10,412.9,
2026-01-07 15:17:53+05:30,NIFTY2621026400CE,26400.0,2026-02-10,412.9,
2026-01-07 15:17:54+05:30,NIFTY2621026400CE,26400.0,2026-02-10,412.9,
2026-01-07 15:17:55+05:30,NIFTY2621026400CE,26400.0,2026-02-10,412.9,
2026-01-07 15:17:56+05:30,NIFTY2621026400CE,26400.0,2026-02-10,412.9,
2026-01-07 15:17:57+05:30,NIFTY2621026400CE,26400.0,2026-02-10,412.9,
2026-01-07 15:17:58+05:30,NIFTY2621026400CE,26400.0,2026-02-10,412.9,
2026-01-07 15:17:59+05:30,NIFTY2621026400CE,26400.0,2026-02-10,412.9,
2026-01-07 15:18:00+05:30,NIFTY2621026400CE,26400.0,2026-02-10,412.9,
2026-01-07 15:18:01+05:30,NIFTY2621026400CE,26400.0,2026-02-10,412.9,
2026-01-07 15:18:02+05:30,NIFTY2621026400CE,26400.0,2026-02-10,412.9,
2026-01-07 15:18:03+05:30,NIFTY2621026400CE,26400.0,2026-02-10,412.9,
2026-01-07 15:18:04+05:30,NIFTY2621026400CE,26400.0,2026-02-10,412.9,
2026-01-07 15:18:05+05:30,NIFTY2621026400CE,26400.0,2026-02-10,412.9,
2026-01-07 15:18:06+05:30,NIFTY2621026400CE,26400.0,2026-02-10,412.9,
2026-01-07 15:18:07+05:30,NIFTY2621026400CE,26400.0,2026-02-10,412.9,
2026-01-07 15:18:08+05:30,NIFTY2621026400CE,26400.0,2026-02-10,412.9,
2026-01-07 15:18:09+05:30,NIFTY2621026400CE,26400.0,2026-02-10,412.9,
2026-01-07 15:18:10+05:30,NIFTY2621026400CE,26400.0,2026-02-10,412.9,
2026-01-07 15:18:11+05:30,NIFTY2621026400CE,26400.0,2026-02-10,412.9,
2026-01-07 15:18:12+05:30,NIFTY2621026400CE,26400.0,2026-02-10,412.9,
2026-01-07 15:18:13+05:30,NIFTY2621026400CE,26400.0,2026-02-10,412.9,
2026-01-07 15:18:14+05:30,NIFTY2621026400CE,26400.0,2026-02-10,412.9,
2026-01-07 15:18:15+05:30,NIFTY2621026400CE,26400.0,2026-02-10,412.9,
2026-01-07 15:18:16+05:30,NIFTY2621026400CE,26400.0,2026-02-10,412.9,
2026-01-07 15:18:17+05:30,NIFTY2621026400CE,26400.0,2026-02-10,412.9,
2026-01-07 15:18:18+05:30,NIFTY2621026400CE,26400.0,2026-02-10,412.9,
2026-01-07 15:18:19+05:30,NIFTY2621026400CE,26400.0,2026-02-10,412.9,
2026-01-07 15:18:20+05:30,NIFTY2621026400CE,26400.0,2026-02-10,412.9,
2026-01-07 15:18:21+05:30,NIFTY2621026400CE,26400.0,2026-02-10,412.9,
2026-01-07 15:18:22+05:30,NIFTY2621026400CE,26400.0,2026-02-10,412.9,
2026-01-07 15:18:23+05:30,NIFTY2621026400CE,26400.0,2026-02-10,412.9,
2026-01-07 15:18:24+05:30,NIFTY2621026400CE,26400.0,2026-02-10,412.9,
2026-01-07 15:18:25+05:30,NIFTY2621026400CE,26400.0,2026-02-10,412.9,
2026-01-07 15:18:26+05:30,NIFTY2621026400CE,26400.0,2026-02-10,412.9,
2026-01-07 15:18:27+05:30,NIFTY2621026400CE,26400.0,2026-02-10,412.9,
2026-01-07 15:18:28+05:30,NIFTY2621026400CE,26400.0,2026-02-10,412.9,
2026-01-07 15:18:29+05:30,NIFTY2621026400CE,26400.0,2026-02-10,412.9,
2026-01-07 15:18:30+05:30,NIFTY2621026400CE,26400.0,2026-02-10,412.9,
2026-01-07 15:18:31+05:30,NIFTY2621026400CE,26400.0,2026-02-10,412.9,
2026-01-07 15:18:32+05:30,NIFTY2621026400CE,26400.0,2026-02-10,412.9,
2026-01-07 15:18:33+05:30,NIFTY2621026400CE,26400.0,2026-02-10,412.9,
2026-01-07 15:18:34+05:30,NIFTY2621026400CE,26400.0,2026-02-10,412.9,
2026-01-07 15:18:35+05:30,NIFTY2621026400CE,26400.0,2026-02-10,412.9,
2026-01-07 15:18:36+05:30,NIFTY2621026400CE,26400.0,2026-02-10,412.9,
2026-01-07 15:18:37+05:30,NIFTY2621026400CE,26400.0,2026-02-10,412.9,
2026-01-07 15:18:38+05:30,NIFTY2621026400CE,26400.0,2026-02-10,412.9,
2026-01-07 15:18:39+05:30,NIFTY2621026400CE,26400.0,2026-02-10,412.9,
2026-01-07 15:18:40+05:30,NIFTY2621026400CE,26400.0,2026-02-10,412.9,
2026-01-07 15:18:41+05:30,NIFTY2621026400CE,26400.0,2026-02-10,412.9,
2026-01-07 15:18:42+05:30,NIFTY2621026400CE,26400.0,2026-02-10,412.9,
2026-01-07 15:18:43+05:30,NIFTY2621026400CE,26400.0,2026-02-10,412.9,
2026-01-07 15:18:44+05:30,NIFTY2621026400CE,26400.0,2026-02-10,412.9,
2026-01-07 15:18:45+05:30,NIFTY2621026400CE,26400.0,2026-02-10,412.9,
2026-01-07 15:18:46+05:30,NIFTY2621026400CE,26400.0,2026-02-10,412.9,
2026-01-07 15:18:47+05:30,NIFTY2621026400CE,26400.0,2026-02-10,412.9,
2026-01-07 15:18:48+05:30,NIFTY2621026400CE,26400.0,2026-02-10,412.9,
2026-01-07 15:18:49+05:30,NIFTY2621026400CE,26400.0,2026-02-10,412.9,
2026-01-07 15:18:50+05:30,NIFTY2621026400CE,26400.0,2026-02-10,412.9,
2026-01-07 15:18:51+05:30,NIFTY2621026400CE,26400.0,2026-02-10,412.9,
2026-01-07 15:18:52+05:30,NIFTY2621026400CE,26400.0,2026-02-10,412.9,
2026-01-07 15:18:53+05:30,NIFTY2621026400CE,26400.0,2026-02-10,412.9,
2026-01-07 15:18:54+05:30,NIFTY2621026400CE,26400.0,2026-02-10,412.9,
2026-01-07 15:18:55+05:30,NIFTY2621026400CE,26400.0,2026-02-10,412.9,
2026-01-07 15:18:56+05:30,NIFTY2621026400CE,26400.0,2026-02-10,412.9,
2026-01-07 15:18:57+05:30,NIFTY2621026400CE,26400.0,2026-02-10,412.9,
2026-01-07 15:18:58+05:30,NIFTY2621026400CE,26400.0,2026-02-10,412.9,
2026-01-07 15:18:59+05:30,NIFTY2621026400CE,26400.0,2026-02-10,412.9,
2026-01-07 15:19:00+05:30,NIFTY2621026400CE,26400.0,2026-02-10,412.9,
2026-01-07 15:19:01+05:30,NIFTY2621026400CE,26400.0,2026-02-10,412.9,
2026-01-07 15:19:02+05:30,NIFTY2621026400CE,26400.0,2026-02-10,412.9,
2026-01-07 15:19:03+05:30,NIFTY2621026400CE,26400.0,2026-02-10,412.9,
2026-01-07 15:19:04+05:30,NIFTY2621026400CE,26400.0,2026-02-10,412.9,
2026-01-07 15:19:05+05:30,NIFTY2621026400CE,26400.0,2026-02-10,412.9,
2026-01-07 15:19:06+05:30,NIFTY2621026400CE,26400.0,2026-02-10,412.9,
2026-01-07 15:19:07+05:30,NIFTY2621026400CE,26400.0,2026-02-10,412.9,
2026-01-07 15:19:08+05:30,NIFTY2621026400CE,26400.0,2026-02-10,412.9,
2026-01-07 15:19:09+05:30,NIFTY2621026400CE,26400.0,2026-02-10,412.9,
2026-01-07 15:19:10+05:30,NIFTY2621026400CE,26400.0,2026-02-10,412.9,
2026-01-07 15:19:11+05:30,NIFTY2621026400CE,26400.0,2026-02-10,412.9,
2026-01-07 15:19:12+05:30,NIFTY2621026400CE,26400.0,2026-02-10,412.9,
2026-01-07 15:19:13+05:30,NIFTY2621026400CE,26400.0,2026-02-10,412.9,
2026-01-07 15:19:14+05:30,NIFTY2621026400CE,26400.0,2026-02-10,412.9,
2026-01-07 15:19:15+05:30,NIFTY2621026400CE,26400.0,2026-02-10,412.9,
2026-01-07 15:19:16+05:30,NIFTY2621026400CE,26400.0,2026-02-10,412.9,
2026-01-07 15:19:17+05:30,NIFTY2621026400CE,26400.0,2026-02-10,412.9,
2026-01-07 15:19:18+05:30,NIFTY2621026400CE,26400.0,2026-02-10,412.9,
2026-01-07 15:19:19+05:30,NIFTY2621026400CE,26400.0,2026-02-10,412.9,
2026-01-07 15:19:20+05:30,NIFTY2621026400CE,26400.0,2026-02-10,412.9,
2026-01-07 15:19:21+05:30,NIFTY2621026400CE,26400.0,2026-02-10,412.9,
2026-01-07 15:19:22+05:30,NIFTY2621026400CE,26400.0,2026-02-10,412.9,
2026-01-07 15:19:23+05:30,NIFTY2621026400CE,26400.0,2026-02-10,412.9,
2026-01-07 15:19:24+05:30,NIFTY2621026400CE,26400.0,2026-02-10,412.9,
2026-01-07 15:19:25+05:30,NIFTY2621026400CE,26400.0,2026-02-10,412.9,
2026-01-07 15:19:26+05:30,NIFTY2621026400CE,26400.0,2026-02-10,412.9,
2026-01-07 15:19:27+05:30,NIFTY2621026400CE,26400.0,2026-02-10,412.9,
2026-01-07 15:19:28+05:30,NIFTY2621026400CE,26400.0,2026-02-10,412.9,
2026-01-07 15:19:29+05:30,NIFTY2621026400CE,26400.0,2026-02-10,412.9,
2026-01-07 15:19:30+05:30,NIFTY2621026400CE,26400.0,2026-02-10,412.9,
2026-01-07 15:19:31+05:30,NIFTY2621026400CE,26400.0,2026-02-10,412.9,
2026-01-07 15:19:32+05:30,NIFTY2621026400CE,26400.0,2026-02-10,412.9,
2026-01-07 15:19:33+05:30,NIFTY2621026400CE,26400.0,2026-02-10,412.9,
2026-01-07 15:19:34+05:30,NIFTY2621026400CE,26400.0,2026-02-10,412.9,
2026-01-07 15:19:35+05:30,NIFTY2621026400CE,26400.0,2026-02-10,412.9,
2026-01-07 15:19:36+05:30,NIFTY2621026400CE,26400.0,2026-02-10,412.9,
2026-01-07 15:19:37+05:30,NIFTY2621026400CE,26400.0,2026-02-10,412.9,
2026-01-07 15:19:38+05:30,NIFTY2621026400CE,26400.0,2026-02-10,412.9,
2026-01-07 15:19:39+05:30,NIFTY2621026400CE,26400.0,2026-02-10,412.9,
2026-01-07 15:19:40+05:30,NIFTY2621026400CE,26400.0,2026-02-10,412.9,
2026-01-07 15:19:41+05:30,NIFTY2621026400CE,26400.0,2026-02-10,412.9,
2026-01-07 15:19:42+05:30,NIFTY2621026400CE,26400.0,2026-02-10,412.9,
2026-01-07 15:19:43+05:30,NIFTY2621026400CE,26400.0,2026-02-10,412.9,
2026-01-07 15:19:44+05:30,NIFTY2621026400CE,26400.0,2026-02-10,412.9,
2026-01-07 15:19:45+05:30,NIFTY2621026400CE,26400.0,2026-02-10,412.9,
2026-01-07 15:19:46+05:30,NIFTY2621026400CE,26400.0,2026-02-10,412.9,
2026-01-07 15:19:47+05:30,NIFTY2621026400CE,26400.0,2026-02-10,412.9,
2026-01-07 15:19:48+05:30,NIFTY2621026400CE,26400.0,2026-02-10,412.9,
2026-01-07 15:19:49+05:30,NIFTY2621026400CE,26400.0,2026-02-10,412.9,
2026-01-07 15:19:50+05:30,NIFTY2621026400CE,26400.0,2026-02-10,412.9,
2026-01-07 15:19:51+05:30,NIFTY2621026400CE,26400.0,2026-02-10,412.9,
2026-01-07 15:19:52+05:30,NIFTY2621026400CE,26400.0,2026-02-10,412.9,
2026-01-07 15:19:53+05:30,NIFTY2621026400CE,26400.0,2026-02-10,412.9,
2026-01-07 15:19:54+05:30,NIFTY2621026400CE,26400.0,2026-02-10,412.9,
2026-01-07 15:19:55+05:30,NIFTY2621026400CE,26400.0,2026-02-10,412.9,
2026-01-07 15:19:56+05:30,NIFTY2621026400CE,26400.0,2026-02-10,412.9,
2026-01-07 15:19:57+05:30,NIFTY2621026400CE,26400.0,2026-02-10,412.9,
2026-01-07 15:19:58+05:30,NIFTY2621026400CE,26400.0,2026-02-10,412.9,
2026-01-07 15:19:59+05:30,NIFTY2621026400CE,26400.0,2026-02-10,412.9,
2026-01-07 15:20:00+05:30,NIFTY2621026400CE,26400.0,2026-02-10,412.9,
2026-01-07 15:20:01+05:30,NIFTY2621026400CE,26400.0,2026-02-10,412.9,
2026-01-07 15:20:02+05:30,NIFTY2621026400CE,26400.0,2026-02-10,412.9,
2026-01-07 15:20:03+05:30,NIFTY2621026400CE,26400.0,2026-02-10,412.9,
2026-01-07 15:20:04+05:30,NIFTY2621026400CE,26400.0,2026-02-10,412.9,
2026-01-07 15:20:05+05:30,NIFTY2621026400CE,26400.0,2026-02-10,412.9,
2026-01-07 15:20:06+05:30,NIFTY2621026400CE,26400.0,2026-02-10,412.9,
2026-01-07 15:20:07+05:30,NIFTY2621026400CE,26400.0,2026-02-10,412.9,
2026-01-07 15:20:08+05:30,NIFTY2621026400CE,26400.0,2026-02-10,412.9,
2026-01-07 15:20:09+05:30,NIFTY2621026400CE,26400.0,2026-02-10,412.9,
2026-01-07 15:20:10+05:30,NIFTY2621026400CE,26400.0,2026-02-10,412.9,
2026-01-07 15:20:11+05:30,NIFTY2621026400CE,26400.0,2026-02-10,412.9,
2026-01-07 15:20:12+05:30,NIFTY2621026400CE,26400.0,2026-02-10,412.9,
2026-01-07 15:20:13+05:30,NIFTY2621026400CE,26400.0,2026-02-10,412.9,
2026-01-07 15:20:14+05:30,NIFTY2621026400CE,26400.0,2026-02-10,412.9,
2026-01-07 15:20:15+05:30,NIFTY2621026400CE,26400.0,2026-02-10,412.9,
2026-01-07 15:20:16+05:30,NIFTY2621026400CE,26400.0,2026-02-10,412.9,
2026-01-07 15:20:17+05:30,NIFTY2621026400CE,26400.0,2026-02-10,412.9,
2026-01-07 15:20:18+05:30,NIFTY2621026400CE,26400.0,2026-02-10,412.9,
2026-01-07 15:20:19+05:30,NIFTY2621026400CE,26400.0,2026-02-10,412.9,
2026-01-07 15:20:20+05:30,NIFTY2621026400CE,26400.0,2026-02-10,412.9,
2026-01-07 15:20:21+05:30,NIFTY2621026400CE,26400.0,2026-02-10,412.9,
2026-01-07 15:20:22+05:30,NIFTY2621026400CE,26400.0,2026-02-10,412.9,
2026-01-07 15:20:23+05:30,NIFTY2621026400CE,26400.0,2026-02-10,412.9,
2026-01-07 15:20:24+05:30,NIFTY2621026400CE,26400.0,2026-02-10,412.9,
2026-01-07 15:20:25+05:30,NIFTY2621026400CE,26400.0,2026-02-10,412.9,
2026-01-07 15:20:26+05:30,NIFTY2621026400CE,26400.0,2026-02-10,412.9,
2026-01-07 15:20:27+05:30,NIFTY2621026400CE,26400.0,2026-02-10,412.9,
2026-01-07 15:20:28+05:30,NIFTY2621026400CE,26400.0,2026-02-10,412.9,
2026-01-07 15:20:29+05:30,NIFTY2621026400CE,26400.0,2026-02-10,412.9,
2026-01-07 15:20:30+05:30,NIFTY2621026400CE,26400.0,2026-02-10,412.9,
2026-01-07 15:20:31+05:30,NIFTY2621026400CE,26400.0,2026-02-10,412.9,
2026-01-07 15:20:32+05:30,NIFTY2621026400CE,26400.0,2026-02-10,412.9,
2026-01-07 15:20:33+05:30,NIFTY2621026400CE,26400.0,2026-02-10,412.9,
2026-01-07 15:20:34+05:30,NIFTY2621026400CE,26400.0,2026-02-10,412.9,
2026-01-07 15:20:35+05:30,NIFTY2621026400CE,26400.0,2026-02-10,412.9,
2026-01-07 15:20:36+05:30,NIFTY2621026400CE,26400.0,2026-02-10,412.9,
2026-01-07 15:20:37+05:30,NIFTY2621026400CE,26400.0,2026-02-10,412.9,
2026-01-07 15:20:38+05:30,NIFTY2621026400CE,26400.0,2026-02-10,412.9,
2026-01-07 15:20:39+05:30,NIFTY2621026400CE,26400.0,2026-02-10,412.9,
2026-01-07 15:20:40+05:30,NIFTY2621026400CE,26400.0,2026-02-10,412.9,
2026-01-07 15:20:41+05:30,NIFTY2621026400CE,26400.0,2026-02-10,412.9,
2026-01-07 15:20:42+05:30,NIFTY2621026400CE,26400.0,2026-02-10,412.9,
2026-01-07 15:20:43+05:30,NIFTY2621026400CE,26400.0,2026-02-10,412.9,
2026-01-07 15:20:44+05:30,NIFTY2621026400CE,26400.0,2026-02-10,412.9,
2026-01-07 15:20:45+05:30,NIFTY2621026400CE,26400.0,2026-02-10,412.9,
2026-01-07 15:20:46+05:30,NIFTY2621026400CE,26400.0,2026-02-10,412.9,
2026-01-07 15:20:47+05:30,NIFTY2621026400CE,26400.0,2026-02-10,412.9,
2026-01-07 15:20:48+05:30,NIFTY2621026400CE,26400.0,2026-02-10,412.9,
2026-01-07 15:20:49+05:30,NIFTY2621026400CE,26400.0,2026-02-10,412.9,
2026-01-07 15:20:50+05:30,NIFTY2621026400CE,26400.0,2026-02-10,412.9,
2026-01-07 15:20:51+05:30,NIFTY2621026400CE,26400.0,2026-02-10,412.9,
2026-01-07 15:20:52+05:30,NIFTY2621026400CE,26400.0,2026-02-10,412.9,
2026-01-07 15:20:53+05:30,NIFTY2621026400CE,26400.0,2026-02-10,412.9,
2026-01-07 15:20:54+05:30,NIFTY2621026400CE,26400.0,2026-02-10,412.9,
2026-01-07 15:20:55+05:30,NIFTY2621026400CE,26400.0,2026-02-10,412.9,
2026-01-07 15:20:56+05:30,NIFTY2621026400CE,26400.0,2026-02-10,412.9,
2026-01-07 15:20:57+05:30,NIFTY2621026400CE,26400.0,2026-02-10,412.9,
2026-01-07 15:20:58+05:30,NIFTY2621026400CE,26400.0,2026-02-10,412.9,
2026-01-07 15:20:59+05:30,NIFTY2621026400CE,26400.0,2026-02-10,412.9,
2026-01-07 15:21:00+05:30,NIFTY2621026400CE,26400.0,2026-02-10,412.9,
2026-01-07 15:21:01+05:30,NIFTY2621026400CE,26400.0,2026-02-10,412.9,
2026-01-07 15:21:02+05:30,NIFTY2621026400CE,26400.0,2026-02-10,412.9,
2026-01-07 15:21:03+05:30,NIFTY2621026400CE,26400.0,2026-02-10,412.9,
2026-01-07 15:21:04+05:30,NIFTY2621026400CE,26400.0,2026-02-10,412.9,
2026-01-07 15:21:05+05:30,NIFTY2621026400CE,26400.0,2026-02-10,412.9,
2026-01-07 15:21:06+05:30,NIFTY2621026400CE,26400.0,2026-02-10,412.9,
2026-01-07 15:21:07+05:30,NIFTY2621026400CE,26400.0,2026-02-10,412.9,
2026-01-07 15:21:08+05:30,NIFTY2621026400CE,26400.0,2026-02-10,412.9,
2026-01-07 15:21:09+05:30,NIFTY2621026400CE,26400.0,2026-02-10,412.9,
2026-01-07 15:21:10+05:30,NIFTY2621026400CE,26400.0,2026-02-10,412.9,
2026-01-07 15:21:11+05:30,NIFTY2621026400CE,26400.0,2026-02-10,412.9,
2026-01-07 15:21:12+05:30,NIFTY2621026400CE,26400.0,2026-02-10,412.9,
2026-01-07 15:21:13+05:30,NIFTY2621026400CE,26400.0,2026-02-10,412.9,
2026-01-07 15:21:14+05:30,NIFTY2621026400CE,26400.0,2026-02-10,412.9,
2026-01-07 15:21:15+05:30,NIFTY2621026400CE,26400.0,2026-02-10,412.9,
2026-01-07 15:21:16+05:30,NIFTY2621026400CE,26400.0,2026-02-10,412.9,
2026-01-07 15:21:17+05:30,NIFTY2621026400CE,26400.0,2026-02-10,412.9,
2026-01-07 15:21:18+05:30,NIFTY2621026400CE,26400.0,2026-02-10,412.9,
2026-01-07 15:21:19+05:30,NIFTY2621026400CE,26400.0,2026-02-10,412.9,
2026-01-07 15:21:20+05:30,NIFTY2621026400CE,26400.0,2026-02-10,412.9,
2026-01-07 15:21:21+05:30,NIFTY2621026400CE,26400.0,2026-02-10,412.9,
2026-01-07 15:21:22+05:30,NIFTY2621026400CE,26400.0,2026-02-10,412.9,
2026-01-07 15:21:23+05:30,NIFTY2621026400CE,26400.0,2026-02-10,412.9,
2026-01-07 15:21:24+05:30,NIFTY2621026400CE,26400.0,2026-02-10,412.9,
2026-01-07 15:21:25+05:30,NIFTY2621026400CE,26400.0,2026-02-10,412.9,
2026-01-07 15:21:26+05:30,NIFTY2621026400CE,26400.0,2026-02-10,412.9,
2026-01-07 15:21:27+05:30,NIFTY2621026400CE,26400.0,2026-02-10,412.9,
2026-01-07 15:21:28+05:30,NIFTY2621026400CE,26400.0,2026-02-10,412.9,
2026-01-07 15:21:29+05:30,NIFTY2621026400CE,26400.0,2026-02-10,412.9,
2026-01-07 15:21:30+05:30,NIFTY2621026400CE,26400.0,2026-02-10,412.9,
2026-01-07 15:21:31+05:30,NIFTY2621026400CE,26400.0,2026-02-10,412.9,
2026-01-07 15:21:32+05:30,NIFTY2621026400CE,26400.0,2026-02-10,412.9,
2026-01-07 15:21:33+05:30,NIFTY2621026400CE,26400.0,2026-02-10,412.9,
2026-01-07 15:21:34+05:30,NIFTY2621026400CE,26400.0,2026-02-10,412.9,
2026-01-07 15:21:35+05:30,NIFTY2621026400CE,26400.0,2026-02-10,412.9,
2026-01-07 15:21:36+05:30,NIFTY2621026400CE,26400.0,2026-02-10,412.9,
2026-01-07 15:21:37+05:30,NIFTY2621026400CE,26400.0,2026-02-10,412.9,
2026-01-07 15:21:38+05:30,NIFTY2621026400CE,26400.0,2026-02-10,412.9,
2026-01-07 15:21:39+05:30,NIFTY2621026400CE,26400.0,2026-02-10,412.9,
2026-01-07 15:21:40+05:30,NIFTY2621026400CE,26400.0,2026-02-10,412.9,
2026-01-07 15:21:41+05:30,NIFTY2621026400CE,26400.0,2026-02-10,412.9,
2026-01-07 15:21:42+05:30,NIFTY2621026400CE,26400.0,2026-02-10,412.9,
2026-01-07 15:21:43+05:30,NIFTY2621026400CE,26400.0,2026-02-10,412.9,
2026-01-07 15:21:44+05:30,NIFTY2621026400CE,26400.0,2026-02-10,412.9,
2026-01-07 15:21:45+05:30,NIFTY2621026400CE,26400.0,2026-02-10,412.9,
2026-01-07 15:21:46+05:30,NIFTY2621026400CE,26400.0,2026-02-10,412.9,
2026-01-07 15:21:47+05:30,NIFTY2621026400CE,26400.0,2026-02-10,412.9,
2026-01-07 15:21:48+05:30,NIFTY2621026400CE,26400.0,2026-02-10,412.9,
2026-01-07 15:21:49+05:30,NIFTY2621026400CE,26400.0,2026-02-10,412.9,
2026-01-07 15:21:50+05:30,NIFTY2621026400CE,26400.0,2026-02-10,412.9,
2026-01-07 15:21:51+05:30,NIFTY2621026400CE,26400.0,2026-02-10,412.9,
2026-01-07 15:21:52+05:30,NIFTY2621026400CE,26400.0,2026-02-10,412.9,
2026-01-07 15:21:53+05:30,NIFTY2621026400CE,26400.0,2026-02-10,412.9,
2026-01-07 15:21:54+05:30,NIFTY2621026400CE,26400.0,2026-02-10,412.9,
2026-01-07 15:21:55+05:30,NIFTY2621026400CE,26400.0,2026-02-10,412.9,
2026-01-07 15:21:56+05:30,NIFTY2621026400CE,26400.0,2026-02-10,412.9,
2026-01-07 15:21:57+05:30,NIFTY2621026400CE,26400.0,2026-02-10,412.9,
2026-01-07 15:21:58+05:30,NIFTY2621026400CE,26400.0,2026-02-10,412.9,
2026-01-07 15:21:59+05:30,NIFTY2621026400CE,26400.0,2026-02-10,412.9,
2026-01-07 15:22:00+05:30,NIFTY2621026400CE,26400.0,2026-02-10,412.9,
2026-01-07 15:22:01+05:30,NIFTY2621026400CE,26400.0,2026-02-10,412.9,
2026-01-07 15:22:02+05:30,NIFTY2621026400CE,26400.0,2026-02-10,412.9,
2026-01-07 15:22:03+05:30,NIFTY2621026400CE,26400.0,2026-02-10,412.9,
2026-01-07 15:22:04+05:30,NIFTY2621026400CE,26400.0,2026-02-10,412.9,
2026-01-07 15:22:05+05:30,NIFTY2621026400CE,26400.0,2026-02-10,412.9,
2026-01-07 15:22:06+05:30,NIFTY2621026400CE,26400.0,2026-02-10,412.9,
2026-01-07 15:22:07+05:30,NIFTY2621026400CE,26400.0,2026-02-10,412.9,
2026-01-07 15:22:08+05:30,NIFTY2621026400CE,26400.0,2026-02-10,412.9,
2026-01-07 15:22:09+05:30,NIFTY2621026400CE,26400.0,2026-02-10,412.9,
2026-01-07 15:22:10+05:30,NIFTY2621026400CE,26400.0,2026-02-10,412.9,
2026-01-07 15:22:11+05:30,NIFTY2621026400CE,26400.0,2026-02-10,412.9,
2026-01-07 15:22:12+05:30,NIFTY2621026400CE,26400.0,2026-02-10,412.9,
2026-01-07 15:22:13+05:30,NIFTY2621026400CE,26400.0,2026-02-10,412.9,
2026-01-07 15:22:14+05:30,NIFTY2621026400CE,26400.0,2026-02-10,412.9,
2026-01-07 15:22:15+05:30,NIFTY2621026400CE,26400.0,2026-02-10,412.9,
2026-01-07 15:22:16+05:30,NIFTY2621026400CE,26400.0,2026-02-10,412.9,
2026-01-07 15:22:17+05:30,NIFTY2621026400CE,26400.0,2026-02-10,412.9,
2026-01-07 15:22:18+05:30,NIFTY2621026400CE,26400.0,2026-02-10,412.9,
2026-01-07 15:22:19+05:30,NIFTY2621026400CE,26400.0,2026-02-10,412.9,
2026-01-07 15:22:20+05:30,NIFTY2621026400CE,26400.0,2026-02-10,412.9,
2026-01-07 15:22:21+05:30,NIFTY2621026400CE,26400.0,2026-02-10,412.9,
2026-01-07 15:22:22+05:30,NIFTY2621026400CE,26400.0,2026-02-10,412.9,
2026-01-07 15:22:23+05:30,NIFTY2621026400CE,26400.0,2026-02-10,412.9,
2026-01-07 15:22:24+05:30,NIFTY2621026400CE,26400.0,2026-02-10,412.9,
2026-01-07 15:22:25+05:30,NIFTY2621026400CE,26400.0,2026-02-10,412.9,
2026-01-07 15:22:26+05:30,NIFTY2621026400CE,26400.0,2026-02-10,412.9,
2026-01-07 15:22:27+05:30,NIFTY2621026400CE,26400.0,2026-02-10,412.9,
2026-01-07 15:22:28+05:30,NIFTY2621026400CE,26400.0,2026-02-10,412.9,
2026-01-07 15:22:29+05:30,NIFTY2621026400CE,26400.0,2026-02-10,412.9,
2026-01-07 15:22:30+05:30,NIFTY2621026400CE,26400.0,2026-02-10,412.9,
2026-01-07 15:22:31+05:30,NIFTY2621026400CE,26400.0,2026-02-10,412.9,
2026-01-07 15:22:32+05:30,NIFTY2621026400CE,26400.0,2026-02-10,412.9,
2026-01-07 15:22:33+05:30,NIFTY2621026400CE,26400.0,2026-02-10,412.9,
2026-01-07 15:22:34+05:30,NIFTY2621026400CE,26400.0,2026-02-10,412.9,
2026-01-07 15:22:35+05:30,NIFTY2621026400CE,26400.0,2026-02-10,412.9,
2026-01-07 15:22:36+05:30,NIFTY2621026400CE,26400.0,2026-02-10,412.9,
2026-01-07 15:22:37+05:30,NIFTY2621026400CE,26400.0,2026-02-10,412.9,
2026-01-07 15:22:38+05:30,NIFTY2621026400CE,26400.0,2026-02-10,412.9,
2026-01-07 15:22:39+05:30,NIFTY2621026400CE,26400.0,2026-02-10,412.9,
2026-01-07 15:22:40+05:30,NIFTY2621026400CE,26400.0,2026-02-10,412.9,
2026-01-07 15:22:41+05:30,NIFTY2621026400CE,26400.0,2026-02-10,412.9,
2026-01-07 15:22:42+05:30,NIFTY2621026400CE,26400.0,2026-02-10,412.9,
2026-01-07 15:22:43+05:30,NIFTY2621026400CE,26400.0,2026-02-10,412.9,
2026-01-07 15:22:44+05:30,NIFTY2621026400CE,26400.0,2026-02-10,412.9,
2026-01-07 15:22:45+05:30,NIFTY2621026400CE,26400.0,2026-02-10,412.9,
2026-01-07 15:22:46+05:30,NIFTY2621026400CE,26400.0,2026-02-10,412.9,
2026-01-07 15:22:47+05:30,NIFTY2621026400CE,26400.0,2026-02-10,412.9,
2026-01-07 15:22:48+05:30,NIFTY2621026400CE,26400.0,2026-02-10,412.9,
2026-01-07 15:22:49+05:30,NIFTY2621026400CE,26400.0,2026-02-10,412.9,
2026-01-07 15:22:50+05:30,NIFTY2621026400CE,26400.0,2026-02-10,412.9,
2026-01-07 15:22:51+05:30,NIFTY2621026400CE,26400.0,2026-02-10,412.9,
2026-01-07 15:22:52+05:30,NIFTY2621026400CE,26400.0,2026-02-10,412.9,
2026-01-07 15:22:53+05:30,NIFTY2621026400CE,26400.0,2026-02-10,412.9,
2026-01-07 15:22:54+05:30,NIFTY2621026400CE,26400.0,2026-02-10,412.9,
2026-01-07 15:22:55+05:30,NIFTY2621026400CE,26400.0,2026-02-10,412.9,
2026-01-07 15:22:56+05:30,NIFTY2621026400CE,26400.0,2026-02-10,412.9,
2026-01-07 15:22:57+05:30,NIFTY2621026400CE,26400.0,2026-02-10,412.9,
2026-01-07 15:22:58+05:30,NIFTY2621026400CE,26400.0,2026-02-10,412.9,
2026-01-07 15:22:59+05:30,NIFTY2621026400CE,26400.0,2026-02-10,412.9,
2026-01-07 15:23:00+05:30,NIFTY2621026400CE,26400.0,2026-02-10,412.9,
2026-01-07 15:23:01+05:30,NIFTY2621026400CE,26400.0,2026-02-10,412.9,
2026-01-07 15:23:02+05:30,NIFTY2621026400CE,26400.0,2026-02-10,412.9,
2026-01-07 15:23:03+05:30,NIFTY2621026400CE,26400.0,2026-02-10,412.9,
2026-01-07 15:23:04+05:30,NIFTY2621026400CE,26400.0,2026-02-10,412.9,
2026-01-07 15:23:05+05:30,NIFTY2621026400CE,26400.0,2026-02-10,412.9,
2026-01-07 15:23:06+05:30,NIFTY2621026400CE,26400.0,2026-02-10,412.9,
2026-01-07 15:23:07+05:30,NIFTY2621026400CE,26400.0,2026-02-10,412.9,
2026-01-07 15:23:08+05:30,NIFTY2621026400CE,26400.0,2026-02-10,412.9,
2026-01-07 15:23:09+05:30,NIFTY2621026400CE,26400.0,2026-02-10,412.9,
2026-01-07 15:23:10+05:30,NIFTY2621026400CE,26400.0,2026-02-10,412.9,
2026-01-07 15:23:11+05:30,NIFTY2621026400CE,26400.0,2026-02-10,412.9,
2026-01-07 15:23:12+05:30,NIFTY2621026400CE,26400.0,2026-02-10,412.9,
2026-01-07 15:23:13+05:30,NIFTY2621026400CE,26400.0,2026-02-10,412.9,
2026-01-07 15:23:14+05:30,NIFTY2621026400CE,26400.0,2026-02-10,412.9,
2026-01-07 15:23:15+05:30,NIFTY2621026400CE,26400.0,2026-02-10,412.9,
2026-01-07 15:23:16+05:30,NIFTY2621026400CE,26400.0,2026-02-10,412.9,
2026-01-07 15:23:17+05:30,NIFTY2621026400CE,26400.0,2026-02-10,412.9,
2026-01-07 15:23:18+05:30,NIFTY2621026400CE,26400.0,2026-02-10,412.9,
2026-01-07 15:23:19+05:30,NIFTY2621026400CE,26400.0,2026-02-10,412.9,
2026-01-07 15:23:20+05:30,NIFTY2621026400CE,26400.0,2026-02-10,412.9,
2026-01-07 15:23:21+05:30,NIFTY2621026400CE,26400.0,2026-02-10,412.9,
2026-01-07 15:23:22+05:30,NIFTY2621026400CE,26400.0,2026-02-10,412.9,
2026-01-07 15:23:23+05:30,NIFTY2621026400CE,26400.0,2026-02-10,412.9,
2026-01-07 15:23:24+05:30,NIFTY2621026400CE,26400.0,2026-02-10,412.9,
2026-01-07 15:23:25+05:30,NIFTY2621026400CE,26400.0,2026-02-10,412.9,
2026-01-07 15:23:26+05:30,NIFTY2621026400CE,26400.0,2026-02-10,412.9,
2026-01-07 15:23:27+05:30,NIFTY2621026400CE,26400.0,2026-02-10,412.9,
2026-01-07 15:23:28+05:30,NIFTY2621026400CE,26400.0,2026-02-10,412.9,
2026-01-07 15:23:29+05:30,NIFTY2621026400CE,26400.0,2026-02-10,412.9,
2026-01-07 15:23:30+05:30,NIFTY2621026400CE,26400.0,2026-02-10,412.9,
2026-01-07 15:23:31+05:30,NIFTY2621026400CE,26400.0,2026-02-10,412.9,
2026-01-07 15:23:32+05:30,NIFTY2621026400CE,26400.0,2026-02-10,412.9,
2026-01-07 15:23:33+05:30,NIFTY2621026400CE,26400.0,2026-02-10,412.9,
2026-01-07 15:23:34+05:30,NIFTY2621026400CE,26400.0,2026-02-10,412.9,
2026-01-07 15:23:35+05:30,NIFTY2621026400CE,26400.0,2026-02-10,412.9,
2026-01-07 15:23:36+05:30,NIFTY2621026400CE,26400.0,2026-02-10,412.9,
2026-01-07 15:23:37+05:30,NIFTY2621026400CE,26400.0,2026-02-10,412.9,
2026-01-07 15:23:38+05:30,NIFTY2621026400CE,26400.0,2026-02-10,412.9,
2026-01-07 15:23:39+05:30,NIFTY2621026400CE,26400.0,2026-02-10,412.9,
2026-01-07 15:23:40+05:30,NIFTY2621026400CE,26400.0,2026-02-10,412.9,
2026-01-07 15:23:41+05:30,NIFTY2621026400CE,26400.0,2026-02-10,412.9,
2026-01-07 15:23:42+05:30,NIFTY2621026400CE,26400.0,2026-02-10,412.9,
2026-01-07 15:23:43+05:30,NIFTY2621026400CE,26400.0,2026-02-10,412.9,
2026-01-07 15:23:44+05:30,NIFTY2621026400CE,26400.0,2026-02-10,412.9,
2026-01-07 15:23:45+05:30,NIFTY2621026400CE,26400.0,2026-02-10,412.9,
2026-01-07 15:23:46+05:30,NIFTY2621026400CE,26400.0,2026-02-10,412.9,
2026-01-07 15:23:47+05:30,NIFTY2621026400CE,26400.0,2026-02-10,412.9,
2026-01-07 15:23:48+05:30,NIFTY2621026400CE,26400.0,2026-02-10,412.9,
2026-01-07 15:23:49+05:30,NIFTY2621026400CE,26400.0,2026-02-10,412.9,
2026-01-07 15:23:50+05:30,NIFTY2621026400CE,26400.0,2026-02-10,412.9,
2026-01-07 15:23:51+05:30,NIFTY2621026400CE,26400.0,2026-02-10,412.9,
2026-01-07 15:23:52+05:30,NIFTY2621026400CE,26400.0,2026-02-10,412.9,
2026-01-07 15:23:53+05:30,NIFTY2621026400CE,26400.0,2026-02-10,412.9,
2026-01-07 15:23:54+05:30,NIFTY2621026400CE,26400.0,2026-02-10,412.9,
2026-01-07 15:23:55+05:30,NIFTY2621026400CE,26400.0,2026-02-10,412.9,
2026-01-07 15:23:56+05:30,NIFTY2621026400CE,26400.0,2026-02-10,412.9,
2026-01-07 15:23:57+05:30,NIFTY2621026400CE,26400.0,2026-02-10,412.9,
2026-01-07 15:23:58+05:30,NIFTY2621026400CE,26400.0,2026-02-10,412.9,
2026-01-07 15:23:59+05:30,NIFTY2621026400CE,26400.0,2026-02-10,412.9,
2026-01-07 15:24:00+05:30,NIFTY2621026400CE,26400.0,2026-02-10,412.9,
2026-01-07 15:24:01+05:30,NIFTY2621026400CE,26400.0,2026-02-10,412.9,
2026-01-07 15:24:02+05:30,NIFTY2621026400CE,26400.0,2026-02-10,412.9,
2026-01-07 15:24:03+05:30,NIFTY2621026400CE,26400.0,2026-02-10,412.9,
2026-01-07 15:24:04+05:30,NIFTY2621026400CE,26400.0,2026-02-10,412.9,
2026-01-07 15:24:05+05:30,NIFTY2621026400CE,26400.0,2026-02-10,412.9,
2026-01-07 15:24:06+05:30,NIFTY2621026400CE,26400.0,2026-02-10,412.9,
2026-01-07 15:24:07+05:30,NIFTY2621026400CE,26400.0,2026-02-10,412.9,
2026-01-07 15:24:08+05:30,NIFTY2621026400CE,26400.0,2026-02-10,412.9,
2026-01-07 15:24:09+05:30,NIFTY2621026400CE,26400.0,2026-02-10,412.9,
2026-01-07 15:24:10+05:30,NIFTY2621026400CE,26400.0,2026-02-10,412.9,
2026-01-07 15:24:11+05:30,NIFTY2621026400CE,26400.0,2026-02-10,412.9,
2026-01-07 15:24:12+05:30,NIFTY2621026400CE,26400.0,2026-02-10,412.9,
2026-01-07 15:24:13+05:30,NIFTY2621026400CE,26400.0,2026-02-10,412.9,
2026-01-07 15:24:14+05:30,NIFTY2621026400CE,26400.0,2026-02-10,412.9,
2026-01-07 15:24:15+05:30,NIFTY2621026400CE,26400.0,2026-02-10,412.9,
2026-01-07 15:24:16+05:30,NIFTY2621026400CE,26400.0,2026-02-10,412.9,
2026-01-07 15:24:17+05:30,NIFTY2621026400CE,26400.0,2026-02-10,412.9,
2026-01-07 15:24:18+05:30,NIFTY2621026400CE,26400.0,2026-02-10,412.9,
2026-01-07 15:24:19+05:30,NIFTY2621026400CE,26400.0,2026-02-10,412.9,
2026-01-07 15:24:20+05:30,NIFTY2621026400CE,26400.0,2026-02-10,412.9,
2026-01-07 15:24:21+05:30,NIFTY2621026400CE,26400.0,2026-02-10,412.9,
2026-01-07 15:24:22+05:30,NIFTY2621026400CE,26400.0,2026-02-10,412.9,
2026-01-07 15:24:23+05:30,NIFTY2621026400CE,26400.0,2026-02-10,412.9,
2026-01-07 15:24:24+05:30,NIFTY2621026400CE,26400.0,2026-02-10,412.9,
2026-01-07 15:24:25+05:30,NIFTY2621026400CE,26400.0,2026-02-10,412.9,
2026-01-07 15:24:26+05:30,NIFTY2621026400CE,26400.0,2026-02-10,412.9,
2026-01-07 15:24:27+05:30,NIFTY2621026400CE,26400.0,2026-02-10,412.9,
2026-01-07 15:24:28+05:30,NIFTY2621026400CE,26400.0,2026-02-10,412.9,
2026-01-07 15:24:29+05:30,NIFTY2621026400CE,26400.0,2026-02-10,412.9,
2026-01-07 15:24:30+05:30,NIFTY2621026400CE,26400.0,2026-02-10,412.9,
2026-01-07 15:24:31+05:30,NIFTY2621026400CE,26400.0,2026-02-10,412.9,
2026-01-07 15:24:32+05:30,NIFTY2621026400CE,26400.0,2026-02-10,412.9,
2026-01-07 15:24:33+05:30,NIFTY2621026400CE,26400.0,2026-02-10,412.9,
2026-01-07 15:24:34+05:30,NIFTY2621026400CE,26400.0,2026-02-10,412.9,
2026-01-07 15:24:35+05:30,NIFTY2621026400CE,26400.0,2026-02-10,412.9,
2026-01-07 15:24:36+05:30,NIFTY2621026400CE,26400.0,2026-02-10,412.9,
2026-01-07 15:24:37+05:30,NIFTY2621026400CE,26400.0,2026-02-10,412.9,
2026-01-07 15:24:38+05:30,NIFTY2621026400CE,26400.0,2026-02-10,412.9,
2026-01-07 15:24:39+05:30,NIFTY2621026400CE,26400.0,2026-02-10,412.9,
2026-01-07 15:24:40+05:30,NIFTY2621026400CE,26400.0,2026-02-10,412.9,
2026-01-07 15:24:41+05:30,NIFTY2621026400CE,26400.0,2026-02-10,412.9,
2026-01-07 15:24:42+05:30,NIFTY2621026400CE,26400.0,2026-02-10,412.9,
2026-01-07 15:24:43+05:30,NIFTY2621026400CE,26400.0,2026-02-10,412.9,
2026-01-07 15:24:44+05:30,NIFTY2621026400CE,26400.0,2026-02-10,412.9,
2026-01-07 15:24:45+05:30,NIFTY2621026400CE,26400.0,2026-02-10,412.9,
2026-01-07 15:24:46+05:30,NIFTY2621026400CE,26400.0,2026-02-10,412.9,
2026-01-07 15:24:47+05:30,NIFTY2621026400CE,26400.0,2026-02-10,412.9,
2026-01-07 15:24:48+05:30,NIFTY2621026400CE,26400.0,2026-02-10,412.9,
2026-01-07 15:24:49+05:30,NIFTY2621026400CE,26400.0,2026-02-10,412.9,
2026-01-07 15:24:50+05:30,NIFTY2621026400CE,26400.0,2026-02-10,412.9,
2026-01-07 15:24:51+05:30,NIFTY2621026400CE,26400.0,2026-02-10,412.9,
2026-01-07 15:24:52+05:30,NIFTY2621026400CE,26400.0,2026-02-10,412.9,
2026-01-07 15:24:53+05:30,NIFTY2621026400CE,26400.0,2026-02-10,412.9,
2026-01-07 15:24:54+05:30,NIFTY2621026400CE,26400.0,2026-02-10,412.9,
2026-01-07 15:24:55+05:30,NIFTY2621026400CE,26400.0,2026-02-10,412.9,
2026-01-07 15:24:56+05:30,NIFTY2621026400CE,26400.0,2026-02-10,412.9,
2026-01-07 15:24:57+05:30,NIFTY2621026400CE,26400.0,2026-02-10,412.9,
2026-01-07 15:24:58+05:30,NIFTY2621026400CE,26400.0,2026-02-10,412.9,
2026-01-07 15:24:59+05:30,NIFTY2621026400CE,26400.0,2026-02-10,412.9,
2026-01-07 15:25:00+05:30,NIFTY2621026400CE,26400.0,2026-02-10,412.9,
2026-01-07 15:25:01+05:30,NIFTY2621026400CE,26400.0,2026-02-10,412.9,
2026-01-07 15:25:02+05:30,NIFTY2621026400CE,26400.0,2026-02-10,412.9,
2026-01-07 15:25:03+05:30,NIFTY2621026400CE,26400.0,2026-02-10,412.9,
2026-01-07 15:25:04+05:30,NIFTY2621026400CE,26400.0,2026-02-10,412.9,
2026-01-07 15:25:05+05:30,NIFTY2621026400CE,26400.0,2026-02-10,412.9,
2026-01-07 15:25:06+05:30,NIFTY2621026400CE,26400.0,2026-02-10,412.9,
2026-01-07 15:25:07+05:30,NIFTY2621026400CE,26400.0,2026-02-10,412.9,
2026-01-07 15:25:08+05:30,NIFTY2621026400CE,26400.0,2026-02-10,412.9,
2026-01-07 15:25:09+05:30,NIFTY2621026400CE,26400.0,2026-02-10,412.9,
2026-01-07 15:25:10+05:30,NIFTY2621026400CE,26400.0,2026-02-10,412.9,
2026-01-07 15:25:11+05:30,NIFTY2621026400CE,26400.0,2026-02-10,412.9,
2026-01-07 15:25:12+05:30,NIFTY2621026400CE,26400.0,2026-02-10,412.9,
2026-01-07 15:25:13+05:30,NIFTY2621026400CE,26400.0,2026-02-10,412.9,
2026-01-07 15:25:14+05:30,NIFTY2621026400CE,26400.0,2026-02-10,412.9,
2026-01-07 15:25:15+05:30,NIFTY2621026400CE,26400.0,2026-02-10,412.9,
2026-01-07 15:25:16+05:30,NIFTY2621026400CE,26400.0,2026-02-10,412.9,
2026-01-07 15:25:17+05:30,NIFTY2621026400CE,26400.0,2026-02-10,412.9,
2026-01-07 15:25:18+05:30,NIFTY2621026400CE,26400.0,2026-02-10,412.9,
2026-01-07 15:25:19+05:30,NIFTY2621026400CE,26400.0,2026-02-10,412.9,
2026-01-07 15:25:20+05:30,NIFTY2621026400CE,26400.0,2026-02-10,412.9,
2026-01-07 15:25:21+05:30,NIFTY2621026400CE,26400.0,2026-02-10,412.9,
2026-01-07 15:25:22+05:30,NIFTY2621026400CE,26400.0,2026-02-10,412.9,
2026-01-07 15:25:23+05:30,NIFTY2621026400CE,26400.0,2026-02-10,412.9,
2026-01-07 15:25:24+05:30,NIFTY2621026400CE,26400.0,2026-02-10,412.9,
2026-01-07 15:25:25+05:30,NIFTY2621026400CE,26400.0,2026-02-10,412.9,
2026-01-07 15:25:26+05:30,NIFTY2621026400CE,26400.0,2026-02-10,412.9,
2026-01-07 15:25:27+05:30,NIFTY2621026400CE,26400.0,2026-02-10,412.9,
2026-01-07 15:25:28+05:30,NIFTY2621026400CE,26400.0,2026-02-10,412.9,
2026-01-07 15:25:29+05:30,NIFTY2621026400CE,26400.0,2026-02-10,412.9,
2026-01-07 15:25:30+05:30,NIFTY2621026400CE,26400.0,2026-02-10,412.9,
2026-01-07 15:25:31+05:30,NIFTY2621026400CE,26400.0,2026-02-10,412.9,
2026-01-07 15:25:32+05:30,NIFTY2621026400CE,26400.0,2026-02-10,412.9,
2026-01-07 15:25:33+05:30,NIFTY2621026400CE,26400.0,2026-02-10,412.9,
2026-01-07 15:25:34+05:30,NIFTY2621026400CE,26400.0,2026-02-10,412.9,
2026-01-07 15:25:35+05:30,NIFTY2621026400CE,26400.0,2026-02-10,412.9,
2026-01-07 15:25:36+05:30,NIFTY2621026400CE,26400.0,2026-02-10,412.9,
2026-01-07 15:25:37+05:30,NIFTY2621026400CE,26400.0,2026-02-10,412.9,
2026-01-07 15:25:38+05:30,NIFTY2621026400CE,26400.0,2026-02-10,412.9,
2026-01-07 15:25:39+05:30,NIFTY2621026400CE,26400.0,2026-02-10,412.9,
2026-01-07 15:25:40+05:30,NIFTY2621026400CE,26400.0,2026-02-10,412.9,
2026-01-07 15:25:41+05:30,NIFTY2621026400CE,26400.0,2026-02-10,412.9,
2026-01-07 15:25:42+05:30,NIFTY2621026400CE,26400.0,2026-02-10,412.9,
2026-01-07 15:25:43+05:30,NIFTY2621026400CE,26400.0,2026-02-10,412.9,
2026-01-07 15:25:44+05:30,NIFTY2621026400CE,26400.0,2026-02-10,412.9,
2026-01-07 15:25:45+05:30,NIFTY2621026400CE,26400.0,2026-02-10,412.9,
2026-01-07 15:25:46+05:30,NIFTY2621026400CE,26400.0,2026-02-10,412.9,
2026-01-07 15:25:47+05:30,NIFTY2621026400CE,26400.0,2026-02-10,412.9,
2026-01-07 15:25:48+05:30,NIFTY2621026400CE,26400.0,2026-02-10,412.9,
2026-01-07 15:25:49+05:30,NIFTY2621026400CE,26400.0,2026-02-10,412.9,
2026-01-07 15:25:50+05:30,NIFTY2621026400CE,26400.0,2026-02-10,412.9,
2026-01-07 15:25:51+05:30,NIFTY2621026400CE,26400.0,2026-02-10,412.9,
2026-01-07 15:25:52+05:30,NIFTY2621026400CE,26400.0,2026-02-10,412.9,
2026-01-07 15:25:53+05:30,NIFTY2621026400CE,26400.0,2026-02-10,412.9,
2026-01-07 15:25:54+05:30,NIFTY2621026400CE,26400.0,2026-02-10,412.9,
2026-01-07 15:25:55+05:30,NIFTY2621026400CE,26400.0,2026-02-10,412.9,
2026-01-07 15:25:56+05:30,NIFTY2621026400CE,26400.0,2026-02-10,412.9,
2026-01-07 15:25:57+05:30,NIFTY2621026400CE,26400.0,2026-02-10,412.9,
2026-01-07 15:25:58+05:30,NIFTY2621026400CE,26400.0,2026-02-10,412.9,
2026-01-07 15:25:59+05:30,NIFTY2621026400CE,26400.0,2026-02-10,412.9,
2026-01-07 15:26:00+05:30,NIFTY2621026400CE,26400.0,2026-02-10,412.9,
2026-01-07 15:26:01+05:30,NIFTY2621026400CE,26400.0,2026-02-10,412.9,
2026-01-07 15:26:02+05:30,NIFTY2621026400CE,26400.0,2026-02-10,412.9,
2026-01-07 15:26:03+05:30,NIFTY2621026400CE,26400.0,2026-02-10,412.9,
2026-01-07 15:26:04+05:30,NIFTY2621026400CE,26400.0,2026-02-10,412.9,
2026-01-07 15:26:05+05:30,NIFTY2621026400CE,26400.0,2026-02-10,412.9,
2026-01-07 15:26:06+05:30,NIFTY2621026400CE,26400.0,2026-02-10,412.9,
2026-01-07 15:26:07+05:30,NIFTY2621026400CE,26400.0,2026-02-10,412.9,
2026-01-07 15:26:08+05:30,NIFTY2621026400CE,26400.0,2026-02-10,412.9,
2026-01-07 15:26:09+05:30,NIFTY2621026400CE,26400.0,2026-02-10,412.9,
2026-01-07 15:26:10+05:30,NIFTY2621026400CE,26400.0,2026-02-10,412.9,
2026-01-07 15:26:11+05:30,NIFTY2621026400CE,26400.0,2026-02-10,412.9,
2026-01-07 15:26:12+05:30,NIFTY2621026400CE,26400.0,2026-02-10,412.9,
2026-01-07 15:26:13+05:30,NIFTY2621026400CE,26400.0,2026-02-10,412.9,
2026-01-07 15:26:14+05:30,NIFTY2621026400CE,26400.0,2026-02-10,412.9,
2026-01-07 15:26:15+05:30,NIFTY2621026400CE,26400.0,2026-02-10,412.9,
2026-01-07 15:26:16+05:30,NIFTY2621026400CE,26400.0,2026-02-10,412.9,
2026-01-07 15:26:17+05:30,NIFTY2621026400CE,26400.0,2026-02-10,412.9,
2026-01-07 15:26:18+05:30,NIFTY2621026400CE,26400.0,2026-02-10,412.9,
2026-01-07 15:26:19+05:30,NIFTY2621026400CE,26400.0,2026-02-10,412.9,
2026-01-07 15:26:20+05:30,NIFTY2621026400CE,26400.0,2026-02-10,412.9,
2026-01-07 15:26:21+05:30,NIFTY2621026400CE,26400.0,2026-02-10,412.9,
2026-01-07 15:26:22+05:30,NIFTY2621026400CE,26400.0,2026-02-10,412.9,
2026-01-07 15:26:23+05:30,NIFTY2621026400CE,26400.0,2026-02-10,412.9,
2026-01-07 15:26:24+05:30,NIFTY2621026400CE,26400.0,2026-02-10,412.9,
2026-01-07 15:26:25+05:30,NIFTY2621026400CE,26400.0,2026-02-10,412.9,
2026-01-07 15:26:26+05:30,NIFTY2621026400CE,26400.0,2026-02-10,412.9,
2026-01-07 15:26:27+05:30,NIFTY2621026400CE,26400.0,2026-02-10,412.9,
2026-01-07 15:26:28+05:30,NIFTY2621026400CE,26400.0,2026-02-10,412.9,
2026-01-07 15:26:29+05:30,NIFTY2621026400CE,26400.0,2026-02-10,412.9,
2026-01-07 15:26:30+05:30,NIFTY2621026400CE,26400.0,2026-02-10,412.9,
2026-01-07 15:26:31+05:30,NIFTY2621026400CE,26400.0,2026-02-10,412.9,
2026-01-07 15:26:32+05:30,NIFTY2621026400CE,26400.0,2026-02-10,412.9,
2026-01-07 15:26:33+05:30,NIFTY2621026400CE,26400.0,2026-02-10,412.9,
2026-01-07 15:26:34+05:30,NIFTY2621026400CE,26400.0,2026-02-10,412.9,
2026-01-07 15:26:35+05:30,NIFTY2621026400CE,26400.0,2026-02-10,412.9,
2026-01-07 15:26:36+05:30,NIFTY2621026400CE,26400.0,2026-02-10,412.9,
2026-01-07 15:26:37+05:30,NIFTY2621026400CE,26400.0,2026-02-10,412.9,
2026-01-07 15:26:38+05:30,NIFTY2621026400CE,26400.0,2026-02-10,412.9,
2026-01-07 15:26:39+05:30,NIFTY2621026400CE,26400.0,2026-02-10,412.9,
2026-01-07 15:26:40+05:30,NIFTY2621026400CE,26400.0,2026-02-10,412.9,
2026-01-07 15:26:41+05:30,NIFTY2621026400CE,26400.0,2026-02-10,412.9,
2026-01-07 15:26:42+05:30,NIFTY2621026400CE,26400.0,2026-02-10,412.9,
2026-01-07 15:26:43+05:30,NIFTY2621026400CE,26400.0,2026-02-10,412.9,
2026-01-07 15:26:44+05:30,NIFTY2621026400CE,26400.0,2026-02-10,412.9,
2026-01-07 15:26:45+05:30,NIFTY2621026400CE,26400.0,2026-02-10,412.9,
2026-01-07 15:26:46+05:30,NIFTY2621026400CE,26400.0,2026-02-10,412.9,
2026-01-07 15:26:47+05:30,NIFTY2621026400CE,26400.0,2026-02-10,412.9,
2026-01-07 15:26:48+05:30,NIFTY2621026400CE,26400.0,2026-02-10,412.9,
2026-01-07 15:26:49+05:30,NIFTY2621026400CE,26400.0,2026-02-10,412.9,
2026-01-07 15:26:50+05:30,NIFTY2621026400CE,26400.0,2026-02-10,412.9,
2026-01-07 15:26:51+05:30,NIFTY2621026400CE,26400.0,2026-02-10,412.9,
2026-01-07 15:26:52+05:30,NIFTY2621026400CE,26400.0,2026-02-10,412.9,
2026-01-07 15:26:53+05:30,NIFTY2621026400CE,26400.0,2026-02-10,412.9,
2026-01-07 15:26:54+05:30,NIFTY2621026400CE,26400.0,2026-02-10,412.9,
2026-01-07 15:26:55+05:30,NIFTY2621026400CE,26400.0,2026-02-10,412.9,
2026-01-07 15:26:56+05:30,NIFTY2621026400CE,26400.0,2026-02-10,412.9,
2026-01-07 15:26:57+05:30,NIFTY2621026400CE,26400.0,2026-02-10,412.9,
2026-01-07 15:26:58+05:30,NIFTY2621026400CE,26400.0,2026-02-10,412.9,
2026-01-07 15:26:59+05:30,NIFTY2621026400CE,26400.0,2026-02-10,412.9,
2026-01-07 15:27:00+05:30,NIFTY2621026400CE,26400.0,2026-02-10,412.9,
2026-01-07 15:27:01+05:30,NIFTY2621026400CE,26400.0,2026-02-10,412.9,
2026-01-07 15:27:02+05:30,NIFTY2621026400CE,26400.0,2026-02-10,412.9,
2026-01-07 15:27:03+05:30,NIFTY2621026400CE,26400.0,2026-02-10,412.9,
2026-01-07 15:27:04+05:30,NIFTY2621026400CE,26400.0,2026-02-10,412.9,
2026-01-07 15:27:05+05:30,NIFTY2621026400CE,26400.0,2026-02-10,412.9,
2026-01-07 15:27:06+05:30,NIFTY2621026400CE,26400.0,2026-02-10,412.9,
2026-01-07 15:27:07+05:30,NIFTY2621026400CE,26400.0,2026-02-10,412.9,
2026-01-07 15:27:08+05:30,NIFTY2621026400CE,26400.0,2026-02-10,412.9,
2026-01-07 15:27:09+05:30,NIFTY2621026400CE,26400.0,2026-02-10,412.9,
2026-01-07 15:27:10+05:30,NIFTY2621026400CE,26400.0,2026-02-10,412.9,
2026-01-07 15:27:11+05:30,NIFTY2621026400CE,26400.0,2026-02-10,412.9,
2026-01-07 15:27:12+05:30,NIFTY2621026400CE,26400.0,2026-02-10,412.9,
2026-01-07 15:27:13+05:30,NIFTY2621026400CE,26400.0,2026-02-10,412.9,
2026-01-07 15:27:14+05:30,NIFTY2621026400CE,26400.0,2026-02-10,412.9,
2026-01-07 15:27:15+05:30,NIFTY2621026400CE,26400.0,2026-02-10,412.9,
2026-01-07 15:27:16+05:30,NIFTY2621026400CE,26400.0,2026-02-10,412.9,
2026-01-07 15:27:17+05:30,NIFTY2621026400CE,26400.0,2026-02-10,412.9,
2026-01-07 15:27:18+05:30,NIFTY2621026400CE,26400.0,2026-02-10,412.9,
2026-01-07 15:27:19+05:30,NIFTY2621026400CE,26400.0,2026-02-10,412.9,
2026-01-07 15:27:20+05:30,NIFTY2621026400CE,26400.0,2026-02-10,412.9,
2026-01-07 15:27:21+05:30,NIFTY2621026400CE,26400.0,2026-02-10,412.9,
2026-01-07 15:27:22+05:30,NIFTY2621026400CE,26400.0,2026-02-10,412.9,
2026-01-07 15:27:23+05:30,NIFTY2621026400CE,26400.0,2026-02-10,412.9,
2026-01-07 15:27:24+05:30,NIFTY2621026400CE,26400.0,2026-02-10,412.9,
2026-01-07 15:27:25+05:30,NIFTY2621026400CE,26400.0,2026-02-10,412.9,
2026-01-07 15:27:26+05:30,NIFTY2621026400CE,26400.0,2026-02-10,412.9,
2026-01-07 15:27:27+05:30,NIFTY2621026400CE,26400.0,2026-02-10,412.9,
2026-01-07 15:27:28+05:30,NIFTY2621026400CE,26400.0,2026-02-10,412.9,
2026-01-07 15:27:29+05:30,NIFTY2621026400CE,26400.0,2026-02-10,412.9,
2026-01-07 15:27:30+05:30,NIFTY2621026400CE,26400.0,2026-02-10,412.9,
2026-01-07 15:27:31+05:30,NIFTY2621026400CE,26400.0,2026-02-10,412.9,
2026-01-07 15:27:32+05:30,NIFTY2621026400CE,26400.0,2026-02-10,412.9,
2026-01-07 15:27:33+05:30,NIFTY2621026400CE,26400.0,2026-02-10,412.9,
2026-01-07 15:27:34+05:30,NIFTY2621026400CE,26400.0,2026-02-10,412.9,
2026-01-07 15:27:35+05:30,NIFTY2621026400CE,26400.0,2026-02-10,412.9,
2026-01-07 15:27:36+05:30,NIFTY2621026400CE,26400.0,2026-02-10,412.9,
2026-01-07 15:27:37+05:30,NIFTY2621026400CE,26400.0,2026-02-10,412.9,
2026-01-07 15:27:38+05:30,NIFTY2621026400CE,26400.0,2026-02-10,412.9,
2026-01-07 15:27:39+05:30,NIFTY2621026400CE,26400.0,2026-02-10,412.9,
2026-01-07 15:27:40+05:30,NIFTY2621026400CE,26400.0,2026-02-10,412.9,
2026-01-07 15:27:41+05:30,NIFTY2621026400CE,26400.0,2026-02-10,412.9,
2026-01-07 15:27:42+05:30,NIFTY2621026400CE,26400.0,2026-02-10,412.9,
2026-01-07 15:27:43+05:30,NIFTY2621026400CE,26400.0,2026-02-10,412.9,
2026-01-07 15:27:44+05:30,NIFTY2621026400CE,26400.0,2026-02-10,412.9,
2026-01-07 15:27:45+05:30,NIFTY2621026400CE,26400.0,2026-02-10,412.9,
2026-01-07 15:27:46+05:30,NIFTY2621026400CE,26400.0,2026-02-10,412.9,
2026-01-07 15:27:47+05:30,NIFTY2621026400CE,26400.0,2026-02-10,412.9,
2026-01-07 15:27:48+05:30,NIFTY2621026400CE,26400.0,2026-02-10,412.9,
2026-01-07 15:27:49+05:30,NIFTY2621026400CE,26400.0,2026-02-10,412.9,
2026-01-07 15:27:50+05:30,NIFTY2621026400CE,26400.0,2026-02-10,412.9,
2026-01-07 15:27:51+05:30,NIFTY2621026400CE,26400.0,2026-02-10,412.9,
2026-01-07 15:27:52+05:30,NIFTY2621026400CE,26400.0,2026-02-10,412.9,
2026-01-07 15:27:53+05:30,NIFTY2621026400CE,26400.0,2026-02-10,412.9,
2026-01-07 15:27:54+05:30,NIFTY2621026400CE,26400.0,2026-02-10,412.9,
2026-01-07 15:27:55+05:30,NIFTY2621026400CE,26400.0,2026-02-10,412.9,
2026-01-07 15:27:56+05:30,NIFTY2621026400CE,26400.0,2026-02-10,412.9,
2026-01-07 15:27:57+05:30,NIFTY2621026400CE,26400.0,2026-02-10,412.9,
2026-01-07 15:27:58+05:30,NIFTY2621026400CE,26400.0,2026-02-10,412.9,
2026-01-07 15:27:59+05:30,NIFTY2621026400CE,26400.0,2026-02-10,412.9,
2026-01-07 15:28:00+05:30,NIFTY2621026400CE,26400.0,2026-02-10,412.9,
2026-01-07 15:28:01+05:30,NIFTY2621026400CE,26400.0,2026-02-10,412.9,
2026-01-07 15:28:02+05:30,NIFTY2621026400CE,26400.0,2026-02-10,412.9,
2026-01-07 15:28:03+05:30,NIFTY2621026400CE,26400.0,2026-02-10,412.9,
2026-01-07 15:28:04+05:30,NIFTY2621026400CE,26400.0,2026-02-10,412.9,
2026-01-07 15:28:05+05:30,NIFTY2621026400CE,26400.0,2026-02-10,412.9,
2026-01-07 15:28:06+05:30,NIFTY2621026400CE,26400.0,2026-02-10,412.9,
2026-01-07 15:28:07+05:30,NIFTY2621026400CE,26400.0,2026-02-10,412.9,
2026-01-07 15:28:08+05:30,NIFTY2621026400CE,26400.0,2026-02-10,412.9,
2026-01-07 15:28:09+05:30,NIFTY2621026400CE,26400.0,2026-02-10,412.9,
2026-01-07 15:28:10+05:30,NIFTY2621026400CE,26400.0,2026-02-10,412.9,
2026-01-07 15:28:11+05:30,NIFTY2621026400CE,26400.0,2026-02-10,412.9,
2026-01-07 15:28:12+05:30,NIFTY2621026400CE,26400.0,2026-02-10,412.9,
2026-01-07 15:28:13+05:30,NIFTY2621026400CE,26400.0,2026-02-10,412.9,
2026-01-07 15:28:14+05:30,NIFTY2621026400CE,26400.0,2026-02-10,412.9,
2026-01-07 15:28:15+05:30,NIFTY2621026400CE,26400.0,2026-02-10,412.9,
2026-01-07 15:28:16+05:30,NIFTY2621026400CE,26400.0,2026-02-10,412.9,
2026-01-07 15:28:17+05:30,NIFTY2621026400CE,26400.0,2026-02-10,412.9,
2026-01-07 15:28:18+05:30,NIFTY2621026400CE,26400.0,2026-02-10,412.9,
2026-01-07 15:28:19+05:30,NIFTY2621026400CE,26400.0,2026-02-10,412.9,
2026-01-07 15:28:20+05:30,NIFTY2621026400CE,26400.0,2026-02-10,412.9,
2026-01-07 15:28:21+05:30,NIFTY2621026400CE,26400.0,2026-02-10,412.9,
2026-01-07 15:28:22+05:30,NIFTY2621026400CE,26400.0,2026-02-10,412.9,
2026-01-07 15:28:23+05:30,NIFTY2621026400CE,26400.0,2026-02-10,412.9,
2026-01-07 15:28:24+05:30,NIFTY2621026400CE,26400.0,2026-02-10,412.9,
2026-01-07 15:28:25+05:30,NIFTY2621026400CE,26400.0,2026-02-10,412.9,
2026-01-07 15:28:26+05:30,NIFTY2621026400CE,26400.0,2026-02-10,412.9,
2026-01-07 15:28:27+05:30,NIFTY2621026400CE,26400.0,2026-02-10,412.9,
2026-01-07 15:28:28+05:30,NIFTY2621026400CE,26400.0,2026-02-10,412.9,
2026-01-07 15:28:29+05:30,NIFTY2621026400CE,26400.0,2026-02-10,412.9,
2026-01-07 15:28:30+05:30,NIFTY2621026400CE,26400.0,2026-02-10,412.9,
2026-01-07 15:28:31+05:30,NIFTY2621026400CE,26400.0,2026-02-10,412.9,
2026-01-07 15:28:32+05:30,NIFTY2621026400CE,26400.0,2026-02-10,412.9,
2026-01-07 15:28:33+05:30,NIFTY2621026400CE,26400.0,2026-02-10,412.9,
2026-01-07 15:28:34+05:30,NIFTY2621026400CE,26400.0,2026-02-10,412.9,
2026-01-07 15:28:35+05:30,NIFTY2621026400CE,26400.0,2026-02-10,412.9,
2026-01-07 15:28:36+05:30,NIFTY2621026400CE,26400.0,2026-02-10,412.9,
2026-01-07 15:28:37+05:30,NIFTY2621026400CE,26400.0,2026-02-10,412.9,
2026-01-07 15:28:38+05:30,NIFTY2621026400CE,26400.0,2026-02-10,412.9,
2026-01-07 15:28:39+05:30,NIFTY2621026400CE,26400.0,2026-02-10,412.9,
2026-01-07 15:28:40+05:30,NIFTY2621026400CE,26400.0,2026-02-10,412.9,
2026-01-07 15:28:41+05:30,NIFTY2621026400CE,26400.0,2026-02-10,412.9,
2026-01-07 15:28:42+05:30,NIFTY2621026400CE,26400.0,2026-02-10,412.9,
2026-01-07 15:28:43+05:30,NIFTY2621026400CE,26400.0,2026-02-10,412.9,
2026-01-07 15:28:44+05:30,NIFTY2621026400CE,26400.0,2026-02-10,412.9,
2026-01-07 15:28:45+05:30,NIFTY2621026400CE,26400.0,2026-02-10,412.9,
2026-01-07 15:28:46+05:30,NIFTY2621026400CE,26400.0,2026-02-10,412.9,
2026-01-07 15:28:47+05:30,NIFTY2621026400CE,26400.0,2026-02-10,412.9,
2026-01-07 15:28:48+05:30,NIFTY2621026400CE,26400.0,2026-02-10,412.9,
2026-01-07 15:28:49+05:30,NIFTY2621026400CE,26400.0,2026-02-10,412.9,
2026-01-07 15:28:50+05:30,NIFTY2621026400CE,26400.0,2026-02-10,412.9,
2026-01-07 15:28:51+05:30,NIFTY2621026400CE,26400.0,2026-02-10,412.9,
2026-01-07 15:28:52+05:30,NIFTY2621026400CE,26400.0,2026-02-10,412.9,
2026-01-07 15:28:53+05:30,NIFTY2621026400CE,26400.0,2026-02-10,412.9,
2026-01-07 15:28:54+05:30,NIFTY2621026400CE,26400.0,2026-02-10,412.9,
2026-01-07 15:28:55+05:30,NIFTY2621026400CE,26400.0,2026-02-10,412.9,
2026-01-07 15:28:56+05:30,NIFTY2621026400CE,26400.0,2026-02-10,412.9,
2026-01-07 15:28:57+05:30,NIFTY2621026400CE,26400.0,2026-02-10,412.9,
2026-01-07 15:28:58+05:30,NIFTY2621026400CE,26400.0,2026-02-10,412.9,
2026-01-07 15:28:59+05:30,NIFTY2621026400CE,26400.0,2026-02-10,412.9,
2026-01-07 15:29:00+05:30,NIFTY2621026400CE,26400.0,2026-02-10,412.9,
2026-01-07 15:29:01+05:30,NIFTY2621026400CE,26400.0,2026-02-10,412.9,
2026-01-07 15:29:02+05:30,NIFTY2621026400CE,26400.0,2026-02-10,412.9,
2026-01-07 15:29:03+05:30,NIFTY2621026400CE,26400.0,2026-02-10,412.9,
2026-01-07 15:29:04+05:30,NIFTY2621026400CE,26400.0,2026-02-10,412.9,
2026-01-07 15:29:05+05:30,NIFTY2621026400CE,26400.0,2026-02-10,412.9,
2026-01-07 15:29:06+05:30,NIFTY2621026400CE,26400.0,2026-02-10,412.9,
2026-01-07 15:29:07+05:30,NIFTY2621026400CE,26400.0,2026-02-10,412.9,
2026-01-07 15:29:08+05:30,NIFTY2621026400CE,26400.0,2026-02-10,412.9,
2026-01-07 15:29:09+05:30,NIFTY2621026400CE,26400.0,2026-02-10,412.9,
2026-01-07 15:29:10+05:30,NIFTY2621026400CE,26400.0,2026-02-10,412.9,
2026-01-07 15:29:11+05:30,NIFTY2621026400CE,26400.0,2026-02-10,412.9,
2026-01-07 15:29:12+05:30,NIFTY2621026400CE,26400.0,2026-02-10,412.9,
2026-01-07 15:29:13+05:30,NIFTY2621026400CE,26400.0,2026-02-10,412.9,
2026-01-07 15:29:14+05:30,NIFTY2621026400CE,26400.0,2026-02-10,412.9,
2026-01-07 15:29:15+05:30,NIFTY2621026400CE,26400.0,2026-02-10,412.9,
2026-01-07 15:29:16+05:30,NIFTY2621026400CE,26400.0,2026-02-10,412.9,
2026-01-07 15:29:17+05:30,NIFTY2621026400CE,26400.0,2026-02-10,412.9,
2026-01-07 15:29:18+05:30,NIFTY2621026400CE,26400.0,2026-02-10,412.9,
2026-01-07 15:29:19+05:30,NIFTY2621026400CE,26400.0,2026-02-10,412.9,
2026-01-07 15:29:20+05:30,NIFTY2621026400CE,26400.0,2026-02-10,412.9,
2026-01-07 15:29:21+05:30,NIFTY2621026400CE,26400.0,2026-02-10,412.9,
2026-01-07 15:29:22+05:30,NIFTY2621026400CE,26400.0,2026-02-10,412.9,
2026-01-07 15:29:23+05:30,NIFTY2621026400CE,26400.0,2026-02-10,412.9,
2026-01-07 15:29:24+05:30,NIFTY2621026400CE,26400.0,2026-02-10,412.9,
2026-01-07 15:29:25+05:30,NIFTY2621026400CE,26400.0,2026-02-10,412.9,
2026-01-07 15:29:26+05:30,NIFTY2621026400CE,26400.0,2026-02-10,412.9,
2026-01-07 15:29:27+05:30,NIFTY2621026400CE,26400.0,2026-02-10,412.9,
2026-01-07 15:29:28+05:30,NIFTY2621026400CE,26400.0,2026-02-10,412.9,
2026-01-07 15:29:29+05:30,NIFTY2621026400CE,26400.0,2026-02-10,412.9,
2026-01-07 15:29:30+05:30,NIFTY2621026400CE,26400.0,2026-02-10,412.9,
2026-01-07 15:29:31+05:30,NIFTY2621026400CE,26400.0,2026-02-10,412.9,
2026-01-07 15:29:32+05:30,NIFTY2621026400CE,26400.0,2026-02-10,412.9,
2026-01-07 15:29:33+05:30,NIFTY2621026400CE,26400.0,2026-02-10,412.9,
2026-01-07 15:29:34+05:30,NIFTY2621026400CE,26400.0,2026-02-10,412.9,
2026-01-07 15:29:35+05:30,NIFTY2621026400CE,26400.0,2026-02-10,412.9,
2026-01-07 15:29:36+05:30,NIFTY2621026400CE,26400.0,2026-02-10,412.9,
2026-01-07 15:29:37+05:30,NIFTY2621026400CE,26400.0,2026-02-10,412.9,
2026-01-07 15:29:38+05:30,NIFTY2621026400CE,26400.0,2026-02-10,412.9,
2026-01-07 15:29:39+05:30,NIFTY2621026400CE,26400.0,2026-02-10,412.9,
2026-01-07 15:29:40+05:30,NIFTY2621026400CE,26400.0,2026-02-10,412.9,
2026-01-07 15:29:41+05:30,NIFTY2621026400CE,26400.0,2026-02-10,412.9,
2026-01-07 15:29:42+05:30,NIFTY2621026400CE,26400.0,2026-02-10,412.9,
2026-01-07 15:29:43+05:30,NIFTY2621026400CE,26400.0,2026-02-10,412.9,
2026-01-07 15:29:44+05:30,NIFTY2621026400CE,26400.0,2026-02-10,412.9,
2026-01-07 15:29:45+05:30,NIFTY2621026400CE,26400.0,2026-02-10,412.9,
2026-01-07 15:29:46+05:30,NIFTY2621026400CE,26400.0,2026-02-10,412.9,
2026-01-07 15:29:47+05:30,NIFTY2621026400CE,26400.0,2026-02-10,412.9,
2026-01-07 15:29:48+05:30,NIFTY2621026400CE,26400.0,2026-02-10,412.9,
2026-01-07 15:29:49+05:30,NIFTY2621026400CE,26400.0,2026-02-10,412.9,
2026-01-07 15:29:50+05:30,NIFTY2621026400CE,26400.0,2026-02-10,412.9,
2026-01-07 15:29:51+05:30,NIFTY2621026400CE,26400.0,2026-02-10,412.9,
2026-01-07 15:29:52+05:30,NIFTY2621026400CE,26400.0,2026-02-10,412.9,
2026-01-07 15:29:53+05:30,NIFTY2621026400CE,26400.0,2026-02-10,412.9,
2026-01-07 15:29:54+05:30,NIFTY2621026400CE,26400.0,2026-02-10,412.9,
2026-01-07 15:29:55+05:30,NIFTY2621026400CE,26400.0,2026-02-10,412.9,
2026-01-07 15:29:56+05:30,NIFTY2621026400CE,26400.0,2026-02-10,412.9,
2026-01-07 15:29:57+05:30,NIFTY2621026400CE,26400.0,2026-02-10,412.9,
2026-01-07 15:29:58+05:30,NIFTY2621026400CE,26400.0,2026-02-10,412.9,
2026-01-07 15:29:59+05:30,NIFTY2621026400CE,26400.0,2026-02-10,412.9,
2026-01-07 15:30:00+05:30,NIFTY2621026400CE,26400.0,2026-02-10,412.9,
